TesterID:	Maccor#2						
Channel Number:	59						
TestName:	KAI_Zelltest_regulaer_fix_no_degass_flag.000						
TestDesc:	Regular cycling: formation, followed by pulse, C-rate quick charge and cycling t						
StartDateTime:	45007,4437107986						
Comment:							
							
							
Cycle	AH-IN	AH-OUT	WH-IN	WH-OUT	ACR	DCIR	Date
0		1,12544E-7		2,5277E-8	0	0	45007,6104956482
1	0,515318259753	0,438290374336	1,917893841624	1,609059917635	0	0	45008,0447645718
2	0,44164146451	0,438711716532	1,660052977134	1,610774811278	0	0	45008,4530928704
3	0,453462465219	1,56414E-7	1,708616365062	5,09316E-7	0	0	45008,9332829051
4	8,26530352737723E-14	1,49834E-7	3,10402794618011E-13	4,93347E-7	0,054732717574	0,140955522656	45009,2319654282
5	0,442860658187	0,441046213136	1,6779806769	1,619385624509	0,054732717574	0,140955522656	45009,4927687153
6	0,441305474066	0,439897205837	1,672158461884	1,615074344458	0,054732717574	0,140955522656	45009,759861875
7	0,440186237513	0,439063551009	1,667849819547	1,611942709671	0,054732717574	0,140955522656	45010,026413044
8	0,439184668324	0,381839012096	1,663955305649	1,376695745979	0,054732717574	0,140955522656	45010,2085791319
9	0,381858557846	0,374028440585	1,463128183455	1,347569287041	0,054732717574	0,140955522656	45010,3747210069
10	0,374090615278	0,367588375923	1,435450903234	1,323834168212	0,054732717574	0,140955522656	45010,5385612616
11	0,367646194838	0,152872409109	1,412408935776	0,543713780613	0,054732717574	0,140955522656	45010,6749001389
12	0,153267453109	0,153290899439	0,618034456291	0,546153404575	0,054732717574	0,140955522656	45010,7499781134
13	0,153570553174	0,152668343215	0,61908863513	0,54418945114	0,054732717574	0,140955522656	45010,8249449074
14	0,152799007791	0,431755946998	0,616021222823	1,584372820048	0,054732717574	0,140955522656	45011,0088215741
15	0,431437471442	0,432179322543	1,635339640178	1,586101481111	0,054732717574	0,140955522656	45011,3125498611
16	0,432157745921	1,65305E-7	1,637657665914	5,35831E-7	0,054732717574	0,140955522656	45011,5816250463
17	0,375801911897	0,369802059701	1,436663586636	1,336188915953	0,054732717574	0,140955522656	45011,7218282523
18	0,368788256154	0,361561888287	1,410154122583	1,306529834209	0,054732717574	0,140955522656	45011,8660637963
19	0,361487846303	0,355616396325	1,382741938369	1,285403961959	0,054732717574	0,140955522656	45012,008045625
20	0,331178359626	0,286046455971	1,295507714956	1,031220982505	0,054732717574	0,140955522656	45012,1137546181
21	0,286207217263	0,259893409075	1,121499546738	0,938672295662	0,054732717574	0,140955522656	45012,2104104282
22	0,260216116495	1,40731E-7	1,020903501411	4,32056E-7	0,054732717574	0,140955522656	45012,3088091088
23	0	0,169080384231	0	0,594654702068	0,061095431447	0,142856493592	45012,5347038194
24	0,336352744518	0,324916450751	1,310274961978	1,175955003759	0,061095431447	0,142856493592	45012,6264629745
25	0,32562353458	0,326153863325	1,272816090345	1,180579405262	0,061095431447	0,142856493592	45012,7163887269
26	0,326660580874	0,326903022593	1,276146944454	1,183338307582	0,061095431447	0,142856493592	45012,8061339468
27	0,327303577452	0,327353787877	1,278160561863	1,185028431577	0,061095431447	0,142856493592	45012,8957193403
28	0,327690553412	0,32754494951	1,279347678706	1,185760920776	0,061095431447	0,142856493592	45012,9852164236
29	0,327815349119	0,327557849741	1,279647409429	1,18583267567	0,061095431447	0,142856493592	45013,0746004282
30	0,32781068641	0,327494536881	1,279516532861	1,185658721547	0,061095431447	0,142856493592	45013,1639369329
31	0,327709621993	0,327369247385	1,279060709712	1,185291278105	0,061095431447	0,142856493592	45013,2531922107
32	0,327559239411	0,327227197969	1,27842672541	1,184840464963	0,061095431447	0,142856493592	45013,3423922106
33	0,327411918887	0,327043784952	1,277830126851	1,184220496329	0,061095431447	0,142856493592	45013,4315659028
34	0,327216988956	0,32682030259	1,277072753372	1,183450588966	0,061095431447	0,142856493592	45013,5207038426
35	0,326982166639	0,326609757547	1,276159855061	1,182735535211	0,061095431447	0,142856493592	45013,6097710301
36	0,326713974804	0,326335905363	1,275115635522	1,181767273621	0,061095431447	0,142856493592	45013,6987620718
37	0,326468927222	0,326084078521	1,274197677448	1,18089110221	0,061095431447	0,142856493592	45013,7877061343
38	0,326214167522	0,325850310306	1,273258777315	1,180087933435	0,061095431447	0,142856493592	45013,8766403704
39	0,325953258034	0,325602368368	1,272283214987	1,1792158455	0,061095431447	0,142856493592	45013,9654820255
40	0,325710799025	0,32535302832	1,271389839698	1,178337012832	0,061095431447	0,142856493592	45014,0543448611
41	0,325425333135	0,32508047358	1,270318054542	1,17738331192	0,061095431447	0,142856493592	45014,1430585417
42	0,325171620833	0,324835078625	1,269359677792	1,17650667752	0,061095431447	0,142856493592	45014,2317314352
43	0,324925329038	0,324592277706	1,268428571563	1,175653559035	0,061095431447	0,142856493592	45014,3203461574
44	0,324644933057	0,324326192156	1,267365118005	1,174731501177	0,061095431447	0,142856493592	45014,4088289931
45	0,324416001023	0,324128538866	1,266513734303	1,174041701228	0,061095431447	0,142856493592	45014,4973241667
46	0,324213439607	0,323924470855	1,265758933268	1,173306662816	0,061095431447	0,142856493592	45014,5857773264
47	0,323999092072	0,323713953998	1,264951483146	1,172553654647	0,061095431447	0,142856493592	45014,6741944444
48	0,323771700671	0,32347625086	1,264099723585	1,17172630772	0,061095431447	0,142856493592	45014,7625949306
49	0,323529474965	0,323252855816	1,26319593394	1,170912034938	0,061095431447	0,142856493592	45014,8509197685
50	0,323304513503	0,32303453397	1,262357173818	1,170132049293	0,061095431447	0,142856493592	45014,939129375
51	0,323113404058	0,322855002253	1,261658484769	1,169488182723	0,061095431447	0,142856493592	45015,0273746181
52	0,322895337831	0,322657330102	1,260833616192	1,168804682625	0,061095431447	0,142856493592	45015,1155412384
53	0,322704796483	0,322454606579	1,260123462305	1,168056672672	0,061095431447	0,142856493592	45015,2037286111
54	0,322475690304	0,322249274187	1,259255391851	1,167318349321	0,061095431447	0,142856493592	45015,2917846296
55	0,32228635442	0,322043830319	1,258537270588	1,166567265821	0,061095431447	0,142856493592	45015,3798083102
56	0,322081350257	0,321853980112	1,257781442899	1,165876580573	0,061095431447	0,142856493592	45015,4677573032
57	0,321920060397	0,32172094963	1,257182416371	1,165405470739	0,061095431447	0,142856493592	45015,5557079514
58	0,32176586329	0,321568462409	1,256590698118	1,164882148601	0,061095431447	0,142856493592	45015,643672662
59	0,321608474122	0,321431586229	1,256011380332	1,164379518262	0,061095431447	0,142856493592	45015,7316215972
60	0,321461632196	0,321283038803	1,2554495862	1,163834248904	0,061095431447	0,142856493592	45015,8194912963
61	0,321327680072	0,321139688558	1,254942512406	1,163334713186	0,061095431447	0,142856493592	45015,9073956944
62	0,321161395991	0,320979470099	1,254313693262	1,162741687147	0,061095431447	0,142856493592	45015,9952451273
63	0,320988813273	0,320807753969	1,253654482462	1,162099683593	0,061095431447	0,142856493592	45016,0829924421
64	0,320842139683	0,320646318392	1,253099477957	1,161520509604	0,061095431447	0,142856493592	45016,170663206
65	0,320653639743	0,320475782718	1,252373759561	1,160914868657	0,061095431447	0,142856493592	45016,258273125
66	0,32049553654	0,320320809123	1,251792042473	1,160367152997	0,061095431447	0,142856493592	45016,3459528356
67	0,32033212093	0,320169643716	1,2511846644	1,159831300574	0,061095431447	0,142856493592	45016,4335978588
68	0,320195325343	0,320063817314	1,250669121932	1,159452848741	0,061095431447	0,142856493592	45016,5211831944
69	0,320058310921	0,319915238521	1,250132948866	1,158913341435	0,061095431447	0,142856493592	45016,6086621991
70	0,319980751967	0,319857108854	1,249827138502	1,158723598472	0,061095431447	0,142856493592	45016,6962102199
71	0,319849139079	0,319725382594	1,249305214273	1,158261118402	0,061095431447	0,142856493592	45016,7836946644
72	0,31973501821	0,319627211982	1,248868777673	1,157908939045	0,061095431447	0,142856493592	45016,8711511921
73	0,319634506952	1,81845E-7	1,248479696954	5,97308E-7	0,061095431447	0,142856493592	45016,9655363426
74	0	0,163663640259	0	0,575542821616	0,058675091714	0,135041370988	45017,1832403125
75	0,329019089192	0,320798689474	1,28064494681	1,162797637752	0,058675091714	0,135041370988	45017,2715140856
76	0,320837296537	0,320573984271	1,25237900485	1,161899202353	0,058675091714	0,135041370988	45017,3588839236
77	0,320607852993	0,320359522108	1,251531304714	1,161029154494	0,058675091714	0,135041370988	45017,4462574884
78	0,320356658572	0,320130900424	1,250625445026	1,160152108428	0,058675091714	0,135041370988	45017,533513588
79	0,320173403745	0,319984983697	1,249981993096	1,159601031896	0,058675091714	0,135041370988	45017,6207971065
80	0,319994601089	0,3198248303	1,249348240912	1,158994341737	0,058675091714	0,135041370988	45017,7081060764
81	0,319830168265	0,319663319489	1,248756689556	1,15836490191	0,058675091714	0,135041370988	45017,7953550231
82	0,319653618497	0,319492929409	1,248116535772	1,157706464935	0,058675091714	0,135041370988	45017,8826054861
83	0,319481139969	0,319335289515	1,247485909028	1,157082175993	0,058675091714	0,135041370988	45017,9698033449
84	0,319348730248	0,319222931827	1,246998188499	1,156698644178	0,058675091714	0,135041370988	45018,0569754282
85	0,319233246031	0,319105393065	1,246568118574	1,156269050876	0,058675091714	0,135041370988	45018,1441819907
86	0,319102715354	0,318976178821	1,246093262022	1,15579232123	0,058675091714	0,135041370988	45018,2313239583
87	0,318978135696	0,318850903522	1,245631021681	1,15531551812	0,058675091714	0,135041370988	45018,3184612153
88	0,318811549267	0,318708776543	1,245019282122	1,154803728982	0,058675091714	0,135041370988	45018,4055091088
89	0,318719750102	0,31861841749	1,244696401661	1,154463672917	0,058675091714	0,135041370988	45018,4926285417
90	0,318616325945	0,318506054291	1,244322984353	1,154031519853	0,058675091714	0,135041370988	45018,5797316551
91	0,318470730784	0,318366565216	1,243766655811	1,153529442519	0,058675091714	0,135041370988	45018,6667064352
92	0,318376784251	0,318277415228	1,2434267355	1,153184236834	0,058675091714	0,135041370988	45018,753735544
93	0,318241680125	0,318146959069	1,242910506418	1,152695980138	0,058675091714	0,135041370988	45018,8406658565
94	0,318126500829	0,318038447289	1,242482623367	1,152296927308	0,058675091714	0,135041370988	45018,9275310185
95	0,318050125714	0,317966119526	1,242209388075	1,152039593247	0,058675091714	0,135041370988	45019,0144747569
96	0,317949134047	0,317860232512	1,241835165326	1,151642654598	0,058675091714	0,135041370988	45019,1013855787
97	0,317847216395	0,317768461361	1,241456629382	1,151313188759	0,058675091714	0,135041370988	45019,18827625
98	0,317777301296	0,317701362145	1,241196481504	1,151051497766	0,058675091714	0,135041370988	45019,2752047685
99	0,317665133173	0,317588981355	1,240748883322	1,150659925736	0,058675091714	0,135041370988	45019,3620160532
100	0,317572301265	0,317501167592	1,240416057167	1,150337451916	0,058675091714	0,135041370988	45019,4488198032
101	0,317473612566	0,317403006941	1,240027293035	1,149981633908	0,058675091714	0,135041370988	45019,5355492361
102	0,317391626084	0,317335821257	1,239736116761	1,14972381412	0,058675091714	0,135041370988	45019,6222551042
103	0,317343896838	0,317275108364	1,239532289862	1,149510839238	0,058675091714	0,135041370988	45019,7089708912
104	0,317250460089	0,317165301899	1,239179611918	1,149108269264	0,058675091714	0,135041370988	45019,79563375
105	0,317155218358	0,317080101666	1,238831142938	1,148788915003	0,058675091714	0,135041370988	45019,8823227546
106	0,317052262901	0,316990959945	1,238428477258	1,148488795202	0,058675091714	0,135041370988	45019,9689477662
107	0,316993704926	0,316928929477	1,238220162296	1,148266701817	0,058675091714	0,135041370988	45020,0556787384
108	0,316879054915	0,316825624416	1,237778409222	1,147889518903	0,058675091714	0,135041370988	45020,1422094907
109	0,316792793548	0,316727483897	1,237466999767	1,147542463022	0,058675091714	0,135041370988	45020,2287246875
110	0,316727354149	0,318067920089	1,237242966432	1,153153488032	0,058675091714	0,135041370988	45020,3170012847
111	0,318037759737	0,316607252557	1,241773722701	1,147092750592	0,058675091714	0,135041370988	45020,4036630324
112	0,316611867234	0,316560797735	1,236798015031	1,146959740214	0,058675091714	0,135041370988	45020,4902396991
113	0,31658462	0,316578930751	1,236693159377	1,147075783023	0,058675091714	0,135041370988	45020,5768616435
114	0,31652573396	0,316414801321	1,236408699486	1,146420901451	0,058675091714	0,135041370988	45020,6634056019
115	0,31639416427	0,316368352223	1,235975111558	1,146265497699	0,058675091714	0,135041370988	45020,7499413773
116	0,316354238364	0,316301181161	1,235782883115	1,146019668152	0,058675091714	0,135041370988	45020,8364612037
117	0,316261743577	0,316230243451	1,235407223824	1,145750461566	0,058675091714	0,135041370988	45020,9228688426
118	0,316254711842	0,316196605149	1,235407273329	1,14565300077	0,058675091714	0,135041370988	45021,0094011111
119	0,316149867375	0,31611258601	1,234990586777	1,145350237208	0,058675091714	0,135041370988	45021,095826794
120	0,316087480477	0,316059681497	1,23474710688	1,145174469821	0,058675091714	0,135041370988	45021,1822546065
121	0,316020159756	0,31601582749	1,234474683818	1,14504282054	0,058675091714	0,135041370988	45021,2685773727
122	0,315998955659	0,315957594613	1,234390110933	1,144849014664	0,058675091714	0,135041370988	45021,3548970139
123	0,315947202074	0,315890482044	1,234190797684	1,144579518959	0,058675091714	0,135041370988	45021,4412420255
124	0,315894587018	1,51751E-7	1,233997834285	4,97977E-7	0,058675091714	0,135041370988	45021,5346713889
125	6,35792579029017E-15	0,160888892695	2,39037054317479E-14	0,565765305872	0,059754475951	0,134974837303	45021,7503986111
126	0,325144485807	0,316988374388	1,265819823729	1,149118817062	0,059754475951	0,134974837303	45021,8376421528
127	0,316989064893	0,316863074931	1,237664210648	1,148654582144	0,059754475951	0,134974837303	45021,923957338
128	0,316837273673	0,316722269339	1,237060920787	1,148101861691	0,059754475951	0,134974837303	45022,0102322106
129	0,316697638232	0,316600873011	1,236550294039	1,147604750066	0,059754475951	0,134974837303	45022,0965152431
130	0,31657609965	0,316513068361	1,236095478244	1,14725625927	0,059754475951	0,134974837303	45022,1827631829
131	0,316498774673	0,316403225234	1,235818011459	1,14682241059	0,059754475951	0,134974837303	45022,2690488426
132	0,316373145662	0,316303804652	1,235344017515	1,146464042725	0,059754475951	0,134974837303	45022,3552831366
133	0,316305766612	0,316252139724	1,235109733091	1,146270642748	0,059754475951	0,134974837303	45022,4415445602
134	0,316209428975	0,316156508892	1,234733675704	1,145924579691	0,059754475951	0,134974837303	45022,5276901157
135	0,31614196776	0,316088060735	1,234502363104	1,145656245031	0,059754475951	0,134974837303	45022,6138518634
136	0,316090555359	0,316036444338	1,23432374786	1,145458057988	0,059754475951	0,134974837303	45022,700073669
137	0,315984696426	0,315930498404	1,233905844914	1,145044306924	0,059754475951	0,134974837303	45022,7861969676
138	0,315912615414	0,315856871294	1,23365215843	1,144768460866	0,059754475951	0,134974837303	45022,8723329745
139	0,315819754389	0,315788434368	1,233325783729	1,144513784273	0,059754475951	0,134974837303	45022,9584446643
140	0,315747869807	0,315726385465	1,233052142981	1,144312643458	0,059754475951	0,134974837303	45023,0445156134
141	0,31571191959	0,315687691974	1,232914464892	1,144175755056	0,059754475951	0,134974837303	45023,1306056366
142	0,315646927941	0,315614064865	1,232664151726	1,143910969612	0,059754475951	0,134974837303	45023,2166709491
143	0,315640798086	0,329268005251	1,237415782417	1,190843144189	0,059754475951	0,134974837303	45025,5113919097
144	0,32928955105	0,328137817399	1,283108509588	1,187162281727	0,059754475951	0,134974837303	45025,6007625463
145	0,328169804088	0,327224672813	1,278764755997	1,184132472104	0,059754475951	0,134974837303	45025,6897718981
146	0,327255291484	0,326484501745	1,27530057631	1,181631851024	0,059754475951	0,134974837303	45025,7785071296
147	0,326481152709	0,325847771163	1,272375612747	1,17942954588	0,059754475951	0,134974837303	45025,8669129745
148	0,325873413005	0,325337497814	1,270104414943	1,177687831514	0,059754475951	0,134974837303	45025,9552654514
149	0,325326809	0,32488418767	1,268042507693	1,176158873495	0,059754475951	0,134974837303	45026,0434327546
150	0,324880663603	0,324490232151	1,266369601502	1,174805757128	0,059754475951	0,134974837303	45026,1315397801
151	0,324462327909	0,324102786937	1,264785785715	1,173476883348	0,059754475951	0,134974837303	45026,2194483565
152	0,324076271308	0,323752709158	1,263342819638	1,172232534879	0,059754475951	0,134974837303	45026,3071756482
153	0,32374893007	0,323451791287	1,262114054163	1,171175886843	0,059754475951	0,134974837303	45026,3948710301
154	0,323468121006	0,323181767636	1,26107298539	1,17021860829	0,059754475951	0,134974837303	45026,4825666782
155	0,323142998543	0,322913121113	1,25984543635	1,169295255937	0,059754475951	0,134974837303	45026,5700654745
156	0,322898499333	0,322687131396	1,258907560732	1,16856121514	0,059754475951	0,134974837303	45026,6574761111
157	0,3226638024	0,322463620421	1,258047517103	1,167760514175	0,059754475951	0,134974837303	45026,7448632986
158	0,322433892795	0,322236288336	1,257200491695	1,166957235846	0,059754475951	0,134974837303	45026,8321775231
159	0,322219300709	0,322034838307	1,256399235377	1,166265128644	0,059754475951	0,134974837303	45026,9194267245
160	0,321998448378	0,321825564848	1,255578239018	1,165517841868	0,059754475951	0,134974837303	45027,0066472222
161	0,321822923355	0,321648621656	1,254937438968	1,16491888408	0,059754475951	0,134974837303	45027,0938927778
162	0,32159426138	0,321447072017	1,254086613615	1,164214737728	0,059754475951	0,134974837303	45027,180982581
163	0,321442643099	0,321298561892	1,253525654483	1,163718780536	0,059754475951	0,134974837303	45027,2680896991
164	0,321259702849	0,321120320833	1,252845725894	1,163101685157	0,059754475951	0,134974837303	45027,3551196528
165	0,32108070359	0,320934307211	1,25220090097	1,162445989989	0,059754475951	0,134974837303	45027,4420427083
166	0,320922182592	0,320775499577	1,251602739542	1,161870568301	0,059754475951	0,134974837303	45027,529006331
167	0,32075387563	0,320635993122	1,25097303983	1,161402137538	0,059754475951	0,134974837303	45027,6159356134
168	0,320603713659	0,32048741433	1,250405281975	1,160893373054	0,059754475951	0,134974837303	45027,7028235185
169	0,320463651004	0,320353133878	1,249894136899	1,160431336394	0,059754475951	0,134974837303	45027,7897017477
170	0,320303051728	0,320203256375	1,249299369836	1,159920639839	0,059754475951	0,134974837303	45027,8764975231
171	0,320174237573	0,320063744622	1,248840229918	1,159432274833	0,059754475951	0,134974837303	45027,9633162963
172	0,31999998619	0,319897140264	1,248193445237	1,15883786217	0,059754475951	0,134974837303	45028,0500195139
173	0,319877183466	0,319791162967	1,247737779728	1,158487957921	0,059754475951	0,134974837303	45028,1367364468
174	0,319748296985	0,319650440451	1,24725553759	1,15800675421	0,059754475951	0,134974837303	45028,223390706
175	0,319650117785	1,79514E-7	1,246910155826	5,82237E-7	0,059754475951	0,134974837303	45028,317078044
176	0	0,162483355352	0	0,571351557768	0,062117338181	0,135534211993	45028,5338583102
177	0,326799426781	0,320239435516	1,271300220947	1,160772864455	0,062117338181	0,135534211993	45028,6211065856
178	0,32023059643	0,320036665793	1,24865136395	1,159991848804	0,062117338181	0,135534211993	45028,7076050579
179	0,320031808918	0,319894548561	1,247923603484	1,159423347281	0,062117338181	0,135534211993	45028,7941155324
180	0,319895666269	0,31976796353	1,247451423895	1,158931057239	0,062117338181	0,135534211993	45028,8806908333
181	0,319697277412	0,319587151327	1,246721545264	1,158227448173	0,062117338181	0,135534211993	45028,9671073264
182	0,319572559563	0,319464504608	1,246290361757	1,157767429294	0,062117338181	0,135534211993	45029,0535681134
183	0,319430419586	0,319343035376	1,245784238122	1,157328974568	0,062117338181	0,135534211993	45029,1400174074
184	0,319310510579	0,319239743244	1,245360513277	1,156958045692	0,062117338181	0,135534211993	45029,2264422917
185	0,319187567433	0,319120870374	1,244902171366	1,15652585908	0,062117338181	0,135534211993	45029,3128135069
186	0,319088312867	0,319020113784	1,244550481598	1,156164958037	0,062117338181	0,135534211993	45029,3991900694
187	0,318978147569	0,318907775593	1,244141430157	1,155744388799	0,062117338181	0,135534211993	45029,4854625579
188	0,318872494478	0,318810838631	1,243757212815	1,155397351362	0,062117338181	0,135534211993	45029,5717383102
189	0,318820316033	0,318755306598	1,243583333246	1,155201238764	0,062117338181	0,135534211993	45029,6581674074
190	0,31873715949	0,318722989685	1,243248340388	1,155147650525	0,062117338181	0,135534211993	45029,7444243171
191	0,318679712553	0,318639057435	1,243001733851	1,154831313379	0,062117338181	0,135534211993	45029,8306292245
192	0,318628553308	0,318562854304	1,242832688214	1,154546603606	0,062117338181	0,135534211993	45029,9168778935
193	0,318520624888	0,318458285711	1,242439964087	1,154146481111	0,062117338181	0,135534211993	45030,0031511921
194	0,318411807836	0,318357524455	1,242037457956	1,153798639155	0,062117338181	0,135534211993	45030,0893496412
195	0,318329310474	0,318289074814	1,241750279848	1,153556998738	0,062117338181	0,135534211993	45030,175596088
196	0,318242842399	0,318208984025	1,24143537286	1,153281367907	0,062117338181	0,135534211993	45030,2618165046
197	0,318142367323	0,318117283661	1,241059069873	1,152950150587	0,062117338181	0,135534211993	45030,347955625
198	0,318106197174	0,318081086081	1,24094019399	1,152850451232	0,062117338181	0,135534211993	45030,4341453125
199	0,318051024577	0,318015218605	1,240688979081	1,152632548386	0,062117338181	0,135534211993	45030,5202974537
200	0,317973639735	0,317933838214	1,240381102242	1,152331104541	0,062117338181	0,135534211993	45030,6063900926
201	0,317905241777	0,317887358174	1,240132496265	1,152180125411	0,062117338181	0,135534211993	45030,6924697685
202	0,317839015566	0,317816308144	1,239888752467	1,151930253451	0,062117338181	0,135534211993	45030,7785191551
203	0,317811339064	0,317791734972	1,239784334005	1,15186122447	0,062117338181	0,135534211993	45030,8646213079
204	0,317720279314	0,317692319902	1,239442677743	1,151495415255	0,062117338181	0,135534211993	45030,9506082639
205	0,317672560623	0,317643225269	1,239267446695	1,151295672065	0,062117338181	0,135534211993	45031,0366416551
206	0,31759982427	0,317568335262	1,239009925026	1,151026807497	0,062117338181	0,135534211993	45031,1226552083
207	0,317536671016	0,31751024226	1,238797847566	1,150822726748	0,062117338181	0,135534211993	45031,2087228704
208	0,317471663694	0,317439142847	1,238573061429	1,150552818044	0,062117338181	0,135534211993	45031,294792419
209	0,317379872562	0,317357700361	1,238229664424	1,150260351355	0,062117338181	0,135534211993	45031,3808133102
210	0,317324161118	0,317337089027	1,238011129377	1,150237024558	0,062117338181	0,135534211993	45031,4667689815
211	0,317317312015	0,317310010408	1,237957601819	1,15016709805	0,062117338181	0,135534211993	45031,5527529861
212	0,317264239491	0,317257079192	1,237760127036	1,149965825752	0,062117338181	0,135534211993	45031,6387343519
213	0,317209940812	0,317198890184	1,237553702316	1,149744454242	0,062117338181	0,135534211993	45031,7246825231
214	0,317181318388	0,317173061533	1,237443920666	1,149652601503	0,062117338181	0,135534211993	45031,8106928935
215	0,31711622946	0,317090393027	1,23717557033	1,149338978675	0,062117338181	0,135534211993	45031,8965665972
216	0,317087223651	0,317077540905	1,237096151017	1,149307117332	0,062117338181	0,135534211993	45031,982538588
217	0,317027558319	0,317072366402	1,236878965766	1,149422266434	0,062117338181	0,135534211993	45032,0684605556
218	0,317007270515	0,316969029339	1,236781652021	1,148913730166	0,062117338181	0,135534211993	45032,1543540394
219	0,316920475272	0,316926376133	1,236469601344	1,148772210408	0,062117338181	0,135534211993	45032,240204456
220	0,316904720994	0,316917331348	1,236407399676	1,148820336813	0,062117338181	0,135534211993	45032,3260041782
221	0,316867366921	0,316833351626	1,236272773109	1,148417915751	0,062117338181	0,135534211993	45032,411937419
222	0,31675874088	0,316782969302	1,235840904083	1,148278021012	0,062117338181	0,135534211993	45032,4976761574
223	0,316762650172	0,316781750489	1,235850229147	1,148293941984	0,062117338181	0,135534211993	45032,5834962268
224	0,316745195854	0,316753288173	1,235784426318	1,148187621425	0,062117338181	0,135534211993	45032,6693847338
225	0,316703901557	0,316704139076	1,23563356319	1,148002418144	0,062117338181	0,135534211993	45032,7551575579
226	0,316675132298	1,47936E-7	1,235509856399	4,80831E-7	0,062117338181	0,135534211993	45032,8479072801
227	5,08634063223214E-14	0,160638479008	1,91258748172638E-13	0,564789901049	0,06203501299	0,139052674174	45033,0631897338
228	0,324431176448	0,317594168151	1,262111173361	1,151701218626	0,06203501299	0,139052674174	45033,1498355787
229	0,317574012505	0,317393907053	1,238525077311	1,150901853057	0,06203501299	0,139052674174	45033,2356292593
230	0,317362307408	0,317344851628	1,237717719803	1,150641985776	0,06203501299	0,139052674174	45033,3213357407
231	0,317286165326	0,317158856656	1,237417616589	1,149876446609	0,06203501299	0,139052674174	45033,4070690741
232	0,31714730658	0,317131783762	1,237027903948	1,149779107429	0,06203501299	0,139052674174	45033,4928908333
233	0,317098416124	0,317068413468	1,236732204625	1,149525236126	0,06203501299	0,139052674174	45033,5786596759
234	0,317009783234	0,316987048972	1,236514804638	1,149185775986	0,06203501299	0,139052674174	45033,6644891088
235	0,316920225576	0,31691349434	1,236173762597	1,148922778714	0,06203501299	0,139052674174	45033,7502440394
236	0,316906482114	0,316947075632	1,236135930374	1,149169435782	0,06203501299	0,139052674174	45033,8359304167
237	0,316906357971	0,316961207394	1,235990163629	1,149289453925	0,06203501299	0,139052674174	45033,9216105324
238	0,316933831323	0,316886305306	1,236190922541	1,148885993918	0,06203501299	0,139052674174	45034,0073231019
239	0,316816846589	0,316810124003	1,235700330934	1,148706771026	0,06203501299	0,139052674174	45034,0930523843
240	0,31679274637	0,316788146984	1,235680381725	1,148469535805	0,06203501299	0,139052674174	45034,1788024074
241	0,316712321244	0,316711893628	1,235328745849	1,148319106389	0,06203501299	0,139052674174	45034,2645460417
242	0,316713872259	0,316638346625	1,235408629359	1,147924185867	0,06203501299	0,139052674174	45034,350302963
243	0,316554133692	0,316575033976	1,234882014325	1,147655363387	0,06203501299	0,139052674174	45034,4360833102
244	0,316517733347	0,316606106431	1,234699114004	1,14797146909	0,06203501299	0,139052674174	45034,5216955671
245	0,316590994641	0,316572436764	1,234948981907	1,147729283252	0,06203501299	0,139052674174	45034,6073262732
246	0,316485028601	0,316482080676	1,23451813502	1,147458536712	0,06203501299	0,139052674174	45034,6929259028
247	0,316453411332	0,316502709179	1,234427353309	1,147405468645	0,06203501299	0,139052674174	45034,7785541782
248	0,316483444411	0,316501407288	1,234492640677	1,147555045936	0,06203501299	0,139052674174	45034,8642274421
249	0,316451296367	0,31650919829	1,234383574777	1,147515078072	0,06203501299	0,139052674174	45034,9497877662
250	0,316455658059	0,316383924687	1,234383669027	1,147103967941	0,06203501299	0,139052674174	45035,0353863542
251	0,316351311242	0,316398053483	1,234029699648	1,147049519518	0,06203501299	0,139052674174	45035,1210102199
252	0,316362468722	0,316382616016	1,234058384312	1,147112517598	0,06203501299	0,139052674174	45035,2066701157
253	0,316298458764	0,316368373626	1,233798170444	1,146977740285	0,06203501299	0,139052674174	45035,2921824653
254	0,316318046445	0,316218514348	1,233884366483	1,146375991397	0,06203501299	0,139052674174	45035,3778042477
255	0,316204477384	0,316252132728	1,233544783764	1,146547160738	0,06203501299	0,139052674174	45035,4635193519
256	0,316169900885	0,316235336359	1,233301864141	1,146499116154	0,06203501299	0,139052674174	45035,5490469097
257	0,316178952615	0,316150143334	1,233338989204	1,146157869364	0,06203501299	0,139052674174	45035,6346306482
258	0,316090676895	0,316120428508	1,233010066293	1,146045898931	0,06203501299	0,139052674174	45035,7201266319
259	0,316102488009	0,316203008215	1,233063614191	1,146434893895	0,06203501299	0,139052674174	45035,805758206
260	0,316166298446	0,316124304935	1,23330058713	1,146147363965	0,06203501299	0,139052674174	45035,8913147107
261	0,316061532521	0,316107453677	1,2328700788	1,146135447129	0,06203501299	0,139052674174	45035,9768600347
262	0,316047422468	0,316089343125	1,232867835943	1,145977495446	0,06203501299	0,139052674174	45036,0623170949
263	0,31606319694	0,316068730729	1,232900494161	1,145988609881	0,06203501299	0,139052674174	45036,147866956
264	0,316008028163	0,316031309249	1,232701714438	1,14573944426	0,06203501299	0,139052674174	45036,2333322106
265	0,315992640075	0,316059705655	1,23260968972	1,145993153734	0,06203501299	0,139052674174	45036,3188589352
266	0,315985198402	0,315999017981	1,232610130774	1,145745540604	0,06203501299	0,139052674174	45036,4043253472
267	0,315978238798	0,316008001095	1,232584008955	1,145778556967	0,06203501299	0,139052674174	45036,4898464583
268	0,315976664609	0,316032559643	1,232561815909	1,145805411426	0,06203501299	0,139052674174	45036,57532875
269	0,315974802175	0,315989909829	1,232492015604	1,145729743631	0,06203501299	0,139052674174	45036,6608831019
270	0,315935841052	0,316014477278	1,23236013528	1,145794410379	0,06203501299	0,139052674174	45036,746320463
271	0,316000707576	0,316086802497	1,232621762018	1,146089339657	0,06203501299	0,139052674174	45036,8318043171
272	0,316053236859	0,316093282073	1,232752546203	1,146124494679	0,06203501299	0,139052674174	45036,9172716782
273	0,316028174444	0,316059676832	1,232663179551	1,145976809512	0,06203501299	0,139052674174	45037,0027268056
274	0,316005531678	0,316049331002	1,232568177448	1,145946705289	0,06203501299	0,139052674174	45037,08818375
275	0,316025525842	0,316090709868	1,232619818802	1,146120174039	0,06203501299	0,139052674174	45037,1736761227
276	0,316037534443	0,316075179575	1,232636474932	1,146081187852	0,06203501299	0,139052674174	45037,2590877894
277	0,316018398055	1,61712E-7	1,232550675317	5,24217E-7	0,06203501299	0,139052674174	45037,351465706
278	4,45054805320312E-14	0,159909774251	1,67346311325294E-13	0,562233898207	0,060239240527	0,138915672898	45037,5664029282
279	0,32328380737	0,316737812769	1,25757194007	1,14873901592	0,060239240527	0,138915672898	45037,6525293866
280	0,316728943857	0,316631887819	1,234970082058	1,148385222821	0,060239240527	0,138915672898	45037,7379608681
281	0,316600386253	0,316620265956	1,23446157006	1,148343441942	0,060239240527	0,138915672898	45037,8234083796
282	0,316595602842	0,316626755277	1,234400612772	1,148378997022	0,060239240527	0,138915672898	45037,9088047569
283	0,316559884596	0,316540169655	1,234268037324	1,148011226599	0,060239240527	0,138915672898	45037,9941662732
284	0,31652418789	0,316568566269	1,234146663795	1,148119907294	0,060239240527	0,138915672898	45038,0795253356
285	0,316506649772	0,316493728397	1,234064929986	1,147797124595	0,060239240527	0,138915672898	45038,1649314468
286	0,316451430701	0,316498829785	1,233873970101	1,147835602985	0,060239240527	0,138915672898	45038,2503494676
287	0,316389193137	0,316370979739	1,233619025821	1,147343212289	0,060239240527	0,138915672898	45038,3356213079
288	0,316364422473	0,316465299357	1,233601062109	1,147640545792	0,060239240527	0,138915672898	45038,4211073264
289	0,316416924417	0,316452303332	1,233775527592	1,14771585619	0,060239240527	0,138915672898	45038,5065005671
290	0,316424956449	0,316540113704	1,233733274473	1,148034659344	0,060239240527	0,138915672898	45038,5919004745
291	0,316507138672	0,316505263159	1,23400994477	1,147929286238	0,060239240527	0,138915672898	45038,6773214005
292	0,316445358966	0,316456167892	1,233785230573	1,147731155222	0,060239240527	0,138915672898	45038,7626870255
293	0,316420635355	0,316522096825	1,233677641265	1,14799228816	0,060239240527	0,138915672898	45038,8480423611
294	0,316486559662	0,316546621254	1,233888034622	1,1480785053	0,060239240527	0,138915672898	45038,9334532292
295	0,316477378911	0,31649754273	1,233854948017	1,147910481217	0,060239240527	0,138915672898	45039,0187632755
296	0,31648669013	0,31652596075	1,233909075002	1,148027286065	0,060239240527	0,138915672898	45039,1041218056
297	0,316468990036	0,316506556359	1,233809217065	1,147943398962	0,060239240527	0,138915672898	45039,1895101736
298	0,316460473582	0,316527250351	1,23376520565	1,148003098978	0,060239240527	0,138915672898	45039,2748497685
299	0,316471489605	0,316491091977	1,233777503699	1,147804761895	0,060239240527	0,138915672898	45039,3602165972
300	0,316431461208	0,316460162363	1,23367945901	1,147727885765	0,060239240527	0,138915672898	45039,4455240625
301	0,316433381281	0,316493651254	1,23367473066	1,147912529528	0,060239240527	0,138915672898	45039,5308650463
302	0,31646665525	0,316529837602	1,233783669394	1,148059915661	0,060239240527	0,138915672898	45039,6162569907
303	0,316457499638	0,316536325863	1,233721381572	1,148084837704	0,060239240527	0,138915672898	45039,7015895486
304	0,316500585593	0,316473022964	1,233867521547	1,147891609915	0,060239240527	0,138915672898	45039,7869304514
305	0,316416412092	0,316434225205	1,233623074147	1,147466132994	0,060239240527	0,138915672898	45039,8721863426
306	0,316388778798	0,316370944771	1,233554670291	1,147251231809	0,060239240527	0,138915672898	45039,9575383912
307	0,316319785458	0,316442038249	1,233334058753	1,147455733325	0,060239240527	0,138915672898	45040,0428834028
308	0,316399135367	0,31665253349	1,233505125279	1,148422069437	0,060239240527	0,138915672898	45040,1281353819
309	0,31661008172	0,316556930418	1,234293111148	1,148028522559	0,060239240527	0,138915672898	45040,2135572685
310	0,316472598097	0,316507884743	1,233729347559	1,147941954892	0,060239240527	0,138915672898	45040,2988924884
311	0,316471397638	0,316536287929	1,233828913126	1,147965732006	0,060239240527	0,138915672898	45040,3843095949
312	0,316398364272	0,316475536465	1,233408887662	1,14786688278	0,060239240527	0,138915672898	45040,4695798032
313	0,316322642747	0,316323173013	1,233246376168	1,147151084533	0,060239240527	0,138915672898	45040,5548104167
314	0,316374164758	0,316529904785	1,233510981941	1,147985902457	0,060239240527	0,138915672898	45040,6401643403
315	0,31653286478	0,316573776379	1,233920055377	1,148298965264	0,060239240527	0,138915672898	45040,725465544
316	0,316555159417	0,316662936113	1,233971655043	1,148654670837	0,060239240527	0,138915672898	45040,8107938889
317	0,316582713194	0,316655097005	1,234002879158	1,148598587061	0,060239240527	0,138915672898	45040,8960629398
318	0,31660749523	0,316637081396	1,234106787638	1,148504994742	0,060239240527	0,138915672898	45040,9813182639
319	0,316588942289	0,316625427955	1,234053440307	1,148471243794	0,060239240527	0,138915672898	45041,0665874769
320	0,316572017118	0,316624132847	1,233992471617	1,148454692474	0,060239240527	0,138915672898	45041,1518561458
321	0,316561431724	0,31662542075	1,233936332111	1,148490224045	0,060239240527	0,138915672898	45041,2370478356
322	0,316604868269	0,316682247466	1,234090869446	1,148684841411	0,060239240527	0,138915672898	45041,3223896759
323	0,316279691813	0,316422347543	1,23273272289	1,148369073078	0,060239240527	0,138915672898	45041,4081685417
324	0,316274047507	0,316152674639	1,233159997805	1,146579611489	0,060239240527	0,138915672898	45041,4935022454
325	0,316104495552	0,31621338075	1,232525457576	1,146846691846	0,060239240527	0,138915672898	45041,5787837963
326	0,316108330294	0,316217296594	1,232473161291	1,146925927495	0,060239240527	0,138915672898	45041,6639795602
327	0,313894933703	0,31403708445	1,223108742158	1,138442170482	0,060239240527	0,138915672898	45041,7460385185
328	0,316557942084	1,57049E-7	1,234047990628	5,06143E-7	0,060239240527	0,138915672898	45041,8383948727
329	0	0,15976227016	0	0,561725705033	0,061596386135	0,139339640737	45042,053319919
330	0,322893354198	0,31705817085	1,255841955414	1,150011078252	0,061596386135	0,139339640737	45042,1393618981
331	0,317054482352	0,317034891727	1,235712210213	1,149936549577	0,061596386135	0,139339640737	45042,2248235069
332	0,31696203222	0,316988383924	1,235329123937	1,149763203341	0,061596386135	0,139339640737	45042,3102072685
333	0,316958002994	0,317005177326	1,235341434485	1,149790168702	0,061596386135	0,139339640737	45042,3955960185
334	0,316950034124	0,317029740748	1,235324026882	1,149856098197	0,061596386135	0,139339640737	45042,4809365741
335	0,317004723782	0,317082687645	1,235522119955	1,150025801929	0,061596386135	0,139339640737	45042,5663135532
336	0,317025144275	0,317103334374	1,235587842343	1,150095249564	0,061596386135	0,139339640737	45042,65162375
337	0,317034298118	0,317085278077	1,235606283309	1,150002491377	0,061596386135	0,139339640737	45042,7369503009
338	0,317049193321	0,317185992918	1,235663181498	1,150456132073	0,061596386135	0,139339640737	45042,8223224421
339	0,317131216414	0,317198905442	1,235894603642	1,150539461759	0,061596386135	0,139339640737	45042,907633912
340	0,317126034221	0,31715760817	1,235857062631	1,15037517522	0,061596386135	0,139339640737	45042,9928794444
341	0,31710396354	0,317148521849	1,235772129543	1,150308562736	0,061596386135	0,139339640737	45043,0781862268
342	0,317102427374	0,317160131631	1,235762107971	1,150348779751	0,061596386135	0,139339640737	45043,1635410069
343	0,317098413386	0,317156307128	1,235727483757	1,15031237995	0,061596386135	0,139339640737	45043,2488850694
344	0,317111917989	0,317161444543	1,235768304895	1,150294242568	0,061596386135	0,139339640737	45043,3342458681
345	0,317083348112	0,317175642004	1,235706247625	1,150325519701	0,061596386135	0,139339640737	45043,4195953588
346	0,317120890065	0,317226040221	1,235841781946	1,150518133739	0,061596386135	0,139339640737	45043,5048992245
347	0,317176800369	0,317278930535	1,23605537676	1,150725073353	0,061596386135	0,139339640737	45043,5901403588
348	0,317255956114	0,31732808387	1,236335735958	1,150933780496	0,061596386135	0,139339640737	45043,6755100694
349	0,317265971441	0,317335846475	1,23633704588	1,150969302659	0,061596386135	0,139339640737	45043,7608463889
350	0,317328641173	0,317408135243	1,236543945253	1,1512571126	0,061596386135	0,139339640737	45043,8462576273
351	0,317338272429	0,317454643681	1,236512391588	1,151371374336	0,061596386135	0,139339640737	45043,9316046296
352	0,317392051057	0,317432719858	1,236750033347	1,151325774277	0,061596386135	0,139339640737	45044,0169170833
353	0,31736765386	0,317437900084	1,236630501635	1,151336629136	0,061596386135	0,139339640737	45044,1022358333
354	0,317400530128	0,31752180669	1,236761045906	1,151626832521	0,061596386135	0,139339640737	45044,1876244329
355	0,317451228671	0,317506364347	1,236945331125	1,151609188359	0,061596386135	0,139339640737	45044,2729419792
356	0,317430733919	0,317444304635	1,236834612631	1,151291363256	0,061596386135	0,139339640737	45044,3583027431
357	0,317369152537	0,3174275284	1,236653803486	1,151130577123	0,061596386135	0,139339640737	45044,4437292361
358	0,317390430999	0,317474028785	1,236750425003	1,151347656014	0,061596386135	0,139339640737	45044,5292166667
359	0,317442941652	0,317551498204	1,236899930411	1,151678074268	0,061596386135	0,139339640737	45044,6146716088
360	0,317503265397	0,317632878381	1,237077450288	1,151960750981	0,061596386135	0,139339640737	45044,7000949537
361	0,317584836742	0,317681975768	1,237396817422	1,152193110588	0,061596386135	0,139339640737	45044,7854769907
362	0,317647927732	0,31773235131	1,237564588127	1,152414943694	0,061596386135	0,139339640737	45044,870870544
363	0,317683707589	0,317767251022	1,237693632095	1,152512247039	0,061596386135	0,139339640737	45044,9562499653
364	0,317706473669	0,31777370029	1,237772825256	1,152494986206	0,061596386135	0,139339640737	45045,041660162
365	0,317752104333	0,317839511392	1,23796714661	1,152776519051	0,061596386135	0,139339640737	45045,1271551968
366	0,317721025831	0,317795599107	1,237784537	1,152573596857	0,061596386135	0,139339640737	45045,2125555787
367	0,317745199484	0,317849909357	1,237896092329	1,152778923433	0,061596386135	0,139339640737	45045,2978995833
368	0,317774885059	0,31779437775	1,237998155511	1,152535990562	0,061596386135	0,139339640737	45045,3833033333
369	0,317720995261	0,317856368374	1,237801461604	1,152734077751	0,061596386135	0,139339640737	45045,468648669
370	0,317836292912	0,317950629921	1,238243424599	1,153117869801	0,061596386135	0,139339640737	45045,5540689699
371	0,31790204932	0,317953213147	1,238462377802	1,153164534095	0,061596386135	0,139339640737	45045,6395593519
372	0,317903531653	0,318028104003	1,238445472187	1,153349946261	0,061596386135	0,139339640737	45045,7250666898
373	0,317969459528	0,318048837833	1,238700630351	1,153515380845	0,061596386135	0,139339640737	45045,8104647454
374	0,31798959075	0,31810305229	1,238675325775	1,15368470035	0,061596386135	0,139339640737	45045,8959308449
375	0,318019052951	0,318062984854	1,238782956439	1,153564369124	0,061596386135	0,139339640737	45045,9812101273
376	0,318023071344	0,318148231711	1,238802114745	1,153821041497	0,061596386135	0,139339640737	45046,0666566782
377	0,318078094964	0,318127606177	1,239001524243	1,153791121244	0,061596386135	0,139339640737	45046,1519789236
378	0,318099672985	0,318233458648	1,239073336401	1,154156684723	0,061596386135	0,139339640737	45046,237463206
379	0,318163860089	1,83752E-7	1,239299390866	5,87568E-7	0,061596386135	0,139339640737	45046,3298924884
380	0	0,160528338118	0	0,564429933833	0,062672503293	0,138915672898	45046,5454251505
381	0,323383380638	0,318450489197	1,257430946428	1,154952718841	0,062672503293	0,138915672898	45046,6315457639
382	0,318393236368	0,318458232302	1,240142708158	1,154968847272	0,062672503293	0,138915672898	45046,717025787
383	0,318435025508	0,318547359189	1,240287341906	1,155382493787	0,062672503293	0,138915672898	45046,8025154977
384	0,318442243346	0,318558994617	1,240205137657	1,155397363027	0,062672503293	0,138915672898	45046,8878271296
385	0,318525073814	0,318559005215	1,240507754149	1,155379949517	0,062672503293	0,138915672898	45046,9732390162
386	0,318519193153	0,318593901115	1,240498171517	1,155529633958	0,062672503293	0,138915672898	45047,0586568518
387	0,318545531148	0,318667500462	1,24057519445	1,155787103086	0,062672503293	0,138915672898	45047,1441670139
388	0,318594102407	0,318701050813	1,240741776149	1,155920908373	0,062672503293	0,138915672898	45047,229656875
389	0,318643474826	0,318697209776	1,24092613144	1,15591089211	0,062672503293	0,138915672898	45047,3151486343
390	0,318634273134	0,318689489349	1,240936229958	1,155798579834	0,062672503293	0,138915672898	45047,4006120718
391	0,318637104245	0,318768201317	1,240918759387	1,156061638827	0,062672503293	0,138915672898	45047,4861422106
392	0,318711668713	0,318751443732	1,24118095695	1,156035961532	0,062672503293	0,138915672898	45047,5716112963
393	0,318724885906	0,318837968322	1,241216025133	1,156309918199	0,062672503293	0,138915672898	45047,6572029977
394	0,318758478809	0,31883415293	1,241309818038	1,156317517837	0,062672503293	0,138915672898	45047,7427191782
395	0,318804260806	0,318905147224	1,241461806039	1,156658172292	0,062672503293	0,138915672898	45047,8282264699
396	0,318832833225	0,318929636683	1,241507507738	1,156722194644	0,062672503293	0,138915672898	45047,9136873495
397	0,318854666495	0,318963243195	1,241592648221	1,156811511284	0,062672503293	0,138915672898	45047,9991736227
398	0,318916171874	0,318952933182	1,241833540054	1,156789584409	0,062672503293	0,138915672898	45048,0846777778
399	0,318904156776	0,318996863905	1,241813096975	1,15694657081	0,062672503293	0,138915672898	45048,1701806482
400	0,318944961914	0,319049846621	1,241942814126	1,157142320084	0,062672503293	0,138915672898	45048,2557716088
401	0,318976515234	0,319056266643	1,242021189273	1,157105889766	0,062672503293	0,138915672898	45048,3413436458
402	0,31898427299	0,318964566068	1,242115894115	1,156729035309	0,062672503293	0,138915672898	45048,4269098264
403	0,318888914089	0,31896712831	1,241736290037	1,156739858663	0,062672503293	0,138915672898	45048,5125190972
404	0,318874774669	0,31888320009	1,241735155222	1,156328385988	0,062672503293	0,138915672898	45048,5980275231
405	0,318845498785	0,318885823791	1,241650954449	1,156355311836	0,062672503293	0,138915672898	45048,683645
406	0,318805506711	0,318818639168	1,241475635601	1,156091149217	0,062672503293	0,138915672898	45048,7693177546
407	0,318727660534	0,318792780213	1,241153823095	1,156051350616	0,062672503293	0,138915672898	45048,8548408912
408	0,318748009148	0,318871597087	1,241237372115	1,156359315283	0,062672503293	0,138915672898	45048,9403903935
409	0,318821990484	0,318931007241	1,241458196714	1,156651157131	0,062672503293	0,138915672898	45049,0258880903
410	0,318838662718	0,318915489238	1,241472456533	1,156531437676	0,062672503293	0,138915672898	45049,1114614931
411	0,318875164215	0,31890389005	1,241661273575	1,156514209669	0,062672503293	0,138915672898	45049,1970910995
412	0,318795710783	0,318892259497	1,241323845811	1,156438032632	0,062672503293	0,138915672898	45049,2826673611
413	0,318823302085	0,31882116517	1,241420624426	1,156163243569	0,062672503293	0,138915672898	45049,3682650347
414	0,318736368343	0,318832802506	1,241126302382	1,156154113967	0,062672503293	0,138915672898	45049,4538393634
415	0,318769059879	0,318801846827	1,241241093643	1,1560671715	0,062672503293	0,138915672898	45049,5393492593
416	0,318765959081	0,318832833235	1,241205232904	1,156143828067	0,062672503293	0,138915672898	45049,6249569792
417	0,318742943857	0,318753992203	1,241087278257	1,155869942557	0,062672503293	0,138915672898	45049,7104606366
418	0,3187073131	0,318801854879	1,240975399484	1,156048195237	0,062672503293	0,138915672898	45049,796048125
419	0,318714317251	0,318779846071	1,24091242027	1,155987665858	0,062672503293	0,138915672898	45049,8815504977
420	0,318725465737	0,318764357741	1,240952418844	1,155966113469	0,062672503293	0,138915672898	45049,9669944213
421	0,318719544894	0,318794051373	1,240944457977	1,156098155525	0,062672503293	0,138915672898	45050,0526017593
422	0,318681916414	0,318794117495	1,24077922888	1,156044702081	0,062672503293	0,138915672898	45050,1381760764
423	0,318700535091	0,318757905716	1,240836168015	1,155917760636	0,062672503293	0,138915672898	45050,2236865046
424	0,318699613433	0,318770875249	1,240829675516	1,155994526894	0,062672503293	0,138915672898	45050,3091873148
425	0,318706828718	0,318795342455	1,240835279629	1,155974644073	0,062672503293	0,138915672898	45050,3948162847
426	0,318729810298	0,318774659486	1,240916743756	1,155947955967	0,062672503293	0,138915672898	45050,4803204167
427	0,31874238543	0,318834146996	1,240941089509	1,15619098943	0,062672503293	0,138915672898	45050,5658961111
428	0,318757895094	0,31884963151	1,240953241127	1,156195289699	0,062672503293	0,138915672898	45050,6515021875
429	0,318780157054	0,318818574741	1,241022358648	1,156094310655	0,062672503293	0,138915672898	45050,7370595718
430	0,318775663363	1,85448E-7	1,240994646262	5,89926E-7	0,062672503293	0,138915672898	45050,8295532986
431	0	0,161760699524	0	0,568770242396	0,06197020039	0,141378685832	45051,0456281481
432	0,323334537302	0,318694607267	1,256879655565	1,155647904638	0,06197020039	0,141378685832	45051,1318568171
433	0,318684644768	0,318655900215	1,240640819816	1,155542079238	0,06197020039	0,141378685832	45051,2173225694
434	0,318600469674	0,318637808738	1,240291111326	1,155470474322	0,06197020039	0,141378685832	45051,3027514931
435	0,318563284727	0,318590053509	1,240135204036	1,155248469443	0,06197020039	0,141378685832	45051,3882218171
436	0,318542561475	0,318657169046	1,240069716117	1,155510912999	0,06197020039	0,141378685832	45051,4737984954
437	0,318587075052	0,31868559957	1,24016556684	1,155628397901	0,06197020039	0,141378685832	45051,55928125
438	0,318632003975	0,318747578113	1,240201418802	1,155911116863	0,06197020039	0,141378685832	45051,6447188657
439	0,318691174987	0,31863263614	1,240509128316	1,155376931416	0,06197020039	0,141378685832	45051,7302718981
440	0,31859044933	0,31857064827	1,240336294052	1,154923330727	0,06197020039	0,141378685832	45051,8158633565
441	0,318465204819	0,31857063916	1,239676300463	1,154864063448	0,06197020039	0,141378685832	45051,9012878704
442	0,318526391435	0,318655937726	1,240006020661	1,155401680219	0,06197020039	0,141378685832	45051,9869030093
443	0,318572723362	0,318582242584	1,240140904902	1,154849724934	0,06197020039	0,141378685832	45052,0724223727
444	0,318510004414	0,318672678992	1,239858124526	1,155466953049	0,06197020039	0,141378685832	45052,1579738079
445	0,318670286761	0,318562837136	1,240455373624	1,15499150777	0,06197020039	0,141378685832	45052,2435356019
446	0,318479822099	0,318610684342	1,23985265667	1,154976980441	0,06197020039	0,141378685832	45052,329008669
447	0,31852157535	0,318741138383	1,240034491942	1,155566181403	0,06197020039	0,141378685832	45052,4145878819
448	0,318706882097	0,31870620031	1,240536640944	1,155430797463	0,06197020039	0,141378685832	45052,5000417361
449	0,318654179379	0,318795331434	1,24034528582	1,155791544167	0,06197020039	0,141378685832	45052,5857062037
450	0,318754195602	0,318738574018	1,240786734608	1,15551612513	0,06197020039	0,141378685832	45052,6713111458
451	0,318688060226	0,318735900511	1,240387866466	1,155500071807	0,06197020039	0,141378685832	45052,7568465393
452	0,318647655929	0,318871546646	1,240337927815	1,156182913018	0,06197020039	0,141378685832	45052,8423293403
453	0,31881712638	0,31883800668	1,240937264167	1,156070714152	0,06197020039	0,141378685832	45052,9279123032
454	0,318795373633	0,31881733579	1,240904433733	1,155988603013	0,06197020039	0,141378685832	45053,0135604282
455	0,318742803124	0,318870332495	1,240725944234	1,156138351285	0,06197020039	0,141378685832	45053,0991185532
456	0,318835857918	0,318827659581	1,241105906532	1,156012942947	0,06197020039	0,141378685832	45053,1847807407
457	0,318780636085	0,318781179327	1,240889289274	1,155743641735	0,06197020039	0,141378685832	45053,2702721412
458	0,318687725809	0,318720502887	1,240488682588	1,155319594933	0,06197020039	0,141378685832	45053,3556896759
459	0,318635186549	0,31889742849	1,240290477006	1,156142503529	0,06197020039	0,141378685832	45053,4413137847
460	0,318859715036	0,318801774558	1,241046766856	1,155850437015	0,06197020039	0,141378685832	45053,5270217824
461	0,318774522749	0,318809606037	1,240801686838	1,155815323227	0,06197020039	0,141378685832	45053,6125543403
462	0,318724630004	0,318827697727	1,240558543511	1,155761583226	0,06197020039	0,141378685832	45053,698011088
463	0,318800352761	0,31875013739	1,240794290028	1,15544461552	0,06197020039	0,141378685832	45053,78364375
464	0,318696019888	0,318856087774	1,240451251549	1,155990972865	0,06197020039	0,141378685832	45053,8690243866
465	0,31879634552	0,318968499927	1,240857073887	1,156500872137	0,06197020039	0,141378685832	45053,9547181366
466	0,318878936419	0,318897381018	1,241194600827	1,156202928584	0,06197020039	0,141378685832	45054,0404214815
467	0,318787780446	0,319040754575	1,24077467184	1,156639774015	0,06197020039	0,141378685832	45054,1260192014
468	0,318971677845	0,318884537584	1,241329336495	1,156045139346	0,06197020039	0,141378685832	45054,2117144213
469	0,318837802799	0,318865107763	1,240872008597	1,155765872749	0,06197020039	0,141378685832	45054,2973368056
470	0,318770894825	0,318841877809	1,240604557883	1,155612360975	0,06197020039	0,141378685832	45054,3829221991
471	0,318758586646	0,318919330699	1,240611425844	1,155986770111	0,06197020039	0,141378685832	45054,4685034722
472	0,318888111344	0,319014903673	1,241028597161	1,156515495746	0,06197020039	0,141378685832	45054,5542277546
473	0,220917661757		0,833906236305		0,06197020039	0,141378685832	45054,5809815856
