TesterID:	Maccor#2						
Channel Number:	50						
TestName:	KAI_Zelltest_regulaer_fix_no_degass_flag.000						
TestDesc:	Regular cycling: formation, followed by pulse, C-rate quick charge and cycling t						
StartDateTime:	45007,4491321065						
Comment:							
							
							
Cycle	AH-IN	AH-OUT	WH-IN	WH-OUT	ACR	DCIR	Date
0		3,7312E-8		9,27746762334343E-9	0	0	45007,6159171296
1	0,300232908134	0,243576892837	1,128461035866	0,887552832525	0	0	45007,8665828588
2	0,24736585886	0,244820507623	0,934639607681	0,893245263757	0	0	45008,1009989236
3	0,25871867265	4,6848E-8	0,981953788932	1,52996E-7	0	0	45008,4058658333
4	3,02001475038783E-12	6,0824E-8	1,14205955548398E-11	2,0175E-7	0,071803793311	0,212211340666	45008,5983975926
5	0,250105626545	0,248414400509	0,956704181866	0,906721837774	0,071803793311	0,212211340666	45008,7532791898
6	0,248793951452	0,247258096	0,951365086131	0,902768348694	0,071803793311	0,212211340666	45008,9140406829
7	0,247571357244	0,246196928951	0,946508046531	0,899118030556	0,071803793311	0,212211340666	45009,073895
8	0,246481021464	0,220518477762	0,942193318015	0,781732607373	0,071803793311	0,212211340666	45009,1867675694
9	0,220683350002	0,219505841812	0,850567663589	0,778741812394	0,071803793311	0,212211340666	45009,2923418287
10	0,219579483404	0,218424778685	0,846278813288	0,775320704521	0,071803793311	0,212211340666	45009,3972101273
11	0,218559896906	0,124799088283	0,842381657254	0,438109240175	0,071803793311	0,212211340666	45009,4878056134
12	0,125004773096	0,124362507746	0,497811536991	0,437781570548	0,071803793311	0,212211340666	45009,5515477199
13	0,124495517381	0,123373065931	0,495760532943	0,434724853738	0,071803793311	0,212211340666	45009,6149801273
14	0,123484261664	0,240477484134	0,491871255293	0,8794827397	0,071803793311	0,212211340666	45009,7372771643
15	0,240441049485	0,240045175066	0,918343391647	0,877999409531	0,071803793311	0,212211340666	45009,8922473495
16	0,240210632956	4,175E-8	0,917387337364	1,35721E-7	0,071803793311	0,212211340666	45010,0539938657
17	0,195885587438	0,195104920063	0,757417622288	0,699215754342	0,071803793311	0,212211340666	45010,1310676157
18	0,194996965163	0,193706115157	0,753372751793	0,694301262876	0,071803793311	0,212211340666	45010,2145654977
19	0,193817671448	0,192300004779	0,748526113628	0,689434097492	0,071803793311	0,212211340666	45010,2975768287
20	0,15420029942	0,144625394329	0,611883637937	0,510724097123	0,071803793311	0,212211340666	45010,3573012269
21	0,145512444343	0,136466979691	0,577610188771	0,482303179181	0,071803793311	0,212211340666	45010,4144420949
22	0,13659729109	3,6676E-8	0,542556837751	1,14343E-7	0,071803793311	0,212211340666	45010,4762781597
23	8,90109610640624E-14	0,116285397103	3,36445696870936E-13	0,406395962219	0,070976093411	0,188578024507	45010,6350806134
24	0,211150078026	0,196652887992	0,831882639359	0,701022168734	0,070976093411	0,188578024507	45010,702043669
25	0,196926484096	0,195756416855	0,780289528859	0,698098113147	0,070976093411	0,188578024507	45010,7670677662
26	0,196004929485	0,194799325653	0,776662061616	0,694875269719	0,070976093411	0,188578024507	45010,8318630556
27	0,19496636137	0,193891344128	0,772637088628	0,691790418549	0,070976093411	0,188578024507	45010,8962811227
28	0,194090508577	0,192952333805	0,769263628959	0,688533930402	0,070976093411	0,188578024507	45010,9606091435
29	0,193106735024	0,192088197807	0,76548786278	0,685587597755	0,070976093411	0,188578024507	45011,0246742014
30	0,19225698514	0,19124089357	0,762241023881	0,682712339516	0,070976093411	0,188578024507	45011,1302402083
31	0,191384753632	0,19036518318	0,758912997832	0,679643051385	0,070976093411	0,188578024507	45011,1939321644
32	0,190492369015	0,189547539092	0,755504999481	0,676812800418	0,070976093411	0,188578024507	45011,2574100116
33	0,189685165729	0,188723456543	0,752431399579	0,673929274326	0,070976093411	0,188578024507	45011,3207457755
34	0,188856754568	0,187957566606	0,749270897928	0,671289120919	0,070976093411	0,188578024507	45011,3839259954
35	0,188073464597	0,187200650881	0,746291170569	0,6686667104	0,070976093411	0,188578024507	45011,4469288426
36	0,187311836085	0,186479880387	0,743396530605	0,666178556724	0,070976093411	0,188578024507	45011,5097658333
37	0,186600639552	0,185759149737	0,740684538623	0,663666235382	0,070976093411	0,188578024507	45011,5724777662
38	0,185866079916	0,18505137124	0,737892343739	0,661195230548	0,070976093411	0,188578024507	45011,634986412
39	0,185170062948	0,184371966471	0,735250695774	0,65884477857	0,070976093411	0,188578024507	45011,6973911227
40	0,184489658378	0,1836990186	0,73266692952	0,656443602459	0,070976093411	0,188578024507	45011,7596604745
41	0,183797512399	0,183099661389	0,730021875786	0,654371902243	0,070976093411	0,188578024507	45011,8217516782
42	0,183207220154	0,182499087269	0,727770360173	0,652270551443	0,070976093411	0,188578024507	45011,883724919
43	0,18261327086	0,181926891118	0,72551809158	0,65029834787	0,070976093411	0,188578024507	45011,9456106829
44	0,182013471659	0,181313379255	0,723221920907	0,648153883377	0,070976093411	0,188578024507	45012,00733875
45	0,181414799952	0,180710147311	0,720951511853	0,646027928185	0,070976093411	0,188578024507	45012,0689523495
46	0,180786611324	0,180162472407	0,718569175258	0,644088230922	0,070976093411	0,188578024507	45012,130378831
47	0,180259625486	0,179636800375	0,716563956741	0,642233926068	0,070976093411	0,188578024507	45012,1917397917
48	0,179742563154	0,179145974439	0,714585033368	0,640534687409	0,070976093411	0,188578024507	45012,2529995833
49	0,179237675636	0,178651246432	0,712655615055	0,638783667124	0,070976093411	0,188578024507	45012,3141256829
50	0,178733931492	0,178120438893	0,710728323991	0,636943082585	0,070976093411	0,188578024507	45012,3751129398
51	0,178204043702	0,177691621172	0,708721703068	0,635428704105	0,070976093411	0,188578024507	45012,4359859954
52	0,177778279239	0,177196914359	0,707085135045	0,633698154083	0,070976093411	0,188578024507	45012,4968168403
53	0,177276567038	0,176739660603	0,705190281449	0,632060769317	0,070976093411	0,188578024507	45012,5574985995
54	0,176843399264	0,176350857759	0,703536183418	0,63070966785	0,070976093411	0,188578024507	45012,6181542708
55	0,176421611902	0,175920765275	0,701919898418	0,629179721224	0,070976093411	0,188578024507	45012,6786970949
56	0,175984309606	0,175488076637	0,7002312298	0,627690400117	0,070976093411	0,188578024507	45012,7390518981
57	0,175588153074	0,175149646791	0,69874750594	0,626487508301	0,070976093411	0,188578024507	45012,7994539815
58	0,175236499017	0,174724664806	0,697386795314	0,625002905504	0,070976093411	0,188578024507	45012,8597816204
59	0,17477760853	0,174326875458	0,695627428349	0,623610241371	0,070976093411	0,188578024507	45012,9199137963
60	0,174393051343	0,173965220322	0,694156499258	0,622338037554	0,070976093411	0,188578024507	45012,9799543171
61	0,174033550543	0,173639681171	0,692771612406	0,621176070551	0,070976093411	0,188578024507	45013,0398835648
62	0,173714718788	0,173309097004	0,691552125975	0,620018221284	0,070976093411	0,188578024507	45013,0997830093
63	0,173382583908	0,172986145742	0,69027836578	0,618884226168	0,070976093411	0,188578024507	45013,1596451968
64	0,173072609624	0,172672294578	0,689086526973	0,617785137906	0,070976093411	0,188578024507	45013,2194795255
65	0,172714083685	0,172317088073	0,687705602112	0,616538134599	0,070976093411	0,188578024507	45013,2791375694
66	0,172371412657	0,171987705768	0,686400569146	0,615398817837	0,070976093411	0,188578024507	45013,3387380671
67	0,172073340892	0,171690639314	0,68526675136	0,614342626443	0,070976093411	0,188578024507	45013,3983357639
68	0,171742579562	0,171345742822	0,683995794886	0,613140205004	0,070976093411	0,188578024507	45013,4578246181
69	0,171401902969	0,171029292329	0,68269210649	0,612000156777	0,070976093411	0,188578024507	45013,5172107755
70	0,171102356732	0,170752895492	0,681537204214	0,61102242772	0,070976093411	0,188578024507	45013,5765316551
71	0,170794066442	0,170467440309	0,680349208135	0,610026625586	0,070976093411	0,188578024507	45013,6357385648
72	0,170540475964	0,170192355536	0,679376235541	0,609066315142	0,070976093411	0,188578024507	45013,6949308796
73	0,170257960931	2,2265E-8	0,678299530475	7,7908E-8	0,070976093411	0,188578024507	45013,7610998495
74	5,08634063223214E-12	0,097702935192	1,92573873989805E-11	0,34191061658	0,071430966258	0,186206355691	45013,901237037
75	0,188940758471	0,171131326651	0,746256986416	0,612252314784	0,071430966258	0,186206355691	45013,9628440625
76	0,171193785777	0,170813631274	0,68163854386	0,611257148509	0,071430966258	0,186206355691	45014,0220165509
77	0,170878445949	0,170467459806	0,680410167928	0,610058604696	0,071430966258	0,186206355691	45014,0810800347
78	0,170523709823	0,170073498564	0,679056857171	0,608672774199	0,071430966258	0,186206355691	45014,1400425116
79	0,170128967263	0,169726044704	0,677561068079	0,607437254995	0,071430966258	0,186206355691	45014,1989105671
80	0,169759094338	0,169383759837	0,676146330633	0,606223626576	0,071430966258	0,186206355691	45014,2576625116
81	0,169444740556	0,169062165989	0,674949345674	0,605078743204	0,071430966258	0,186206355691	45014,3163660995
82	0,169115869384	0,168740515133	0,67369950206	0,603954085904	0,071430966258	0,186206355691	45014,3750350694
83	0,168792079448	0,16842669364	0,672469687101	0,602853532898	0,071430966258	0,186206355691	45014,4336699884
84	0,168471310376	0,168124450776	0,671250341624	0,601777642882	0,071430966258	0,186206355691	45014,4922347685
85	0,168188359689	0,167847984852	0,670176931576	0,600798581662	0,071430966258	0,186206355691	45014,5508124769
86	0,167890956304	0,16752382749	0,669046078555	0,599641075129	0,071430966258	0,186206355691	45014,6093213426
87	0,167548209912	0,167198322671	0,667745480482	0,598491899467	0,071430966258	0,186206355691	45014,6676889352
88	0,167260590874	0,166929664067	0,666654588078	0,597538441912	0,071430966258	0,186206355691	45014,7260766782
89	0,166958403862	0,166641622691	0,665497580682	0,596513283482	0,071430966258	0,186206355691	45014,7843729398
90	0,166686556179	0,166381980473	0,664460215003	0,595590052399	0,071430966258	0,186206355691	45014,8426077315
91	0,166418613353	0,16613140042	0,663435703128	0,594710476627	0,071430966258	0,186206355691	45014,9007697222
92	0,166172399385	0,165873081499	0,662497001919	0,593796317587	0,071430966258	0,186206355691	45014,958885081
93	0,165904217517	0,165617379287	0,661471355326	0,592893412099	0,071430966258	0,186206355691	45015,0169173148
94	0,165659036716	0,165391318362	0,66052395498	0,592092217187	0,071430966258	0,186206355691	45015,0748905324
95	0,165440459029	0,165156199088	0,659686583944	0,591254437219	0,071430966258	0,186206355691	45015,1328552546
96	0,16519858064	0,164925031477	0,658761421605	0,590438271438	0,071430966258	0,186206355691	45015,190799456
97	0,164943351012	0,164686073501	0,657784792788	0,589602207185	0,071430966258	0,186206355691	45015,2486175926
98	0,164731942155	0,16444456663	0,656977866698	0,588733192898	0,071430966258	0,186206355691	45015,3064230671
99	0,164473211695	0,164212070635	0,655991058506	0,587913481744	0,071430966258	0,186206355691	45015,3641918866
100	0,164231497364	0,163971796356	0,65506432849	0,587069691941	0,071430966258	0,186206355691	45015,421851713
101	0,164001851461	0,163718657872	0,654177178384	0,586164818396	0,071430966258	0,186206355691	45015,4794297917
102	0,163769934726	0,163515837497	0,653296583246	0,58543462326	0,071430966258	0,186206355691	45015,5370303125
103	0,163567469372	0,163318245881	0,65253500294	0,584725163145	0,071430966258	0,186206355691	45015,5946303819
104	0,163343364816	0,163103809151	0,651667335172	0,583965869875	0,071430966258	0,186206355691	45015,6521354977
105	0,163158613522	0,162908800548	0,650959025058	0,583273515032	0,071430966258	0,186206355691	45015,709668287
106	0,162935639114	0,162707274009	0,650103632407	0,582561952648	0,071430966258	0,186206355691	45015,7671174769
107	0,162741995004	0,162501883548	0,649360230307	0,581836679831	0,071430966258	0,186206355691	45015,8245432523
108	0,162521649144	0,162299126965	0,648514596942	0,581115509652	0,071430966258	0,186206355691	45015,8818727546
109	0,162341517794	0,162088564119	0,647823263269	0,580362983764	0,071430966258	0,186206355691	45015,9392151157
110	0,162122723235	0,161907745558	0,646989901141	0,579727956533	0,071430966258	0,186206355691	45015,9965131829
111	0,161925653167	0,161711458375	0,646227847644	0,579036339905	0,071430966258	0,186206355691	45016,053724375
112	0,161739698119	0,16151769211	0,645515987588	0,578347538489	0,071430966258	0,186206355691	45016,1109081366
113	0,161546276091	0,161298130683	0,644780972571	0,577557108754	0,071430966258	0,186206355691	45016,1680725116
114	0,161321555863	0,161125017714	0,643908601584	0,576944175405	0,071430966258	0,186206355691	45016,2251475347
115	0,161159706106	0,160949392941	0,643290351005	0,57631952555	0,071430966258	0,186206355691	45016,2822021759
116	0,160978129949	0,160774950109	0,642594626773	0,575704279171	0,071430966258	0,186206355691	45016,3392632986
117	0,16079339303	0,160609606951	0,641882509929	0,575126753321	0,071430966258	0,186206355691	45016,3962383218
118	0,16062633914	0,160428820391	0,641228409435	0,574486961313	0,071430966258	0,186206355691	45016,453138669
119	0,160462064592	0,160251889065	0,640591800388	0,573862612653	0,071430966258	0,186206355691	45016,5100057986
120	0,160248045979	0,160059448642	0,639776540609	0,573176251838	0,071430966258	0,186206355691	45016,5668022338
121	0,160112012522	0,159897948849	0,639261976851	0,572597131801	0,071430966258	0,186206355691	45016,6236164699
122	0,15992341249	0,159735241263	0,638540558229	0,57201168455	0,071430966258	0,186206355691	45016,6803883681
123	0,15976769611	0,159577618958	0,637947227153	0,571454733785	0,071430966258	0,186206355691	45016,7371777315
124	0,159584339468	3,1802E-8	0,637238056438	1,11617E-7	0,071430966258	0,186206355691	45016,8008470255
125	1,76114544391038E-12	0,089327174013	6,67605588771122E-12	0,312761845253	0,073095776141	0,189960807562	45016,9356615162
126	0,178430266376	0,160844766281	0,706191033382	0,575719536476	0,073095776141	0,189960807562	45016,9950615741
127	0,16085872198	0,160627767519	0,641918898552	0,575144009837	0,073095776141	0,189960807562	45017,0518430093
128	0,160664736569	0,160446904028	0,641150017606	0,574516947953	0,073095776141	0,189960807562	45017,1085499306
129	0,160494608193	0,160220879343	0,64049695422	0,573711958134	0,073095776141	0,189960807562	45017,165301875
130	0,160222862088	0,159989684605	0,639451226119	0,572896390914	0,073095776141	0,189960807562	45017,2218607639
131	0,160038319851	0,159781731687	0,638762309511	0,572148365497	0,073095776141	0,189960807562	45017,2784975
132	0,159793387962	0,159510448744	0,637820714875	0,571189460793	0,073095776141	0,189960807562	45017,3350646991
133	0,159528185732	0,159292222904	0,636818433024	0,570412381485	0,073095776141	0,189960807562	45017,3915856597
134	0,159291863028	0,159057123761	0,635917235273	0,569570655049	0,073095776141	0,189960807562	45017,4479597106
135	0,159110776638	0,158844000581	0,635232511887	0,568801084706	0,073095776141	0,189960807562	45017,5044185995
136	0,158864080736	0,158629571691	0,634298081558	0,568035265793	0,073095776141	0,189960807562	45017,5608105093
137	0,158652759296	0,158417768838	0,633489390841	0,567275928205	0,073095776141	0,189960807562	45017,6171530787
138	0,158434490838	0,158222751334	0,632667763899	0,566587449024	0,073095776141	0,189960807562	45017,6734703125
139	0,15825593188	0,158022507191	0,631985169315	0,56586874202	0,073095776141	0,189960807562	45017,7297766782
140	0,158027018525	0,157831346193	0,631113866666	0,565190480721	0,073095776141	0,189960807562	45017,7859989815
141	0,157846186467	0,157633712825	0,630421204803	0,564485009465	0,073095776141	0,189960807562	45017,8421917824
142	0,157650491326	0,157430943735	0,629680530112	0,563754261201	0,073095776141	0,189960807562	45017,8983405787
143	0,157434247858	0,15724625447	0,62885403639	0,563108285883	0,073095776141	0,189960807562	45017,9544166204
144	0,157287615495	0,157078339743	0,62830301367	0,562497375712	0,073095776141	0,189960807562	45018,010563588
145	0,157083116518	0,156875541409	0,627520377597	0,561779305008	0,073095776141	0,189960807562	45018,0665893056
146	0,15688659701	0,15667533626	0,626769406017	0,561056782477	0,073095776141	0,189960807562	45018,1226043056
147	0,156678771286	0,156495791615	0,625984342373	0,560422554535	0,073095776141	0,189960807562	45018,178550706
148	0,156514745204	0,15632660721	0,625352049758	0,559820094491	0,073095776141	0,189960807562	45018,2344554977
149	0,156332612306	0,156158667688	0,624653832029	0,559217333159	0,073095776141	0,189960807562	45018,2902943634
150	0,156175623288	0,156019175432	0,624058857213	0,558722350622	0,073095776141	0,189960807562	45018,3461770718
151	0,156024074712	0,155842243471	0,623469138786	0,55808709645	0,073095776141	0,189960807562	45018,4019765278
152	0,155874938029	0,155718222592	0,622908800693	0,557668478037	0,073095776141	0,189960807562	45018,4578451157
153	0,155700584429	0,155532236521	0,622223839018	0,556990211782	0,073095776141	0,189960807562	45018,5135550926
154	0,155553532579	0,155392715443	0,62167053847	0,556496873944	0,073095776141	0,189960807562	45018,5692491551
155	0,155405631821	0,155248082168	0,621105885079	0,555988665486	0,073095776141	0,189960807562	45018,6249332639
156	0,155253243025	0,155106014529	0,62051992028	0,555480680109	0,073095776141	0,189960807562	45018,6805430208
157	0,155119354082	0,154967793647	0,620003953173	0,554980216783	0,073095776141	0,189960807562	45018,7361627199
158	0,154969947365	0,154824431534	0,619423909436	0,554477699308	0,073095776141	0,189960807562	45018,7917048148
159	0,154857476749	0,154670712572	0,619002356433	0,55391239945	0,073095776141	0,189960807562	45018,8473419676
160	0,154668158907	0,154538923155	0,61827673128	0,553457399565	0,073095776141	0,189960807562	45018,9028578356
161	0,154554476215	0,154396885186	0,617839822179	0,552940932616	0,073095776141	0,189960807562	45018,9583610417
162	0,154404262358	0,154268981733	0,617265449943	0,552484722892	0,073095776141	0,189960807562	45019,0138283912
163	0,154285040865	0,154115314058	0,616807445705	0,551927069477	0,073095776141	0,189960807562	45019,069304294
164	0,15412732122	0,153988716099	0,616205500621	0,55147832106	0,073095776141	0,189960807562	45019,1247533681
165	0,153995145585	0,153854399831	0,615695446333	0,55100442265	0,073095776141	0,189960807562	45019,1801503125
166	0,153852088451	0,153718765777	0,615142984931	0,550525377969	0,073095776141	0,189960807562	45019,2354857292
167	0,153752833167	0,153581881755	0,614772279587	0,550030249145	0,073095776141	0,189960807562	45019,2908824074
168	0,153577672415	0,153439765372	0,614103679585	0,549527321205	0,073095776141	0,189960807562	45019,3462257292
169	0,1534467928	0,15331057444	0,613596704571	0,549070772279	0,073095776141	0,189960807562	45019,4015227546
170	0,15331120604	0,153165976768	0,613072885095	0,548544276908	0,073095776141	0,189960807562	45019,4567715278
171	0,153178848504	0,153035488819	0,612570253755	0,548082861985	0,073095776141	0,189960807562	45019,5119807292
172	0,153042423502	0,152894703574	0,612049076229	0,547582311051	0,073095776141	0,189960807562	45019,5671715278
173	0,152917266277	0,152766846747	0,611564828294	0,547118360012	0,073095776141	0,189960807562	45019,6223481713
174	0,152770650511	0,152619560521	0,611012068777	0,546583110346	0,073095776141	0,189960807562	45019,6775152199
175	0,152645070326	2,3112E-8	0,610536185506	8,1247E-8	0,073095776141	0,189960807562	45019,7396893634
176	1,20164797436484E-12	0,083419239376	4,55851103689835E-12	0,292223760157	0,074092127383	0,195470303297	45019,871386412
177	0,170889569464	0,154002967602	0,677456116351	0,551267121438	0,074092127383	0,195470303297	45019,9291670602
178	0,153993471893	0,15384533788	0,615547691579	0,550898434703	0,074092127383	0,195470303297	45019,9844663657
179	0,153856152725	0,153677467658	0,61499012915	0,550303844015	0,074092127383	0,195470303297	45020,0397225232
180	0,153698258712	0,153488836267	0,614379804331	0,54962992537	0,074092127383	0,195470303297	45020,0949381597
181	0,153498336655	0,153299010432	0,613617587914	0,548957396823	0,074092127383	0,195470303297	45020,1501139815
182	0,153289856071	0,153087144636	0,612818945351	0,548213386828	0,074092127383	0,195470303297	45020,2051592477
183	0,153095174559	0,152883121129	0,612082854185	0,547476699131	0,074092127383	0,195470303297	45020,2602268866
184	0,152882997857	0,154285530989	0,611273013939	0,554487727307	0,074092127383	0,195470303297	45020,3168107755
185	0,154310541646	0,152452923527	0,616720134715	0,545863122225	0,074092127383	0,195470303297	45020,372045625
186	0,152447578616	0,15226699404	0,609635908314	0,545241973489	0,074092127383	0,195470303297	45020,4269895602
187	0,152285920896	0,152092591049	0,609021173609	0,544620864908	0,074092127383	0,195470303297	45020,4818967245
188	0,152099011355	0,15191952174	0,608312780873	0,544007192836	0,074092127383	0,195470303297	45020,5367913542
189	0,15192918794	0,151738643202	0,607671907419	0,543357072915	0,074092127383	0,195470303297	45020,5916413079
190	0,151734472803	0,151553983607	0,606925988504	0,542703348273	0,074092127383	0,195470303297	45020,6464280093
191	0,151585547081	0,151398988184	0,606365779251	0,542137291658	0,074092127383	0,195470303297	45020,7012814005
192	0,151381912909	0,151227216104	0,605591254388	0,541535346175	0,074092127383	0,195470303297	45020,7560041319
193	0,151251870742	0,151055420075	0,605100453912	0,54090887305	0,074092127383	0,195470303297	45020,8107902894
194	0,151055684959	0,150906874134	0,604349942897	0,540378553949	0,074092127383	0,195470303297	45020,8655099074
195	0,150900514826	0,150745431139	0,603755452192	0,539808821461	0,074092127383	0,195470303297	45020,9201155787
196	0,150747562031	0,150589170068	0,603173195636	0,539242002152	0,074092127383	0,195470303297	45020,974725544
197	0,150596234039	0,15043931185	0,602602620034	0,538702751986	0,074092127383	0,195470303297	45021,0293107986
198	0,150446410886	0,15029335888	0,602028468256	0,538180968466	0,074092127383	0,195470303297	45021,0838781366
199	0,150309625014	0,15015642781	0,601514649749	0,537692969037	0,074092127383	0,195470303297	45021,1384607523
200	0,150153582088	0,150020806261	0,600921104072	0,537203245251	0,074092127383	0,195470303297	45021,1929946759
201	0,150019869369	0,149876110889	0,600404378174	0,536684560447	0,074092127383	0,195470303297	45021,2475106597
202	0,149881717185	0,149726325363	0,59988204855	0,536149051167	0,074092127383	0,195470303297	45021,3020065972
203	0,149738083331	0,149608769224	0,599337192939	0,535726095451	0,074092127383	0,195470303297	45021,3565194097
204	0,149597693829	0,14946282452	0,598798031327	0,535208611046	0,074092127383	0,195470303297	45021,4109275231
205	0,149477102108	0,14934009303	0,598341411512	0,534759324073	0,074092127383	0,195470303297	45021,4653574421
206	0,149343364082	0,149214820274	0,597829371529	0,534309970283	0,074092127383	0,195470303297	45021,5197210301
207	0,149228514282	0,149088216382	0,597391074558	0,533853298773	0,074092127383	0,195470303297	45021,57410875
208	0,149070530595	0,148959088395	0,596782826139	0,533394156087	0,074092127383	0,195470303297	45021,6283771528
209	0,148971267338	0,148841539036	0,596401963431	0,532975682529	0,074092127383	0,195470303297	45021,6826672801
210	0,148180063245	0,14833780969	0,593128654739	0,531324445967	0,074092127383	0,195470303297	45021,7347600116
211	0,149002239094	0,148597480094	0,59651061568	0,532087953167	0,074092127383	0,195470303297	45021,7890523264
212	0,148600197726	0,148477302156	0,594986356245	0,531656948267	0,074092127383	0,195470303297	45021,8432616898
213	0,148479606877	0,148359737328	0,594525200046	0,531246853108	0,074092127383	0,195470303297	45021,8974523264
214	0,14835676972	0,148237039958	0,594051439311	0,530811380669	0,074092127383	0,195470303297	45021,9516037269
215	0,148252054962	0,14812339479	0,593656243318	0,530394923755	0,074092127383	0,195470303297	45022,0057875579
216	0,148110669571	0,147995487523	0,593110342385	0,529938192045	0,074092127383	0,195470303297	45022,0599157407
217	0,147989477709	0,147872794601	0,592647331922	0,529499887715	0,074092127383	0,195470303297	45022,1139708449
218	0,1478812704	0,147783692934	0,592231886633	0,529187949932	0,074092127383	0,195470303297	45022,1680281018
219	0,147794284236	0,147679070511	0,591895474125	0,528805944923	0,074092127383	0,195470303297	45022,2220973727
220	0,147689473723	0,147560250415	0,591500061973	0,528369878358	0,074092127383	0,195470303297	45022,2761706829
221	0,147547543101	0,147434944386	0,590958388339	0,527923962376	0,074092127383	0,195470303297	45022,3301999653
222	0,147439663698	0,147336773563	0,590548007498	0,527578361077	0,074092127383	0,195470303297	45022,3841961458
223	0,147352083891	0,147236040918	0,590213144914	0,527197583979	0,074092127383	0,195470303297	45022,4382158565
224	0,147227096891	0,147118508303	0,589729766984	0,526776711882	0,074092127383	0,195470303297	45022,4921622569
225	0,147137631989	0,147017712079	0,589396554825	0,526407808848	0,074092127383	0,195470303297	45022,5461526968
226	0,147016618141	2,7987E-8	0,588931030909	9,853E-8	0,074092127383	0,195470303297	45022,6071198958
227	6,35792579029017E-15	0,078768164507	2,41346028664147E-14	0,276031457353	0,07713137567	0,199508190155	45022,7366151389
228	0,164862660578	0,148402390744	0,654535442097	0,53106695943	0,07713137567	0,199508190155	45022,793077581
229	0,148378205329	0,148269375732	0,594037798222	0,530786505591	0,07713137567	0,199508190155	45022,847181875
230	0,148284874861	0,148137600726	0,593652452645	0,530335435543	0,07713137567	0,199508190155	45022,901262419
231	0,148134141249	0,147963195406	0,593059498096	0,529709955757	0,07713137567	0,199508190155	45022,9552768287
232	0,147979964777	0,147790161699	0,592473464873	0,529081148221	0,07713137567	0,199508190155	45023,0092812037
233	0,147803898717	0,14760286526	0,59180921277	0,528409970983	0,07713137567	0,199508190155	45023,0632984491
234	0,14758464473	0,147407791382	0,590971900161	0,527704788511	0,07713137567	0,199508190155	45023,1171953704
235	0,1473914277	0,147216646278	0,590232263892	0,527023790489	0,07713137567	0,199508190155	45023,1710067593
236	0,147242880718	0,151564904404	0,589675950912	0,546382103808	0,07713137567	0,199508190155	45025,431439537
237	0,152110824993	0,151884651484	0,607454802326	0,545279829254	0,07713137567	0,199508190155	45025,4858656829
238	0,151911480114	0,152057753431	0,606502361115	0,545820046523	0,07713137567	0,199508190155	45025,5401369444
239	0,152046096777	0,151989268398	0,606948604908	0,545445358413	0,07713137567	0,199508190155	45025,5943554167
240	0,151996953986	0,15190010739	0,606735795969	0,54500707038	0,07713137567	0,199508190155	45025,6485807986
241	0,151884067348	0,151739976883	0,60629991966	0,544334385017	0,07713137567	0,199508190155	45025,7027135069
242	0,151747741978	0,151517836043	0,605796473201	0,543427768417	0,07713137567	0,199508190155	45025,7568585532
243	0,1515041256	0,151285361666	0,604884840899	0,54251963214	0,07713137567	0,199508190155	45025,8109234028
244	0,151257043325	0,150976596844	0,603973194615	0,541336732609	0,07713137567	0,199508190155	45025,8648688194
245	0,15097697951	0,15067696412	0,602949288717	0,540184831744	0,07713137567	0,199508190155	45025,9188095023
246	0,150691565017	0,150364370554	0,601913694998	0,539007192093	0,07713137567	0,199508190155	45025,972755625
247	0,150360455813	0,15002335939	0,600694943766	0,537728487087	0,07713137567	0,199508190155	45026,026655
248	0,150022580319	0,14966559234	0,599456922025	0,536395954585	0,07713137567	0,199508190155	45026,0805255208
249	0,149667118773	0,14933107855	0,598152679925	0,535139552617	0,07713137567	0,199508190155	45026,134348831
250	0,14932857115	0,148895805627	0,596913881163	0,533541770996	0,07713137567	0,199508190155	45026,1881671528
251	0,148908537637	0,148522482426	0,595360445375	0,532176435855	0,07713137567	0,199508190155	45026,2419567014
252	0,148516546407	0,148165999039	0,593912361058	0,530864496428	0,07713137567	0,199508190155	45026,2956710648
253	0,14816591901	0,147774641368	0,592620790902	0,52940435398	0,07713137567	0,199508190155	45026,3493520139
254	0,147765256521	0,147313526232	0,591142347642	0,527731632804	0,07713137567	0,199508190155	45026,4029781134
255	0,147321400203	0,146968657079	0,589482090133	0,526465658289	0,07713137567	0,199508190155	45026,4565314931
256	0,146971580272	0,146607015929	0,588193423639	0,525137637669	0,07713137567	0,199508190155	45026,5100625116
257	0,14661284526	0,146231104839	0,586864212817	0,52374891563	0,07713137567	0,199508190155	45026,5635653125
258	0,146233864576	0,145851393404	0,585460220499	0,522358243191	0,07713137567	0,199508190155	45026,6170222338
259	0,145834866002	0,145430304168	0,583970933383	0,520850438689	0,07713137567	0,199508190155	45026,6703730671
260	0,145456858094	0,145151337458	0,582560615572	0,519819989006	0,07713137567	0,199508190155	45026,7237638194
261	0,145141307691	0,144812925626	0,58138692459	0,518590931008	0,07713137567	0,199508190155	45026,7771017593
262	0,144809861898	0,144492619049	0,58014544129	0,517419981289	0,07713137567	0,199508190155	45026,8303448148
263	0,144491399088	0,144161934003	0,5789629345	0,516210551515	0,07713137567	0,199508190155	45026,8835823264
264	0,1441635452	0,143837744005	0,577735426553	0,515018295302	0,07713137567	0,199508190155	45026,9367486921
265	0,143837801934	0,143503173845	0,576517595174	0,513822995666	0,07713137567	0,199508190155	45026,9898879861
266	0,143491195031	0,143207411615	0,575209883964	0,512778610659	0,07713137567	0,199508190155	45027,0429473495
267	0,143207133137	0,142998182662	0,57414120764	0,512022567475	0,07713137567	0,199508190155	45027,0959548264
268	0,143008910902	0,14274501239	0,573401570906	0,511078994134	0,07713137567	0,199508190155	45027,1489801389
269	0,142716581406	0,142475068213	0,572291402036	0,510098029817	0,07713137567	0,199508190155	45027,2018647917
270	0,14251639594	0,142249032084	0,571561643383	0,509247767863	0,07713137567	0,199508190155	45027,2548664468
271	0,142230654542	0,141979086636	0,570479757967	0,508252475402	0,07713137567	0,199508190155	45027,3077704051
272	0,141982508574	0,141711656383	0,569550734777	0,507319887954	0,07713137567	0,199508190155	45027,3606381713
273	0,141710130982	0,141503735892	0,568516898992	0,506584102208	0,07713137567	0,199508190155	45027,4134695139
274	0,141492841705	0,14134360708	0,567690903996	0,506002595037	0,07713137567	0,199508190155	45027,4662189815
275	0,141352291521	0,141182128482	0,567165785948	0,50540162644	0,07713137567	0,199508190155	45027,5190203819
276	0,14117585387	0,140981945162	0,566502007232	0,504671256806	0,07713137567	0,199508190155	45027,571761875
277	0,140981610037	2,5232E-8	0,565774956859	8,9017E-8	0,07713137567	0,199508190155	45027,6315006366
278	7,62951094834821E-14	0,073747916466	2,89695757451923E-13	0,258571379535	0,079817041755	0,205419421196	45027,7586035532
279	0,158279305515	0,142218005193	0,62945242214	0,508791934579	0,079817041755	0,205419421196	45027,8137074884
280	0,142179649473	0,142046235444	0,570304170414	0,508324165645	0,079817041755	0,205419421196	45027,8666499653
281	0,142042994585	0,141889917575	0,569757791926	0,507757797176	0,079817041755	0,205419421196	45027,9195271296
282	0,141879612459	0,141654856158	0,569129279486	0,506887762413	0,079817041755	0,205419421196	45027,9723160648
283	0,141660616842	0,141352637031	0,568307673069	0,505792561139	0,079817041755	0,205419421196	45028,025112581
284	0,141356332059	0,141077503938	0,567154402125	0,504829347242	0,079817041755	0,205419421196	45028,0778744676
285	0,141079401055	0,140855345932	0,566101125403	0,50404966374	0,079817041755	0,205419421196	45028,130577662
286	0,140842954583	0,140746860221	0,565201597513	0,503623885701	0,079817041755	0,205419421196	45028,1832061574
287	0,140730639784	0,140534995908	0,564771930521	0,502841229479	0,079817041755	0,205419421196	45028,2357448032
288	0,140553545301	0,14022758066	0,564119692872	0,501712163891	0,079817041755	0,205419421196	45028,2883423958
289	0,140234158365	0,140036419873	0,562918285903	0,501037268647	0,079817041755	0,205419421196	45028,3409317477
290	0,140033128777	0,139810412142	0,562154566591	0,500248630961	0,079817041755	0,205419421196	45028,3934922801
291	0,139804956012	0,139661865354	0,561280478832	0,499745801491	0,079817041755	0,205419421196	45028,4459831829
292	0,139653643239	0,139593364637	0,560695575761	0,499483864795	0,079817041755	0,205419421196	45028,498408206
293	0,139604128816	0,139482311594	0,560513384579	0,49906843063	0,079817041755	0,205419421196	45028,5508404861
294	0,139496127468	0,13928603501	0,560109330604	0,498365808661	0,079817041755	0,205419421196	45028,6033420139
295	0,1392634162	0,139231726668	0,559217258816	0,498141258325	0,079817041755	0,205419421196	45028,655740463
296	0,139229312513	0,139019871679	0,559088898588	0,497400542742	0,079817041755	0,205419421196	45028,7081106019
297	0,139015141366	0,138972111365	0,558269109632	0,497209774418	0,079817041755	0,205419421196	45028,7604782523
298	0,13896756425	0,138818408509	0,558084525965	0,496683799088	0,079817041755	0,205419421196	45028,812778669
299	0,138824316504	0,138775844104	0,557549966787	0,496469550836	0,079817041755	0,205419421196	45028,8651217014
300	0,138788448159	0,138638853692	0,557422712575	0,495966083207	0,079817041755	0,205419421196	45028,9175060301
301	0,138621049029	0,138454179896	0,55677994501	0,495339008011	0,079817041755	0,205419421196	45028,9698342477
302	0,138454773169	0,138447707952	0,556142682315	0,495288375559	0,079817041755	0,205419421196	45029,0221034144
303	0,138446327366	0,138283675799	0,556113383686	0,494671574142	0,079817041755	0,205419421196	45029,0743879398
304	0,138277446807	0,138052490172	0,555468654696	0,493878453937	0,079817041755	0,205419421196	45029,1266199537
305	0,138054631894	0,138039552641	0,554620007463	0,493801878799	0,079817041755	0,205419421196	45029,1788586343
306	0,13803469169	0,137901378172	0,554543229954	0,493278426642	0,079817041755	0,205419421196	45029,2310810301
307	0,13788646883	0,137711497448	0,553984292781	0,492617988275	0,079817041755	0,205419421196	45029,2832485532
308	0,137694036608	0,137617179102	0,553243058993	0,492263583919	0,079817041755	0,205419421196	45029,3353028588
309	0,137625479722	0,137406694672	0,552990739989	0,491521086037	0,079817041755	0,205419421196	45029,3874042708
310	0,137434230633	0,137318854627	0,552266657721	0,491224921885	0,079817041755	0,205419421196	45029,4395709606
311	0,137308996392	0,137325300293	0,551787262776	0,491227513828	0,079817041755	0,205419421196	45029,4917065509
312	0,13730653159	0,137211627787	0,551770750392	0,490788992746	0,079817041755	0,205419421196	45029,543761794
313	0,137229883989	0,137002364714	0,551485110778	0,490038730274	0,079817041755	0,205419421196	45029,5958544444
314	0,137016679746	0,136900339926	0,550697690687	0,489666367635	0,079817041755	0,205419421196	45029,647990706
315	0,136896906208	0,136754390349	0,550228623245	0,489165472231	0,079817041755	0,205419421196	45029,7000479282
316	0,13675765859	0,136711754946	0,549689769976	0,489024916885	0,079817041755	0,205419421196	45029,7520935995
317	0,13671053576	0,13673115107	0,549506152339	0,489045901249	0,079817041755	0,205419421196	45029,804120081
318	0,13672555944	0,13662007726	0,549565495247	0,488609462063	0,079817041755	0,205419421196	45029,8561534954
319	0,136613350997	0,13642630612	0,549138499314	0,487923388618	0,079817041755	0,205419421196	45029,9081325926
320	0,136436564422	0,136347485218	0,548461478784	0,487654741577	0,079817041755	0,205419421196	45029,9601176042
321	0,136345396529	0,136236458033	0,548120410093	0,48725640261	0,079817041755	0,205419421196	45030,0121022569
322	0,136230725343	0,136177033891	0,547680195333	0,487019518116	0,079817041755	0,205419421196	45030,064056412
323	0,136177826832	0,136059471818	0,547486946772	0,486569322096	0,079817041755	0,205419421196	45030,1160288194
324	0,13605476383	0,135921307097	0,54701739231	0,48606380323	0,079817041755	0,205419421196	45030,1679876389
325	0,135912901618	0,135743005215	0,546481240736	0,485437202975	0,079817041755	0,205419421196	45030,2198968866
326	0,135736033851	0,135631972729	0,545804091544	0,485056284867	0,079817041755	0,205419421196	45030,2717302546
327	0,135632462898	0,135560907651	0,545400795454	0,484826311368	0,079817041755	0,205419421196	45030,3235849421
328	0,13556361953	4,6001E-8	0,545139068143	1,62845E-7	0,079817041755	0,205419421196	45030,3824585069
329	9,28257165382365E-13	0,070498280806	3,52469590773899E-12	0,247203401535	0,082516640425	0,209956273437	45030,5078407176
330	0,153888092596	0,137246542124	0,612932086212	0,49055378904	0,082516640425	0,209956273437	45030,5622517245
331	0,137185762029	0,13714959181	0,551290653454	0,490372959366	0,082516640425	0,209956273437	45030,6143655903
332	0,137144659101	0,137001071087	0,551100913692	0,489831118536	0,082516640425	0,209956273437	45030,6664219097
333	0,137008482051	0,136848680719	0,550580261412	0,489241628098	0,082516640425	0,209956273437	45030,7185459606
334	0,1368417455	0,136670418468	0,54994291244	0,488597012974	0,082516640425	0,209956273437	45030,7705754745
335	0,136686721407	0,136440498493	0,549357748377	0,487755565789	0,082516640425	0,209956273437	45030,8225972454
336	0,136423971509	0,136180889549	0,548358880142	0,48685595935	0,082516640425	0,209956273437	45030,874516412
337	0,136190211603	0,136086605113	0,547467301886	0,48652312594	0,082516640425	0,209956273437	45030,9264588542
338	0,136060903867	0,135938095412	0,546965390816	0,485984391104	0,082516640425	0,209956273437	45030,9782671528
339	0,135946475949	0,135763701109	0,54653675174	0,485328193295	0,082516640425	0,209956273437	45031,0301235185
340	0,135767299624	0,135566059053	0,545862892107	0,484608549899	0,082516640425	0,209956273437	45031,0819628704
341	0,135560533178	0,135390410758	0,545085463919	0,483964907324	0,082516640425	0,209956273437	45031,133768912
342	0,135382307554	0,135144984861	0,544407920581	0,483127526934	0,082516640425	0,209956273437	45031,1854990278
343	0,135174720543	0,135102400112	0,5436197857	0,482973193448	0,082516640425	0,209956273437	45031,2373409722
344	0,135086271947	0,134947382225	0,54328006607	0,4823944687	0,082516640425	0,209956273437	45031,2891176505
345	0,134934630817	0,13478078719	0,542701860003	0,481794859408	0,082516640425	0,209956273437	45031,3408369676
346	0,134781442973	0,134649006887	0,542119705361	0,481317025144	0,082516640425	0,209956273437	45031,3925388079
347	0,134646404391	0,134510791727	0,541618234527	0,480810987537	0,082516640425	0,209956273437	45031,4442362153
348	0,134496742842	0,134341618979	0,541040155678	0,480195756337	0,082516640425	0,209956273437	45031,4958681713
349	0,134356949391	0,134149131928	0,54051948567	0,479545936322	0,082516640425	0,209956273437	45031,5475130208
350	0,134156349186	0,134137533588	0,539746241139	0,479512433529	0,082516640425	0,209956273437	45031,5991400926
351	0,134138678879	0,134012211877	0,539678295466	0,479044702078	0,082516640425	0,209956273437	45031,6507936343
352	0,134003843939	0,133930857343	0,53916227661	0,478745391865	0,082516640425	0,209956273437	45031,7023956134
353	0,133919762049	0,133808166331	0,538844054807	0,478294644486	0,082516640425	0,209956273437	45031,7539832407
354	0,133823263943	0,133626004763	0,538486315033	0,477659189821	0,082516640425	0,209956273437	45031,8056177662
355	0,133653741105	0,133611824893	0,537841566848	0,477599391982	0,082516640425	0,209956273437	45031,8573033565
356	0,133551567917	0,133486533065	0,537431462904	0,477142396152	0,082516640425	0,209956273437	45031,9087487616
357	0,133526320117	0,133376778734	0,537355741262	0,476711697957	0,082516640425	0,209956273437	45031,960359919
358	0,133349299912	0,133237258928	0,536671636029	0,476206948311	0,082516640425	0,209956273437	45032,0118524884
359	0,133244639686	0,133113265601	0,536284345397	0,47575580827	0,082516640425	0,209956273437	45032,0633825694
360	0,133091277471	0,13299701008	0,535690142051	0,475349925441	0,082516640425	0,209956273437	45032,1148332523
361	0,133029732647	0,132809731866	0,535476963378	0,474693169303	0,082516640425	0,209956273437	45032,1664005556
362	0,13279538744	0,132820065191	0,534562263447	0,474747023472	0,082516640425	0,209956273437	45032,2178789931
363	0,13281292399	0,132729648069	0,534629454392	0,47440445422	0,082516640425	0,209956273437	45032,2693438773
364	0,132732486803	0,132635338625	0,53432228325	0,47404831392	0,082516640425	0,209956273437	45032,3208279514
365	0,132615829376	0,132557859246	0,533876058285	0,47376998172	0,082516640425	0,209956273437	45032,3722367593
366	0,132590642826	0,132454487426	0,533793914113	0,473381182344	0,082516640425	0,209956273437	45032,4237576852
367	0,132433357801	0,132336977699	0,533189514544	0,472962328969	0,082516640425	0,209956273437	45032,4752148611
368	0,132347684029	0,13218198588	0,532867603044	0,472430501792	0,082516640425	0,209956273437	45032,5267230093
369	0,132172662363	0,132150976581	0,532177610283	0,472389049107	0,082516640425	0,209956273437	45032,5781316551
370	0,132157872374	0,132196181009	0,5321118402	0,472524162519	0,082516640425	0,209956273437	45032,6295472569
371	0,13218952619	0,132141946419	0,53222897859	0,472303475129	0,082516640425	0,209956273437	45032,6809643866
372	0,132130292075	0,132138040958	0,532003300583	0,472270283563	0,082516640425	0,209956273437	45032,7323497685
373	0,132123487324	0,132061864317	0,531970826727	0,471967621399	0,082516640425	0,209956273437	45032,783682581
374	0,13206621871	0,131922343239	0,531760232328	0,471440877513	0,082516640425	0,209956273437	45032,835048125
375	0,131919841029	0,131755744179	0,53120262451	0,470872542847	0,082516640425	0,209956273437	45032,8863590856
376	0,131784382927	0,131669199032	0,530689095386	0,470611282251	0,082516640425	0,209956273437	45032,9377414931
377	0,131655803656	0,131713166633	0,530182198538	0,470750149123	0,082516640425	0,209956273437	45032,9890481944
378	0,131724245548	0,131662719247	0,530446090038	0,470540763693	0,082516640425	0,209956273437	45033,0404086111
379	0,131658981294	6,9737E-8	0,530194525596	2,47296E-7	0,082516640425	0,209956273437	45033,0987625116
380	3,4968591846596E-13	0,067550895847	1,32793868447607E-12	0,236905636074	0,083552129567	0,216469988227	45033,2227494907
381	0,150060835935	0,133441357035	0,598487083417	0,476531055434	0,083552129567	0,216469988227	45033,2769011458
382	0,133335552845	0,133182996788	0,536603886163	0,475755190894	0,083552129567	0,216469988227	45033,3286308333
383	0,133185168675	0,133028010479	0,536000568578	0,475217784725	0,083552129567	0,216469988227	45033,3803158681
384	0,133000110582	0,132836871732	0,535276851844	0,474539585662	0,083552129567	0,216469988227	45033,431837963
385	0,132842467928	0,132632741412	0,53467980455	0,473787073983	0,083552129567	0,216469988227	45033,4833557755
386	0,132620513502	0,132414467251	0,533837244325	0,473002867802	0,083552129567	0,216469988227	45033,5347993171
387	0,132436082195	0,13214065258	0,533142825151	0,472092875866	0,083552129567	0,216469988227	45033,5862899421
388	0,132134767404	0,132110912957	0,531976259377	0,471986807876	0,083552129567	0,216469988227	45033,6377382986
389	0,132109620158	0,131995972471	0,531876839593	0,471553822402	0,083552129567	0,216469988227	45033,6891674653
390	0,131981115223	0,131844885053	0,531388364761	0,470989793149	0,083552129567	0,216469988227	45033,7405230324
391	0,131879116503	0,131683397129	0,531016878551	0,470384103506	0,083552129567	0,216469988227	45033,791984537
392	0,131616920304	0,131512888157	0,52999544047	0,469788516694	0,083552129567	0,216469988227	45033,8431365278
393	0,131560529943	0,131317876374	0,529808688989	0,469057234392	0,083552129567	0,216469988227	45033,8944771181
394	0,131278880455	0,131169330432	0,528732695826	0,468535292781	0,083552129567	0,216469988227	45033,9456531597
395	0,131214301146	0,131031149393	0,528500367575	0,468017857123	0,083552129567	0,216469988227	45033,9969939931
396	0,131014815273	0,130880055406	0,527743266995	0,467484286669	0,083552129567	0,216469988227	45034,0482816667
397	0,130866607837	0,130743101658	0,527176659907	0,46700054693	0,083552129567	0,216469988227	45034,0995064005
398	0,130771072596	0,130624249561	0,526825782206	0,466566956879	0,083552129567	0,216469988227	45034,1508379745
399	0,130616169041	0,130500262378	0,526229691586	0,466129268953	0,083552129567	0,216469988227	45034,2021244097
400	0,130503827946	0,130372366132	0,525806436666	0,465666391964	0,083552129567	0,216469988227	45034,2534158333
401	0,130348486601	0,130252258557	0,525207532239	0,465245151815	0,083552129567	0,216469988227	45034,3045980671
402	0,130256373896	0,130152811697	0,524860824773	0,464894254826	0,083552129567	0,216469988227	45034,3558072454
403	0,130146522402	0,130054649562	0,524437487822	0,464544933021	0,083552129567	0,216469988227	45034,4069973727
404	0,130072452158	0,12993452482	0,524167864401	0,464090965897	0,083552129567	0,216469988227	45034,4582575926
405	0,129926926519	0,129807958014	0,523607437888	0,463642204551	0,083552129567	0,216469988227	45034,5094774074
406	0,129823750397	0,129704628157	0,523220273852	0,46328251675	0,083552129567	0,216469988227	45034,5607271181
407	0,129708164561	0,129649075782	0,522772503287	0,463079001733	0,083552129567	0,216469988227	45034,6119687037
408	0,129646849027	0,129531526846	0,522535919493	0,462629310346	0,083552129567	0,216469988227	45034,6632036806
409	0,129536843097	0,129472134282	0,52212199988	0,462451192349	0,083552129567	0,216469988227	45034,7144905208
410	0,129467286007	0,129424270758	0,521858406166	0,46227671363	0,083552129567	0,216469988227	45034,7657597338
411	0,129431259193	0,129339066499	0,521720220185	0,461965218262	0,083552129567	0,216469988227	45034,8170298958
412	0,129319396584	0,129256417914	0,521283896493	0,461668089684	0,083552129567	0,216469988227	45034,8682143287
413	0,129243670346	0,129169844159	0,520992359369	0,461360660984	0,083552129567	0,216469988227	45034,9193668518
414	0,129168895614	0,129094963687	0,520704477293	0,461093195906	0,083552129567	0,216469988227	45034,9705027778
415	0,129111722662	0,129027785208	0,520493264997	0,460843400277	0,083552129567	0,216469988227	45035,0217030787
416	0,129035887627	0,128941269945	0,520203951729	0,460535859386	0,083552129567	0,216469988227	45035,0729279167
417	0,128927943566	0,128862495881	0,519786201689	0,460245523588	0,083552129567	0,216469988227	45035,1240931482
418	0,128853232344	0,128792715738	0,519495347197	0,460001674274	0,083552129567	0,216469988227	45035,1752302894
419	0,12882063519	0,128737189854	0,519381501716	0,45979179765	0,083552129567	0,216469988227	45035,2264630787
420	0,128735563757	0,128642893124	0,51905686176	0,459453240707	0,083552129567	0,216469988227	45035,2776916204
421	0,128605993255	0,128573140534	0,518549503007	0,459212088175	0,083552129567	0,216469988227	45035,3288085764
422	0,128612700434	0,128511168983	0,518591563787	0,458987975685	0,083552129567	0,216469988227	45035,3801043982
423	0,128493470827	0,128468507512	0,518134156532	0,45883073483	0,083552129567	0,216469988227	45035,4313470718
424	0,128480710292	0,128418141933	0,518082842717	0,458643390028	0,083552129567	0,216469988227	45035,4826448611
425	0,128422518764	0,128341989029	0,517863886937	0,458366025844	0,083552129567	0,216469988227	45035,5339163889
426	0,128351982434	0,128273471569	0,517598773636	0,458118892466	0,083552129567	0,216469988227	45035,5852517708
427	0,128249681294	0,128210198763	0,517199278501	0,457902653693	0,083552129567	0,216469988227	45035,6365094213
428	0,128210336965	0,128181800665	0,517048619555	0,457794535477	0,083552129567	0,216469988227	45035,6878057639
429	0,12815611473	0,128126210565	0,516833276623	0,457601003734	0,083552129567	0,216469988227	45035,7389651505
430	0,128170970632	8,2664E-8	0,516903563619	2,93806E-7	0,083552129567	0,216469988227	45035,7973309259
431	3,98641947051194E-12	0,064967505527	1,51376882052509E-11	0,227889892913	0,086562946439	0,219043433666	45035,9195096528
432	0,146671848918	0,129854460307	0,585704304692	0,463549839983	0,086562946439	0,219043433666	45035,9736410764
433	0,129733801376	0,129713665524	0,522864720422	0,463205789352	0,086562946439	0,219043433666	45036,0253201505
434	0,129714102485	0,129696869367	0,522755952937	0,463150607256	0,086562946439	0,219043433666	45036,0769132755
435	0,12970345824	0,12959096222	0,522702759317	0,462735326934	0,086562946439	0,219043433666	45036,128581169
436	0,129585350878	0,129466961898	0,522248487645	0,462271296857	0,086562946439	0,219043433666	45036,1802340394
437	0,129403216426	0,129326167328	0,521526861527	0,461779372475	0,086562946439	0,219043433666	45036,2315732986
438	0,129374871363	0,129193139387	0,521441235166	0,461256590677	0,086562946439	0,219043433666	45036,2831319097
439	0,129162228167	0,129023932094	0,520628334891	0,460641429099	0,086562946439	0,219043433666	45036,3345774421
440	0,129013345534	0,128866362982	0,520056873439	0,460067339567	0,086562946439	0,219043433666	45036,3859739236
441	0,128827195499	0,128710042782	0,519338549495	0,459503520421	0,086562946439	0,219043433666	45036,4371931944
442	0,128758146402	0,128556389093	0,519103355112	0,458935966464	0,086562946439	0,219043433666	45036,4886497106
443	0,128566142564	0,128419423266	0,518379061738	0,45843851539	0,086562946439	0,219043433666	45036,5401342014
444	0,128378955926	0,128277388688	0,517651485116	0,457933064593	0,086562946439	0,219043433666	45036,5913934838
445	0,128284670489	0,128157240209	0,517300660232	0,457493504208	0,086562946439	0,219043433666	45036,6427075579
446	0,128175555174	0,128034548984	0,516894106603	0,457055914865	0,086562946439	0,219043433666	45036,6941312732
447	0,128066457509	0,12794797968	0,516490540015	0,456728513687	0,086562946439	0,219043433666	45036,745665
448	0,12792999459	0,127844676103	0,515962444425	0,456364355948	0,086562946439	0,219043433666	45036,7971061227
449	0,12783006944	0,127725846681	0,51557540912	0,45593363174	0,086562946439	0,219043433666	45036,8484489931
450	0,127712232907	0,127614730061	0,5151291498	0,45552046593	0,086562946439	0,219043433666	45036,8997465394
451	0,127614291795	0,127508846012	0,514755080499	0,455146925217	0,086562946439	0,219043433666	45036,951039838
452	0,127557777404	0,127430027866	0,514566185846	0,454848299588	0,086562946439	0,219043433666	45037,0025728588
453	0,127401493692	0,12730860102	0,513955240732	0,454423998401	0,086562946439	0,219043433666	45037,0539349306
454	0,127337296752	0,12723887598	0,513723081188	0,454168539515	0,086562946439	0,219043433666	45037,105421169
455	0,127240255576	0,127136839113	0,513349716282	0,453790944929	0,086562946439	0,219043433666	45037,1569236458
456	0,127110833978	0,12705804555	0,512848738897	0,453520019462	0,086562946439	0,219043433666	45037,2083079282
457	0,127082016804	0,126980561933	0,512751472155	0,45323381717	0,086562946439	0,219043433666	45037,2597935764
458	0,126962128958	0,126884940849	0,512282366685	0,452884408136	0,086562946439	0,219043433666	45037,3112087384
459	0,126866774117	0,126817799457	0,51191751232	0,452644474142	0,086562946439	0,219043433666	45037,3625848495
460	0,126857188999	0,126755805655	0,511898149391	0,452426409487	0,086562946439	0,219043433666	45037,4141102894
461	0,126744443986	0,126678312288	0,511466718177	0,452135835477	0,086562946439	0,219043433666	45037,465636794
462	0,126675911783	0,126608549948	0,51120806926	0,451879832539	0,086562946439	0,219043433666	45037,5171478819
463	0,126602946681	0,126516833265	0,510927901055	0,451562908638	0,086562946439	0,219043433666	45037,5686617361
464	0,126499342701	0,126471642825	0,510531397687	0,451397721499	0,086562946439	0,219043433666	45037,6201011111
465	0,126470348486	0,126417371145	0,510419203921	0,451193905044	0,086562946439	0,219043433666	45037,6715558218
466	0,126500910596	0,126350223186	0,510564072455	0,450935669446	0,086562946439	0,219043433666	45037,7233819907
467	0,126277178239	0,126275333813	0,509691161684	0,450697549012	0,086562946439	0,219043433666	45037,7749026389
468	0,126227791325	0,126197812048	0,509480518374	0,450414135046	0,086562946439	0,219043433666	45037,8262063426
469	0,126285366399	0,126151310391	0,509741617585	0,450212792919	0,086562946439	0,219043433666	45037,8778893866
470	0,126153183555	0,126098375572	0,509229163157	0,450024862599	0,086562946439	0,219043433666	45037,929562419
471	0,126098075479	0,126053116254	0,509018905676	0,449862728633	0,086562946439	0,219043433666	45037,9812389699
472	0,126053967874	0,126006618836	0,50884804443	0,449700455836	0,086562946439	0,219043433666	45038,0329310069
473	0,12603538855	0,125936919227	0,508787934781	0,449409725726	0,086562946439	0,219043433666	45038,0847343171
474	0,125959656112	0,125894278102	0,508505907053	0,449259034159	0,086562946439	0,219043433666	45038,1366081829
475	0,125837218877	0,125806411143	0,508016932931	0,448958906445	0,086562946439	0,219043433666	45038,1882590278
476	0,125829359325	0,125761270931	0,50799737565	0,448795124457	0,086562946439	0,219043433666	45038,2400214931
477	0,125763645821	0,125688888913	0,507752067346	0,448541635552	0,086562946439	0,219043433666	45038,2918416204
478	0,125690795069	0,125650167873	0,507475466418	0,448411533525	0,086562946439	0,219043433666	45038,3436899074
479	0,125677763037	0,125612694046	0,507432144443	0,448258227406	0,086562946439	0,219043433666	45038,3956398032
480	0,125587128606	0,125539059941	0,507079958036	0,447992067972	0,086562946439	0,219043433666	45038,4474821065
481	0,125646304914	9,4745E-8	0,507342055052	3,37189E-7	0,086562946439	0,219043433666	45038,5068158102
482	7,69309020625111E-13	0,062707534625	2,92145986699799E-12	0,220009849529	0,089214771986	0,222660541534	45038,6277764468
483	0,143895913586	0,127333191994	0,575312837956	0,454057667692	0,089214771986	0,222660541534	45038,6827499884
484	0,127175087865	0,127091594842	0,513195575274	0,45335168191	0,089214771986	0,222660541534	45038,7351788889
485	0,127083823317	0,126983135832	0,512818756338	0,453006219279	0,089214771986	0,222660541534	45038,7875597917
486	0,12698945961	0,126863006217	0,512447957614	0,452567870684	0,089214771986	0,222660541534	45038,8399550579
487	0,126858337982	0,126722251701	0,511939130998	0,452052562766	0,089214771986	0,222660541534	45038,8923088657
488	0,126742119237	0,126591788336	0,511499500195	0,451597760523	0,089214771986	0,222660541534	45038,9447459491
489	0,126502350417	0,126440682694	0,51055205512	0,451065000494	0,089214771986	0,222660541534	45038,9967805324
490	0,126503206471	0,12630760516	0,510587277041	0,450565709923	0,089214771986	0,222660541534	45039,0491138079
491	0,126325358202	0,126168112481	0,509912231263	0,450050950825	0,089214771986	0,222660541534	45039,1015216088
492	0,12614929525	0,126019597481	0,509235898098	0,449526983989	0,089214771986	0,222660541534	45039,1538089236
493	0,126119314437	0,12592007687	0,509161279793	0,449152520077	0,089214771986	0,222660541534	45039,2065040509
494	0,125869692017	0,125788383245	0,508190311445	0,448677104571	0,089214771986	0,222660541534	45039,2589988773
495	0,12583562021	0,125660499079	0,508078832175	0,448204657793	0,089214771986	0,222660541534	45039,3116651042
496	0,125601928706	0,125567480717	0,507171190088	0,447903559305	0,089214771986	0,222660541534	45039,3641128935
497	0,125591240836	0,125424110551	0,507133030382	0,447388708831	0,089214771986	0,222660541534	45039,4166322454
498	0,12536319616	0,125336313954	0,506245775274	0,447067683852	0,089214771986	0,222660541534	45039,4688913542
499	0,125410657479	0,125239393098	0,506460394995	0,446712082497	0,089214771986	0,222660541534	45039,5214844097
500	0,125202265467	0,125136073202	0,505647319768	0,446354929101	0,089214771986	0,222660541534	45039,5738983333
501	0,125158703883	0,125053443266	0,505491551684	0,446054289458	0,089214771986	0,222660541534	45039,6264221528
502	0,125092013109	0,124956557167	0,505259118191	0,445698080717	0,089214771986	0,222660541534	45039,6790467014
503	0,124938299336	0,12485970095	0,504661517525	0,445354357578	0,089214771986	0,222660541534	45039,7315991551
504	0,12495942197	0,124818364895	0,504779487609	0,445197274535	0,089214771986	0,222660541534	45039,7845789236
505	0,124773255066	0,124730455127	0,504055010811	0,444900745469	0,089214771986	0,222660541534	45039,8373639005
506	0,124798832581	0,124659475668	0,504178712519	0,444624465102	0,089214771986	0,222660541534	45039,8904245718
507	0,124709147587	0,124602660396	0,503857909703	0,444428796461	0,089214771986	0,222660541534	45039,9437307407
508	0,124611783465	0,124558700849	0,503483670205	0,444266055325	0,089214771986	0,222660541534	45039,9970481829
509	0,124553002463	0,124490257778	0,503255863201	0,444025006834	0,089214771986	0,222660541534	45040,0503642824
510	0,12437584072	0,124402417735	0,502533814225	0,443721966532	0,089214771986	0,222660541534	45040,1031673611
511	0,12455201228	0,124380467207	0,503269111277	0,443618363395	0,089214771986	0,222660541534	45040,1566468171
512	0,12426619457	0,124293952581	0,502130823648	0,443337276946	0,089214771986	0,222660541534	45040,2096074421
513	0,124498834386	0,124282308463	0,503102880789	0,44328033364	0,089214771986	0,222660541534	45040,2635079167
514	0,124164237255	0,124160927396	0,501780561336	0,44284143878	0,089214771986	0,222660541534	45040,3168459954
515	0,124197635895	0,124126039126	0,501917812811	0,442720909157	0,089214771986	0,222660541534	45040,3703921759
516	0,12414269766	0,124080848261	0,50172112096	0,442569109096	0,089214771986	0,222660541534	45040,4240075579
517	0,123995049017	0,1239103164	0,50114028891	0,441954308992	0,089214771986	0,222660541534	45040,477474919
518	0,123924995574	0,123946508681	0,500872979174	0,442123840398	0,089214771986	0,222660541534	45040,5310113773
519	0,124086847088	0,123985267655	0,501541157764	0,442277454138	0,089214771986	0,222660541534	45040,5851942824
520	0,123951635991	0,123898682455	0,501000781045	0,441950048283	0,089214771986	0,222660541534	45040,6391089468
521	0,123892137124	0,123825110869	0,500778118355	0,441673683575	0,089214771986	0,222660541534	45040,6930204977
522	0,123815707001	0,123754033285	0,500486547268	0,441422659485	0,089214771986	0,222660541534	45040,7469149884
523	0,123860148134	0,123748869803	0,500700925699	0,441388094584	0,089214771986	0,222660541534	45040,8012569213
524	0,123677261383	0,123641697216	0,49997628081	0,440980601901	0,089214771986	0,222660541534	45040,8552794213
525	0,123635413333	0,123610654218	0,49981817818	0,440888677755	0,089214771986	0,222660541534	45040,9092888079
526	0,123584881864	0,123530596278	0,499617579579	0,440598190385	0,089214771986	0,222660541534	45040,9632047685
527	0,123643141886	0,123512490176	0,499884775799	0,440525882186	0,089214771986	0,222660541534	45041,0176561227
528	0,12338630894	0,123431107666	0,498857414822	0,440245452461	0,089214771986	0,222660541534	45041,0715159375
529	0,123547213339	0,123410466025	0,499513470177	0,44016833351	0,089214771986	0,222660541534	45041,1259171759
530	0,123448583552	0,123387237555	0,499153041608	0,440096684912	0,089214771986	0,222660541534	45041,1804856366
531	0,123394149368	0,123317451054	0,498947510228	0,439850121541	0,089214771986	0,222660541534	45041,2351380208
532	0,123296660366	1,89689E-7	0,498567828759	6,76249E-7	0,089214771986	0,222660541534	45041,2966930903
533	6,35792579029017E-15	0,060357277789	2,41413939674343E-14	0,21183685712	0,089319683611	0,227317944169	45041,4167723727
534	0,141131180525	0,124851918213	0,564957346615	0,445179560415	0,089319683611	0,227317944169	45041,4730083796
535	0,125048395297	0,12487778268	0,505309412425	0,44543154167	0,089319683611	0,227317944169	45041,5282918287
536	0,124848641941	0,124764108477	0,504491165676	0,445037209174	0,089319683611	0,227317944169	45041,5834476968
537	0,124728876641	0,124641388853	0,504015850549	0,44459838781	0,089319683611	0,227317944169	45041,638534213
538	0,124669166623	0,124534195497	0,503805768636	0,444203373997	0,089319683611	0,227317944169	45041,6936879745
539	0,120057133415	0,121792570454	0,484203496923	0,434387990212	0,089319683611	0,227317944169	45041,7382634259
540	0,126402139502	0,124363700722	0,510454524821	0,44342167921	0,089319683611	0,227317944169	45041,7940155324
541	0,12433546748	0,124119579261	0,50255606758	0,442566625664	0,089319683611	0,227317944169	45041,8493234838
542	0,124164606341	0,123996871507	0,501931230274	0,442146417069	0,089319683611	0,227317944169	45041,9047963889
543	0,123995219885	0,123850919809	0,501282720274	0,441626357799	0,089319683611	0,227317944169	45041,9602669097
544	0,123815315865	0,123739829892	0,500590928042	0,441243144636	0,089319683611	0,227317944169	45042,0155775347
545	0,123674377598	0,123590022538	0,500025898375	0,440710899047	0,089319683611	0,227317944169	45042,070597338
546	0,123706429727	0,123530591402	0,500198203743	0,440501317079	0,089319683611	0,227317944169	45042,1261454861
547	0,123533817985	0,123450493194	0,499538620025	0,440229404703	0,089319683611	0,227317944169	45042,1817109259
548	0,123402994174	0,123357534385	0,499022979261	0,439910841882	0,089319683611	0,227317944169	45042,237077338
549	0,123388381563	0,123276133014	0,498983534181	0,439619834165	0,089319683611	0,227317944169	45042,2926185648
550	0,123310026774	0,123192186353	0,498697923217	0,439318172172	0,089319683611	0,227317944169	45042,3483500347
551	0,123121829582	0,123083702125	0,497960682819	0,438941587726	0,089319683611	0,227317944169	45042,4037692477
552	0,123054109119	0,123013931519	0,497685485847	0,438689956944	0,089319683611	0,227317944169	45042,4591020602
553	0,123007216308	0,12293901608	0,497512157372	0,438421015387	0,089319683611	0,227317944169	45042,514426713
554	0,122974980898	0,122870550755	0,497409262216	0,438169014341	0,089319683611	0,227317944169	45042,5699445255
555	0,122880982945	0,122811171545	0,497057689481	0,437958264852	0,089319683611	0,227317944169	45042,6255177894
556	0,122816496233	0,122733650839	0,496821354883	0,437686945486	0,089319683611	0,227317944169	45042,6811559375
557	0,122685982248	0,122665191873	0,49630182277	0,437447385446	0,089319683611	0,227317944169	45042,7365858912
558	0,122710172613	0,122613546443	0,496415166656	0,43725647802	0,089319683611	0,227317944169	45042,7922495949
559	0,122653663878	0,122557998093	0,496216087123	0,437065993427	0,089319683611	0,227317944169	45042,848089375
560	0,122512220028	0,122483077779	0,495660742457	0,436810158153	0,089319683611	0,227317944169	45042,9037925579
561	0,122477203059	0,122428811187	0,495525604904	0,436606261322	0,089319683611	0,227317944169	45042,959499375
562	0,122455927775	0,122379733511	0,495460420977	0,436452042069	0,089319683611	0,227317944169	45043,0153344329
563	0,122361250417	0,122342305673	0,495092476776	0,436322696341	0,089319683611	0,227317944169	45043,0711259028
564	0,122323086819	0,12225702745	0,49494043874	0,436018429863	0,089319683611	0,227317944169	45043,1268392245
565	0,122318616537	0,122224723041	0,494953131445	0,435910506761	0,089319683611	0,227317944169	45043,1828985069
566	0,122201227826	0,122135637269	0,494498995306	0,435586243922	0,089319683611	0,227317944169	45043,2388569329
567	0,122110618907	0,122054225937	0,494148212165	0,435291229868	0,089319683611	0,227317944169	45043,2947209607
568	0,122038825305	0,12201163292	0,493871528969	0,4351403282	0,089319683611	0,227317944169	45043,3505595718
569	0,121974859404	0,121952190554	0,493616383872	0,43492533407	0,089319683611	0,227317944169	45043,4062718634
570	0,121948992664	0,121877288677	0,493519358935	0,434655558233	0,089319683611	0,227317944169	45043,4620167361
571	0,121878535344	0,121812707622	0,493258387334	0,434418077646	0,089319683611	0,227317944169	45043,5177978125
572	0,12184892361	0,121771365422	0,493161645925	0,434273021871	0,089319683611	0,227317944169	45043,5737804167
573	0,121734548661	0,121693860188	0,492714709453	0,433994076829	0,089319683611	0,227317944169	45043,6295938657
574	0,121720407191	0,121657704358	0,492671451809	0,433862505728	0,089319683611	0,227317944169	45043,6855359491
575	0,121647479663	0,121620251514	0,492388121164	0,433739068205	0,089319683611	0,227317944169	45043,741447419
576	0,121604015136	0,121555657532	0,492222460163	0,433506506153	0,089319683611	0,227317944169	45043,7973387963
577	0,121518817402	0,121488516987	0,491886508998	0,433259112197	0,089319683611	0,227317944169	45043,8531142361
578	0,121457351896	0,121420062684	0,491638965941	0,433014227147	0,089319683611	0,227317944169	45043,9087731944
579	0,121482035284	0,12140838699	0,49176615382	0,432967246708	0,089319683611	0,227317944169	45043,9647501042
580	0,121390496107	0,121333513724	0,491409736046	0,432706896561	0,089319683611	0,227317944169	45044,0206664005
581	0,121366993754	0,121305078113	0,491338788794	0,432613094332	0,089319683611	0,227317944169	45044,076776169
582	0,121220587442	0,12121339089	0,490748213954	0,432289537153	0,089319683611	0,227317944169	45044,132561331
583	0,121215190415	8,9022E-8	0,490736192103	3,17751E-7	0,089319683611	0,227317944169	45044,195407963
584	2,3270008392462E-12	0,058325735925	8,83383607175071E-12	0,204726871665	0,09162337333	0,230162963271	45044,3131944097
585	0,138869676328	0,122793043615	0,556547325439	0,43755241466	0,09162337333	0,230162963271	45044,370687581
586	0,122878154058	0,122667778277	0,497128361242	0,437271307811	0,09162337333	0,230162963271	45044,4267367361
587	0,12275806406	0,122583827377	0,496666212938	0,437031263985	0,09162337333	0,230162963271	45044,4831125232
588	0,122576637366	0,122453354475	0,495959547001	0,436575444655	0,09162337333	0,230162963271	45044,5394251273
589	0,122475951587	0,122339695532	0,495586703302	0,436172650157	0,09162337333	0,230162963271	45044,5958573727
590	0,122323680713	0,122173089266	0,49499454505	0,435563885523	0,09162337333	0,230162963271	45044,6521922454
591	0,122141433983	0,12202707929	0,494294368311	0,435035763912	0,09162337333	0,230162963271	45044,7084022222
592	0,122079291022	0,1219547795	0,494075546072	0,434785431962	0,09162337333	0,230162963271	45044,7648452199
593	0,12190172909	0,121799808662	0,493385335722	0,434237105741	0,09162337333	0,230162963271	45044,8210882523
594	0,121792213882	0,121652554651	0,492967621952	0,433703074396	0,09162337333	0,230162963271	45044,8773380556
595	0,121655038118	0,121564698078	0,492450977607	0,43339996017	0,09162337333	0,230162963271	45044,9336287269
596	0,12153192677	0,121413564461	0,491973437758	0,432854065947	0,09162337333	0,230162963271	45044,9898125116
597	0,121440248003	0,121369660227	0,491634060765	0,432711069782	0,09162337333	0,230162963271	45045,0461242014
598	0,121354641632	0,121270175433	0,491310397628	0,432357871578	0,09162337333	0,230162963271	45045,1024145718
599	0,121192741207	0,121125538555	0,490664248986	0,431834230032	0,09162337333	0,230162963271	45045,1584125347
600	0,121177792753	0,121062239893	0,490636224635	0,431621422305	0,09162337333	0,230162963271	45045,2147028009
601	0,121035402051	0,120961525688	0,490084091271	0,431248225945	0,09162337333	0,230162963271	45045,2709062269
602	0,120962207843	0,12086590757	0,489811899182	0,430916397381	0,09162337333	0,230162963271	45045,3271620602
603	0,120861777806	0,120784548585	0,489433602323	0,430631088457	0,09162337333	0,230162963271	45045,3834326852
604	0,120776343074	0,120698027811	0,489105123915	0,430328403621	0,09162337333	0,230162963271	45045,4396881713
605	0,120716607982	0,120670894939	0,488885315051	0,430241443972	0,09162337333	0,230162963271	45045,4960750694
606	0,120682050457	0,120593363002	0,488762278661	0,429959014289	0,09162337333	0,230162963271	45045,5525300231
607	0,120552471993	0,120518480835	0,488253688953	0,429693977906	0,09162337333	0,230162963271	45045,6088428125
608	0,120485062282	0,12041388024	0,487987310826	0,429315398104	0,09162337333	0,230162963271	45045,6650395949
609	0,120420084383	0,120375082906	0,487754189847	0,42917905165	0,09162337333	0,230162963271	45045,7212927893
610	0,120369935939	0,120301473173	0,487561233448	0,428915439648	0,09162337333	0,230162963271	45045,7775725463
611	0,120334174898	0,120261429473	0,487437457549	0,428763872426	0,09162337333	0,230162963271	45045,8340064931
612	0,120222816359	0,120181349277	0,487006064531	0,428486722875	0,09162337333	0,230162963271	45045,8903069444
613	0,120167670615	0,120125813645	0,486791690367	0,428286055113	0,09162337333	0,230162963271	45045,9466143287
614	0,120114366503	0,120057363367	0,48658888186	0,428050704689	0,09162337333	0,230162963271	45046,0028655093
615	0,120043049256	0,11998762879	0,486315188734	0,427798351825	0,09162337333	0,230162963271	45046,0591254861
616	0,11997608873	0,119907532489	0,486059272697	0,427506571361	0,09162337333	0,230162963271	45046,1153564699
617	0,119885117676	0,119835210022	0,485708802123	0,427247643844	0,09162337333	0,230162963271	45046,1715331597
618	0,119828189553	0,11980808902	0,4854901485	0,427151481939	0,09162337333	0,230162963271	45046,2277207755
619	0,119775522087	0,119730575308	0,48528497721	0,426872863437	0,09162337333	0,230162963271	45046,2838188079
620	0,119740780876	0,119667266474	0,485155283561	0,426644107775	0,09162337333	0,230162963271	45046,3399937847
621	0,119662148725	0,119616908311	0,484859450746	0,426470933266	0,09162337333	0,230162963271	45046,3961836921
622	0,11960241183	0,119573005562	0,484629600457	0,426305849145	0,09162337333	0,230162963271	45046,4523710185
623	0,119538390326	0,119474837916	0,484371569246	0,425948180901	0,09162337333	0,230162963271	45046,508413669
624	0,119514696362	0,11945804939	0,484304830405	0,425897345414	0,09162337333	0,230162963271	45046,5646671644
625	0,119439872904	0,119429600426	0,484011435098	0,425807707987	0,09162337333	0,230162963271	45046,6208876389
626	0,119407760226	0,119346965405	0,483888152471	0,425505415982	0,09162337333	0,230162963271	45046,6770945949
627	0,119361950326	0,119328892154	0,483724022339	0,425441379568	0,09162337333	0,230162963271	45046,7333922569
628	0,119314794265	0,119281099839	0,483537231651	0,425278759056	0,09162337333	0,230162963271	45046,7896392593
629	0,119263396392	0,119239744287	0,483336896074	0,425125796577	0,09162337333	0,230162963271	45046,8458389352
630	0,119219843616	0,119191936711	0,483170350621	0,424943524023	0,09162337333	0,230162963271	45046,9019889931
631	0,119182343501	0,11912866221	0,483027365023	0,424711829561	0,09162337333	0,230162963271	45046,9581393981
632	0,119130741435	0,119079610813	0,482832809243	0,424548818422	0,09162337333	0,230162963271	45047,0143564931
633	0,119053806948	0,119024042329	0,482533160077	0,424336506868	0,09162337333	0,230162963271	45047,0704834607
634	0,118984137161	1,18057E-7	0,482256754816	4,21936E-7	0,09162337333	0,230162963271	45047,1334473843
635	3,76389206785178E-12	0,056440866534	1,42867195904154E-11	0,198147208074	0,091221541166	0,234859928489	45047,2499171528
636	0,13642081595	0,120388063459	0,547339145633	0,4288412228	0,091221541166	0,234859928489	45047,3074489699
637	0,120572274526	0,12044615392	0,488391411814	0,429261795014	0,091221541166	0,234859928489	45047,3639356713
638	0,120428753915	0,120342830208	0,487810820614	0,428900956565	0,091221541166	0,234859928489	45047,4203151042
639	0,120320014388	0,120195611377	0,487385775305	0,428357819345	0,091221541166	0,234859928489	45047,4765983565
640	0,120238194461	0,120092235107	0,487086623969	0,427994380042	0,091221541166	0,234859928489	45047,5330908218
641	0,120062252284	0,119956633901	0,486398132723	0,427512012167	0,091221541166	0,234859928489	45047,5894211343
642	0,119981143812	0,119845538686	0,486102044813	0,427114785151	0,091221541166	0,234859928489	45047,6459116204
643	0,119834484591	0,119709926248	0,485541046454	0,426623507221	0,091221541166	0,234859928489	45047,7023574537
644	0,119704424159	0,119579453346	0,485044565295	0,426145936923	0,091221541166	0,234859928489	45047,7587975463
645	0,119567343635	0,119436103101	0,484521018679	0,425639045974	0,091221541166	0,234859928489	45047,8152159259
646	0,119450906045	0,119326300663	0,484086658719	0,425250497552	0,091221541166	0,234859928489	45047,8717450231
647	0,119320255906	0,119221642848	0,483593125289	0,424873943762	0,091221541166	0,234859928489	45047,9282285648
648	0,119176842837	0,119095089819	0,483034174335	0,424419795082	0,091221541166	0,234859928489	45047,9845701042
649	0,119108559655	0,118993074992	0,482780521759	0,424048290351	0,091221541166	0,234859928489	45048,0409907986
650	0,118979827891	0,11887937557	0,482289561824	0,42365467031	0,091221541166	0,234859928489	45048,0974304977
651	0,118860041235	0,118800611678	0,481824047673	0,423382886357	0,091221541166	0,234859928489	45048,1537983333
652	0,118767009135	0,118685655505	0,481461872591	0,422964548625	0,091221541166	0,234859928489	45048,2100213194
653	0,118711390839	0,118606863215	0,481264704441	0,422675963546	0,091221541166	0,234859928489	45048,2664104745
654	0,118593500668	0,118517737176	0,480810637484	0,422349476482	0,091221541166	0,234859928489	45048,3227847338
655	0,118485396514	0,118438915427	0,48039285242	0,422083210195	0,091221541166	0,234859928489	45048,3790759954
656	0,118433989345	0,118327866624	0,480201628002	0,421671321025	0,091221541166	0,234859928489	45048,4353909607
657	0,118263970979	0,1181082609	0,479533177475	0,42083747465	0,091221541166	0,234859928489	45048,4914644329
658	0,118146734983	0,118187066969	0,479107891138	0,4212101353	0,091221541166	0,234859928489	45048,5477314583
659	0,11817875186	0,118143166125	0,479219799884	0,421061211783	0,091221541166	0,234859928489	45048,6040044676
660	0,11809948428	0,118041145365	0,478906924993	0,420686184013	0,091221541166	0,234859928489	45048,6601546296
661	0,118037217167	0,118002377913	0,478673818397	0,420565645799	0,091221541166	0,234859928489	45048,7163491204
662	0,118000601431	0,11793005248	0,478535057789	0,420311122226	0,091221541166	0,234859928489	45048,7725802662
663	0,117915682793	0,117830575102	0,478212893349	0,419952518433	0,091221541166	0,234859928489	45048,8288149074
664	0,117816461207	0,117800874688	0,477833781952	0,419852349536	0,091221541166	0,234859928489	45048,8850326273
665	0,117792978799	0,117703982019	0,47774457936	0,41946881361	0,091221541166	0,234859928489	45048,9411987963
666	0,117685669814	0,117632993658	0,477333977124	0,419213908902	0,091221541166	0,234859928489	45048,9973266782
667	0,11763490508	0,117569656425	0,477142929342	0,418983485691	0,091221541166	0,234859928489	45049,0535192593
668	0,117559556339	0,117503787678	0,476859909337	0,418751059461	0,091221541166	0,234859928489	45049,109716794
669	0,117485903105	0,11744952914	0,476578279432	0,418564092861	0,091221541166	0,234859928489	45049,1659114583
670	0,117424492951	0,117386241286	0,476336242928	0,418332934216	0,091221541166	0,234859928489	45049,2220072454
671	0,117370417262	0,117328149555	0,476129881178	0,418117764644	0,091221541166	0,234859928489	45049,2780767477
672	0,117332212371	0,117262254317	0,475983179328	0,417869114401	0,091221541166	0,234859928489	45049,3342066782
673	0,117224064971	0,117206684561	0,475562276798	0,417673658094	0,091221541166	0,234859928489	45049,3902159838
674	0,117208980819	0,117143447784	0,47551204525	0,417445638737	0,091221541166	0,234859928489	45049,4463066551
675	0,117106568256	0,117080135136	0,475110700823	0,417230402997	0,091221541166	0,234859928489	45049,5022629745
676	0,117087272023	0,117040133821	0,475041928703	0,417097014564	0,091221541166	0,234859928489	45049,5583194792
677	0,117010755762	0,116960019506	0,474744606047	0,416783567061	0,091221541166	0,234859928489	45049,6142743287
678	0,116970184689	0,116928972059	0,474597561874	0,416673282541	0,091221541166	0,234859928489	45049,6702911343
679	0,116913304528	0,116879936769	0,474375674329	0,416495874649	0,091221541166	0,234859928489	45049,7262985185
680	0,116852392956	0,11683731154	0,474135900438	0,416350820749	0,091221541166	0,234859928489	45049,7821931366
681	0,116865531366	0,116775319644	0,474200720733	0,416115240317	0,091221541166	0,234859928489	45049,838240544
682	0,116728379775	0,116709421649	0,473664885915	0,415875878008	0,091221541166	0,234859928489	45049,8941589931
683	0,116703858795	0,116633248401	0,473574844554	0,415595338333	0,091221541166	0,234859928489	45049,9501035301
684	0,116607197971	0,116566098108	0,473200258806	0,415360915437	0,091221541166	0,234859928489	45050,0059856481
685	0,116555795839	1,50694E-7	0,473000557058	5,39694E-7	0,091221541166	0,234859928489	45050,0688412963
686	6,79026474402991E-12	0,0547452283	2,57739038310671E-11	0,192236877165	0,096365876496	0,237062811852	45050,1839297917
687	0,133959979346	0,117976548627	0,538041153489	0,419919205304	0,096365876496	0,237062811852	45050,2409157639
688	0,118181423849	0,117884810964	0,479281356091	0,419803384814	0,096365876496	0,237062811852	45050,2969531829
689	0,117936321188	0,117715635249	0,478337099285	0,419262312682	0,096365876496	0,237062811852	45050,3531709143
690	0,117716033789	0,117607107151	0,477479451323	0,418916868114	0,096365876496	0,237062811852	45050,409355463
691	0,117592036863	0,117490877698	0,476992993106	0,418512073174	0,096365876496	0,237062811852	45050,4654516204
692	0,117495032563	0,117353965701	0,476630219243	0,418031223802	0,096365876496	0,237062811852	45050,5216130093
693	0,117353702073	0,117229983182	0,476095159562	0,41758841511	0,096365876496	0,237062811852	45050,5777960185
694	0,117212079301	0,11711113956	0,475543017009	0,417172511771	0,096365876496	0,237062811852	45050,6339050463
695	0,117124075407	0,11700650866	0,475213174617	0,416787814357	0,096365876496	0,237062811852	45050,6900916782
696	0,116999625069	0,116885111696	0,474736721891	0,416363067176	0,096365876496	0,237062811852	45050,7462697222
697	0,116866504708	0,116783090725	0,47422180714	0,416007228537	0,096365876496	0,237062811852	45050,8023714468
698	0,116732581523	0,116639686649	0,47370085487	0,415478890324	0,096365876496	0,237062811852	45050,8583088773
699	0,116636034825	0,116535040702	0,473334910032	0,415103254302	0,096365876496	0,237062811852	45050,9142714468
700	0,116521989378	0,116461444532	0,472897329889	0,414847746966	0,096365876496	0,237062811852	45050,9702027662
701	0,116469737706	0,116386510442	0,472703763932	0,414582189914	0,096365876496	0,237062811852	45051,0262064699
702	0,116364024673	0,116272859764	0,472294521343	0,414165726394	0,096365876496	0,237062811852	45051,0821469907
703	0,11629317896	0,116231553593	0,47203318708	0,414043152284	0,096365876496	0,237062811852	45051,1382092014
704	0,116190970113	0,116123039906	0,471631098237	0,413644717678	0,096365876496	0,237062811852	45051,1941094792
705	0,116130895555	0,116055891309	0,471405778635	0,413403108928	0,096365876496	0,237062811852	45051,2501167245
706	0,11602722696	0,115971938925	0,471004805678	0,41310388014	0,096365876496	0,237062811852	45051,3059989699
707	0,115930006611	0,115877597479	0,470620262441	0,412753359433	0,096365876496	0,237062811852	45051,3617722917
708	0,115896221928	0,115845332702	0,470501571748	0,412656580794	0,096365876496	0,237062811852	45051,4176563542
709	0,115842640251	0,115738136379	0,470301028908	0,412252312974	0,096365876496	0,237062811852	45051,4735540625
710	0,115733118702	0,115669669994	0,469884075645	0,41199665653	0,096365876496	0,237062811852	45051,5294444329
711	0,115653800453	0,115629630532	0,469582080617	0,411876046636	0,096365876496	0,237062811852	45051,5853218634
712	0,115603533815	0,115526290079	0,469378512712	0,411501255025	0,096365876496	0,237062811852	45051,6411169097
713	0,115544792202	0,115494015552	0,469173437051	0,411389258502	0,096365876496	0,237062811852	45051,697042419
714	0,115463831128	0,115410073342	0,468851287705	0,411071858354	0,096365876496	0,237062811852	45051,7528526968
715	0,115423448344	0,11536615936	0,468700860824	0,410932326827	0,096365876496	0,237062811852	45051,8087814005
716	0,115352913924	0,115313169017	0,468437803053	0,410743357757	0,096365876496	0,237062811852	45051,8646953125
717	0,115285634218	0,115251206791	0,468167676435	0,410519017876	0,096365876496	0,237062811852	45051,9205064236
718	0,115220662646	0,115202122968	0,467911915512	0,410352600355	0,096365876496	0,237062811852	45051,9762060764
719	0,115199789017	0,115138815619	0,46783208001	0,410122908212	0,096365876496	0,237062811852	45052,0319557986
720	0,115133490388	0,115088412314	0,467581199763	0,40994087521	0,096365876496	0,237062811852	45052,087715544
721	0,115085515104	0,115026420842	0,467399502337	0,409714529271	0,096365876496	0,237062811852	45052,1435033449
722	0,11500339007	0,115005762457	0,467076915807	0,409645718794	0,096365876496	0,237062811852	45052,1992350463
723	0,114982832557	0,114967001576	0,466995494844	0,409524370453	0,096365876496	0,237062811852	45052,2549070255
724	0,114987374935	0,114905020489	0,467021522189	0,409270593857	0,096365876496	0,237062811852	45052,3107295949
725	0,114853403848	0,114845596558	0,466501210765	0,409058009008	0,096365876496	0,237062811852	45052,3663753819
726	0,114829991371	0,114791351797	0,466412416017	0,408869314388	0,096365876496	0,237062811852	45052,422000787
727	0,114785902695	0,114741003806	0,466246169164	0,408680103187	0,096365876496	0,237062811852	45052,4776517361
728	0,114731475547	0,114677714893	0,466040034889	0,408445422078	0,096365876496	0,237062811852	45052,5333215509
729	0,114654215278	0,114616975086	0,465733508175	0,4082408487	0,096365876496	0,237062811852	45052,5889339699
730	0,114606686253	0,114582094021	0,465555438531	0,408104386319	0,096365876496	0,237062811852	45052,6445356829
731	0,114573303982	0,114516233539	0,465429253009	0,407863928427	0,096365876496	0,237062811852	45052,7001018634
732	0,11450882175	0,114508494037	0,465180240096	0,407852132876	0,096365876496	0,237062811852	45052,7556958102
733	0,114482375793	0,114419397031	0,465066833694	0,407521565772	0,096365876496	0,237062811852	45052,8111962963
734	0,114423739077	0,114388377136	0,464855554475	0,407404445871	0,096365876496	0,237062811852	45052,8667863889
735	0,114362116534	0,114334133008	0,464616991868	0,407208507005	0,096365876496	0,237062811852	45052,9223127546
736	0,114326817993	2,10034E-7	0,464481089916	7,53545E-7	0,096365876496	0,237062811852	45052,9848376968
737	3,38241652043437E-12	0,053171344976	1,28377906501739E-11	0,186744572643	0,095970012248	0,23952627182	45053,0985994329
738	0,131743499202	0,115639977422	0,529694889963	0,411370012271	0,095970012248	0,23952627182	45053,1554833681
739	0,115824144538	0,115543098316	0,47027834845	0,411335194932	0,095970012248	0,23952627182	45053,2111662616
740	0,115569393579	0,115570181172	0,469259893361	0,411508632282	0,095970012248	0,23952627182	45053,2668444676
741	0,115581930245	0,115470769493	0,469301012265	0,411135222524	0,095970012248	0,23952627182	45053,3225832639
742	0,115469676195	0,115404870227	0,468874515357	0,41091304941	0,095970012248	0,23952627182	45053,3783328241
743	0,115410257208	0,115282160988	0,468648137676	0,410451985297	0,095970012248	0,23952627182	45053,4341192477
744	0,11527047356	0,115165919879	0,468111471606	0,410035175677	0,095970012248	0,23952627182	45053,4898795139
745	0,115168845527	0,115048412908	0,467731463186	0,40960041869	0,095970012248	0,23952627182	45053,5456649074
746	0,115048823351	0,114893411127	0,467276393508	0,40904731027	0,095970012248	0,23952627182	45053,6014983565
747	0,114864992946	0,114804292717	0,46656421735	0,408734194676	0,095970012248	0,23952627182	45053,6571944444
748	0,114781514299	0,114669964582	0,466236927823	0,408245132102	0,095970012248	0,23952627182	45053,7128215972
749	0,114666150706	0,114598924086	0,465802627416	0,408013037026	0,095970012248	0,23952627182	45053,7684881019
750	0,114604005371	0,114467186593	0,465566075885	0,407526644365	0,095970012248	0,23952627182	45053,8241914815
751	0,114445197769	0,114347037054	0,46495321298	0,407097353182	0,095970012248	0,23952627182	45053,879784456
752	0,11436882765	0,11428114118	0,464675540833	0,406863427464	0,095970012248	0,23952627182	45053,935511088
753	0,114229615713	0,114181670372	0,464122615174	0,406497080577	0,095970012248	0,23952627182	45053,9910521759
754	0,114200961615	0,114111927953	0,464023971211	0,406263145051	0,095970012248	0,23952627182	45054,0467041782
755	0,114093007211	0,114009929445	0,463607761726	0,405895034074	0,095970012248	0,23952627182	45054,102316956
756	0,113972494731	0,113898831051	0,46313752975	0,40549222958	0,095970012248	0,23952627182	45054,1577965509
757	0,113900394443	0,113822624315	0,462866242829	0,405220968246	0,095970012248	0,23952627182	45054,2133419213
758	0,113810998872	0,113721880863	0,462525265497	0,404856622284	0,095970012248	0,23952627182	45054,2688808912
759	0,113698171211	0,113632737235	0,462084248358	0,40452589823	0,095970012248	0,23952627182	45054,324331794
760	0,113626908613	0,113605633608	0,461809902375	0,404465560958	0,095970012248	0,23952627182	45054,379774456
761	0,113584318538	0,113500994654	0,46164776194	0,404077905264	0,095970012248	0,23952627182	45054,4351929051
762	0,113530415109	0,113441595097	0,461455242214	0,403854956198	0,095970012248	0,23952627182	45054,4907794444
763	0,113380476602	0,113325358014	0,460862551221	0,403440975732	0,095970012248	0,23952627182	45054,5461250231
764	0,112667243388		0,457895827111		0,095970012248	0,23952627182	45054,5817103009
