TesterID:	Maccor#2						
Channel Number:	47						
TestName:	KAI_Zelltest_regulaer_fix_no_degass_flag.000						
TestDesc:	Regular cycling: formation, followed by pulse, C-rate quick charge and cycling t						
StartDateTime:	45007,4534162269						
Comment:							
							
							
Cycle	AH-IN	AH-OUT	WH-IN	WH-OUT	ACR	DCIR	Date
0		3,8793E-8		9,79260419877827E-9	0	0	45007,6227962384
1	0,507665920202	0,432541686243	1,890551458639	1,585501889376	0	0	45008,0510610532
2	0,436019106279	0,433141537009	1,638816678175	1,588394003496	0	0	45008,4543749884
3	0,448634819843	6,2953E-8	1,690604622294	2,02921E-7	0	0	45008,9311436806
4	2,92464586353348E-13	6,1035E-8	1,09789886885229E-12	1,98574E-7	0,046498525888	0,132084295154	45009,227502037
5	0,438686029143	0,436769343886	1,661752641665	1,602760061526	0,046498525888	0,132084295154	45009,485718125
6	0,43730375629	0,435812358861	1,656086512264	1,599442686064	0,046498525888	0,132084295154	45009,749813044
7	0,436312044439	0,435028028831	1,651926709113	1,596686524499	0,046498525888	0,132084295154	45010,013067581
8	0,435465049601	0,413587498993	1,648417371714	1,490962270859	0,046498525888	0,132084295154	45010,1958514583
9	0,413910042408	0,41268334748	1,573632757297	1,487953100602	0,046498525888	0,132084295154	45010,3724849769
10	0,413061053474	0,412183419328	1,570331022693	1,486397319045	0,046498525888	0,132084295154	45010,5489365046
11	0,412419368176	0,355232050148	1,567750547473	1,249777154369	0,046498525888	0,132084295154	45010,7039073495
12	0,355532886411	0,355774521093	1,366399856653	1,252284748087	0,046498525888	0,132084295154	45010,8434742245
13	0,355980122353	0,355213983257	1,367736328916	1,250402844306	0,046498525888	0,132084295154	45010,9829743171
14	0,355429916414	0,428558755898	1,3655464317	1,573895468359	0,046498525888	0,132084295154	45011,2633164468
15	0,428810843113	0,428931221632	1,622540694848	1,575222947197	0,046498525888	0,132084295154	45011,5216735417
16	0,429262301216	4,2386E-8	1,623966712248	1,34638E-7	0,046498525888	0,132084295154	45011,7871520255
17	0,375276195995	0,375509235365	1,427776312779	1,358639338972	0,046498525888	0,132084295154	45011,9288408449
18	0,375238760527	0,375149691276	1,427198463845	1,357259921619	0,046498525888	0,132084295154	45012,0773122685
19	0,375016542758	0,374817545181	1,426053693089	1,356018081692	0,046498525888	0,132084295154	45012,2256735417
20	0,347469026799	0,339626043519	1,349185846563	1,220229199444	0,046498525888	0,132084295154	45012,3465271296
21	0,338977530963	0,330809432672	1,315419077497	1,18900580305	0,046498525888	0,132084295154	45012,4646303356
22	0,330346553892	4,8754E-8	1,28208825763	1,48714E-7	0,046498525888	0,132084295154	45012,5873518866
23	2,70847638666361E-12	0,234612687363	1,01380243356466E-11	0,822991676279	0,044274050742	0,113412044942	45012,8544347338
24	0,407164444921	0,398971280608	1,569595535422	1,439365418303	0,044274050742	0,113412044942	45012,9599827662
25	0,399293885466	0,39847014466	1,542549758457	1,437669093114	0,044274050742	0,113412044942	45013,0645485417
26	0,39866470817	0,398019375141	1,540059749554	1,436121081197	0,044274050742	0,113412044942	45013,1686825579
27	0,398270155203	0,397713252671	1,53849935965	1,435106642824	0,044274050742	0,113412044942	45013,2728482755
28	0,397921795536	0,397408421708	1,537111459339	1,434071904909	0,044274050742	0,113412044942	45013,3770223148
29	0,397601888897	0,397120388383	1,535832480353	1,433073575291	0,044274050742	0,113412044942	45013,4810434838
30	0,397306704963	0,396881479999	1,534651225023	1,432252869395	0,044274050742	0,113412044942	45013,5849581366
31	0,397034796856	0,396620525928	1,533533157311	1,431344780641	0,044274050742	0,113412044942	45013,6887285069
32	0,396762884576	0,396360929699	1,532433148981	1,430442320485	0,044274050742	0,113412044942	45013,792306794
33	0,39652992286	0,396133673483	1,531495896068	1,429656572627	0,044274050742	0,113412044942	45013,8958649653
34	0,396293428466	0,395923019723	1,530565239696	1,4289214645	0,044274050742	0,113412044942	45013,9994080671
35	0,396052861015	0,395702187555	1,529584136193	1,428141451032	0,044274050742	0,113412044942	45014,1027824653
36	0,395856930975	0,39550460166	1,528800519463	1,427453023482	0,044274050742	0,113412044942	45014,206134919
37	0,395645431353	0,395310816531	1,52794884467	1,426772725946	0,044274050742	0,113412044942	45014,309440081
38	0,395451126037	0,395140307984	1,527173568168	1,426171000182	0,044274050742	0,113412044942	45014,4127115509
39	0,395246439524	0,394943996429	1,526350232577	1,425470382212	0,044274050742	0,113412044942	45014,5158470023
40	0,395094705792	0,394804467719	1,525729334308	1,424989264191	0,044274050742	0,113412044942	45014,6189733681
41	0,394904386297	0,394613290828	1,524955304132	1,424298622954	0,044274050742	0,113412044942	45014,7219596759
42	0,394749666372	0,394464774979	1,524342249558	1,423772698571	0,044274050742	0,113412044942	45014,8249820486
43	0,394574146044	0,39430852408	1,523610363546	1,423222505256	0,044274050742	0,113412044942	45014,927879375
44	0,394423596334	0,394139245788	1,523013303479	1,422621368688	0,044274050742	0,113412044942	45015,0307122338
45	0,394265924965	0,393994620144	1,522399637386	1,422118202285	0,044274050742	0,113412044942	45015,1335642708
46	0,394085031817	0,39383706375	1,521682826386	1,42153321322	0,044274050742	0,113412044942	45015,2362967593
47	0,393964334727	0,393719507821	1,521185765842	1,421128413098	0,044274050742	0,113412044942	45015,3390786111
48	0,393830086365	0,39358906925	1,520672613297	1,420667660654	0,044274050742	0,113412044942	45015,4419031713
49	0,393707238495	0,393480569552	1,520178493477	1,420288267812	0,044274050742	0,113412044942	45015,5447441782
50	0,393568018149	0,393341093825	1,519599161771	1,419792732429	0,044274050742	0,113412044942	45015,6475082407
51	0,393394892719	0,393180889146	1,518897412213	1,419200911859	0,044274050742	0,113412044942	45015,7500705903
52	0,393276092485	0,393055550054	1,51842172385	1,418772311532	0,044274050742	0,113412044942	45015,8526421065
53	0,393126735147	0,392920050154	1,517832431685	1,418286846645	0,044274050742	0,113412044942	45015,9552065509
54	0,392996531462	0,392786989576	1,517316923559	1,417816551785	0,044274050742	0,113412044942	45016,0577136921
55	0,39286429399	0,392660402849	1,516796597618	1,417342886867	0,044274050742	0,113412044942	45016,1601616782
56	0,392779088109	0,39256604127	1,516431092682	1,41702713167	0,044274050742	0,113412044942	45016,2626923148
57	0,392610648383	0,392408513485	1,515747574095	1,416440219316	0,044274050742	0,113412044942	45016,3650169213
58	0,392462830189	0,392267716797	1,51519587143	1,415923627857	0,044274050742	0,113412044942	45016,4672554977
59	0,392347568449	0,392157948479	1,514753354957	1,415552302166	0,044274050742	0,113412044942	45016,5695678704
60	0,392268159856	0,392076557071	1,514441376052	1,415263148416	0,044274050742	0,113412044942	45016,6719141551
61	0,392120241554	0,391934490702	1,513840671888	1,414735978148	0,044274050742	0,113412044942	45016,7741169329
62	0,39201977302	0,391836352304	1,513450744249	1,414386430588	0,044274050742	0,113412044942	45016,8763153241
63	0,391930186916	0,391747242372	1,513103990049	1,414060733743	0,044274050742	0,113412044942	45016,9785375579
64	0,391811063327	0,391634806267	1,5126325964	1,413654590859	0,044274050742	0,113412044942	45017,0806883333
65	0,391726361882	0,391549605612	1,512305850167	1,413353380175	0,044274050742	0,113412044942	45017,1829060069
66	0,391606172386	0,391415188043	1,511828193507	1,412863529011	0,044274050742	0,113412044942	45017,2850224884
67	0,391479969339	0,391318419565	1,511348178578	1,412496343558	0,044274050742	0,113412044942	45017,3871646875
68	0,391426254943	0,391255052875	1,511140143197	1,412272609465	0,044274050742	0,113412044942	45017,4893094444
69	0,391372213098	0,391205957395	1,510913282142	1,41209734118	0,044274050742	0,113412044942	45017,5914791204
70	0,39128251264	0,391112939246	1,510520242366	1,411748624678	0,044274050742	0,113412044942	45017,6935294097
71	0,391170718403	0,391010947308	1,510079426333	1,411378888883	0,044274050742	0,113412044942	45017,7955500463
72	0,391145885989	0,390943846819	1,509965613466	1,411149347984	0,044274050742	0,113412044942	45017,897642963
73	0,39097689222	5,2357E-8	1,509328259944	1,67122E-7	0,044274050742	0,113412044942	45018,0066351157
74	1,8120088502327E-12	0,226843891076	6,78232206630883E-12	0,795689900459	0,045579399914	0,108866870403	45018,265547581
75	0,397153179224	0,390961937449	1,530324884267	1,411114911403	0,045579399914	0,108866870403	45018,3682257407
76	0,391021574418	0,390761628878	1,509459448785	1,41042200413	0,045579399914	0,108866870403	45018,4701513194
77	0,390865908637	0,39063642627	1,508869438607	1,409981666535	0,045579399914	0,108866870403	45018,5721559954
78	0,390690944229	0,390507222622	1,508192977655	1,409524939524	0,045579399914	0,108866870403	45018,6740109259
79	0,39056163415	0,390393543545	1,507694854693	1,409107359773	0,045579399914	0,108866870403	45018,7758306134
80	0,390436425746	0,39026692397	1,507200968997	1,408652783117	0,045579399914	0,108866870403	45018,8775022338
81	0,390354527433	0,390188172583	1,506889564106	1,408383600264	0,045579399914	0,108866870403	45018,9792588889
82	0,39020802669	0,390046121686	1,506317986417	1,407870168922	0,045579399914	0,108866870403	45019,0809008796
83	0,390163689936	0,390009899309	1,506168648875	1,407755323018	0,045579399914	0,108866870403	45019,1827465046
84	0,39005976924	0,389897601174	1,505773667046	1,407343089281	0,045579399914	0,108866870403	45019,2845448843
85	0,389891492821	0,389742598759	1,505107535262	1,406767353899	0,045579399914	0,108866870403	45019,3860852662
86	0,389866267932	0,389705107132	1,505038681119	1,406646524491	0,045579399914	0,108866870403	45019,4878614005
87	0,38972189114	0,389566906597	1,504483056871	1,406121062334	0,045579399914	0,108866870403	45019,589513588
88	0,389636147397	0,389507501526	1,504141713237	1,405920349742	0,045579399914	0,108866870403	45019,6911599074
89	0,389534711579	0,389393777733	1,5037545088	1,405489460321	0,045579399914	0,108866870403	45019,7927133218
90	0,38946329134	0,389324029169	1,503483336187	1,405238016462	0,045579399914	0,108866870403	45019,8942876157
91	0,389371620513	0,389233677109	1,50314145595	1,404903613693	0,045579399914	0,108866870403	45019,9958882292
92	0,389272614767	0,389139285224	1,502762730509	1,404535485447	0,045579399914	0,108866870403	45020,0973670023
93	0,389181770242	0,389051576156	1,502416245367	1,404210560679	0,045579399914	0,108866870403	45020,1988377315
94	0,389125711629	0,388996005341	1,502219640003	1,403983819967	0,045579399914	0,108866870403	45020,3003535995
95	0,389052447161	0,388919811113	1,501681409416	1,403693526442	0,045579399914	0,108866870403	45020,4034280556
96	0,388981478422	0,388873247782	1,501686384429	1,403538839995	0,045579399914	0,108866870403	45020,5049284375
97	0,388930353565	0,38881389824	1,501458039926	1,403357589089	0,045579399914	0,108866870403	45020,6063954051
98	0,388830476617	0,388682062834	1,501079485294	1,402783710085	0,045579399914	0,108866870403	45020,7078097569
99	0,388773884434	0,388664054009	1,500876915592	1,402747943178	0,045579399914	0,108866870403	45020,8092647569
100	0,388720104921	0,388599449218	1,500652113624	1,402498137365	0,045579399914	0,108866870403	45020,9106792824
101	0,388690769788	0,388574947043	1,500574313987	1,402437800126	0,045579399914	0,108866870403	45021,0122842477
102	0,388601021115	0,38848708263	1,500210910622	1,40209267082	0,045579399914	0,108866870403	45021,1137116204
103	0,388536849767	0,388430291516	1,499969392708	1,40189077524	0,045579399914	0,108866870403	45021,2151242245
104	0,388464060002	0,388351522538	1,499671352829	1,401595000413	0,045579399914	0,108866870403	45021,3164297569
105	0,388440732438	0,388328254224	1,499613019236	1,401520634196	0,045579399914	0,108866870403	45021,4179456713
106	0,38833894183	0,388245558166	1,499217455444	1,40118781474	0,045579399914	0,108866870403	45021,5192494676
107	0,388313117485	0,388213298052	1,499115170287	1,401066693197	0,045579399914	0,108866870403	45021,6206662269
108	0,388243297826	0,388166503081	1,498847735629	1,401123962074	0,045579399914	0,108866870403	45021,7222235648
109	0,388208989026	0,388078951266	1,498705935979	1,400563692478	0,045579399914	0,108866870403	45021,8235268403
110	0,388143110962	0,388050524981	1,498482793542	1,400459293567	0,045579399914	0,108866870403	45021,9249319792
111	0,388058520955	0,387969145862	1,498141227902	1,400137230088	0,045579399914	0,108866870403	45022,026169838
112	0,388009380243	0,387929112761	1,497956860773	1,399983951755	0,045579399914	0,108866870403	45022,127399375
113	0,387993157079	0,387896820854	1,497902184706	1,399859784927	0,045579399914	0,108866870403	45022,2287507407
114	0,387910862116	0,387830931975	1,497587741817	1,399623413846	0,045579399914	0,108866870403	45022,3300077431
115	0,387880651587	0,387794810901	1,497481152527	1,399473092256	0,045579399914	0,108866870403	45022,4313179977
116	0,387853630884	0,387771529663	1,497377456396	1,399367143017	0,045579399914	0,108866870403	45022,5326459607
117	0,387800680116	0,38771336651	1,4971602262	1,399134103088	0,045579399914	0,108866870403	45022,6338785764
118	0,387793363893	0,387708231423	1,497148957898	1,39910557269	0,045579399914	0,108866870403	45022,7352706829
119	0,387749487114	0,38765914103	1,496974693949	1,398907230778	0,045579399914	0,108866870403	45022,8365694907
120	0,387701144762	0,387631958566	1,496791256911	1,398816242553	0,045579399914	0,108866870403	45022,9378886574
121	0,387654955353	0,387576502407	1,496614201858	1,398593318347	0,045579399914	0,108866870403	45023,0391366667
122	0,387633368537	0,387541600999	1,496531992926	1,398449214268	0,045579399914	0,108866870403	45023,1404026389
123	0,387589431863	0,384889081786	1,496375300132	1,3894887896	0,045579399914	0,108866870403	45025,4475256944
124	0,38512025849	3,0316E-8	1,487538252387	9,6297E-8	0,045579399914	0,108866870403	45025,5556146065
125	1,90737773708705E-14	0,222932163915	7,14307408388624E-14	0,781943547695	0,047531023622	0,108427681029	45025,8115105903
126	0,391253199327	0,386038117496	1,508458978925	1,392883819374	0,047531023622	0,108427681029	45025,9132774074
127	0,38611765049	0,386080751626	1,491008971074	1,393021677594	0,047531023622	0,108427681029	45026,0143458912
128	0,386123844459	0,386110453947	1,491013198848	1,39313640774	0,047531023622	0,108427681029	45026,1153802199
129	0,386192001507	0,386184036553	1,491265499566	1,393400287097	0,047531023622	0,108427681029	45026,2165397338
130	0,386224510291	0,386220210819	1,491353788804	1,393506452568	0,047531023622	0,108427681029	45026,3176230556
131	0,386250263436	0,386230511083	1,491443321716	1,393524296614	0,047531023622	0,108427681029	45026,4186671412
132	0,386288746927	0,386255079807	1,49155859696	1,393585099654	0,047531023622	0,108427681029	45026,5197113542
133	0,386325252675	0,386326135983	1,491705972563	1,393885767936	0,047531023622	0,108427681029	45026,6208515046
134	0,386359899907	0,386315868568	1,491779350464	1,393788444084	0,047531023622	0,108427681029	45026,7219043981
135	0,38643127144	0,386388153736	1,492088060834	1,394067710997	0,047531023622	0,108427681029	45026,8232445833
136	0,386374785178	0,38634041864	1,491857157039	1,393841797807	0,047531023622	0,108427681029	45026,924332037
137	0,386367608459	0,38633515894	1,491828773062	1,393802062418	0,047531023622	0,108427681029	45027,0253940394
138	0,386426020049	0,386386842308	1,492061748679	1,393986760436	0,047531023622	0,108427681029	45027,126663912
139	0,3864420072	0,386415270922	1,492113524111	1,394054703786	0,047531023622	0,108427681029	45027,2278969097
140	0,386427080978	0,38637784012	1,492015783188	1,39389823816	0,047531023622	0,108427681029	45027,329008125
141	0,386422217187	0,386382974991	1,492026555413	1,393897072008	0,047531023622	0,108427681029	45027,4301951273
142	0,386434631203	0,38637531708	1,492085305296	1,3938687494	0,047531023622	0,108427681029	45027,5314778241
143	0,386379656865	0,386357146553	1,49186466798	1,393781881563	0,047531023622	0,108427681029	45027,6325696644
144	0,386384903757	0,386342975796	1,491873138971	1,393727921314	0,047531023622	0,108427681029	45027,7336786343
145	0,386407690932	0,386366203419	1,491988632356	1,393811548853	0,047531023622	0,108427681029	45027,8349221759
146	0,386395256379	0,386345525959	1,491933466408	1,393708496823	0,047531023622	0,108427681029	45027,9361663426
147	0,386344805552	0,3862926579	1,491738802695	1,393497334352	0,047531023622	0,108427681029	45028,037327338
148	0,386329311187	0,386284843796	1,491699746117	1,393451175109	0,047531023622	0,108427681029	45028,1384725116
149	0,386324380891	0,386284870928	1,491679416006	1,393432085352	0,047531023622	0,108427681029	45028,2396062731
150	0,386320343518	0,386268019455	1,491656113603	1,393340166366	0,047531023622	0,108427681029	45028,3407735648
151	0,386321810467	0,386270588482	1,49168572935	1,393334832199	0,047531023622	0,108427681029	45028,4420486227
152	0,386311118752	0,386247411935	1,491648048802	1,393231916682	0,047531023622	0,108427681029	45028,5432995833
153	0,386286503348	0,386240924518	1,491549295736	1,393196957975	0,047531023622	0,108427681029	45028,6444994097
154	0,386280231596	0,386237108917	1,491529123915	1,393153027211	0,047531023622	0,108427681029	45028,7456563657
155	0,386308248139	0,386255171571	1,491641966353	1,39319371699	0,047531023622	0,108427681029	45028,8469382176
156	0,386262230093	0,38612730351	1,491464200045	1,39270840771	0,047531023622	0,108427681029	45028,9481122222
157	0,386161229414	0,386089795138	1,491128344069	1,392538061693	0,047531023622	0,108427681029	45029,0493805324
158	0,386102886151	0,386076915251	1,490914321678	1,39246265306	0,047531023622	0,108427681029	45029,1505844213
159	0,386100909522	0,386062700413	1,490912871211	1,39239731262	0,047531023622	0,108427681029	45029,2518144097
160	0,386066532171	0,386039446722	1,490780964365	1,392289058407	0,047531023622	0,108427681029	45029,3529840509
161	0,386085134885	0,386049715834	1,490864885825	1,392316614272	0,047531023622	0,108427681029	45029,4542147454
162	0,386094425746	0,386051096988	1,490902848955	1,392309141387	0,047531023622	0,108427681029	45029,5555008449
163	0,386111752735	0,386083387197	1,490961115575	1,392399233501	0,047531023622	0,108427681029	45029,6568894097
164	0,386131102464	0,386094946119	1,491011868105	1,392420798203	0,047531023622	0,108427681029	45029,7581181366
165	0,386136990106	0,386096271747	1,491019462789	1,392429182207	0,047531023622	0,108427681029	45029,8593800694
166	0,386124750516	0,386075663376	1,490967936546	1,392314284687	0,047531023622	0,108427681029	45029,9605582523
167	0,386150028264	0,386092446605	1,491083068689	1,392376102998	0,047531023622	0,108427681029	45030,0618792593
168	0,386151161038	0,386097593769	1,491108407968	1,392371676404	0,047531023622	0,108427681029	45030,1632728704
169	0,386100431945	0,386051046548	1,490897492431	1,392164064333	0,047531023622	0,108427681029	45030,2644870949
170	0,386084604298	0,386035581318	1,490870919858	1,392075497079	0,047531023622	0,108427681029	45030,3658551736
171	0,386069535377	0,386034142096	1,490832920687	1,392062402358	0,047531023622	0,108427681029	45030,4671525231
172	0,386093678968	0,386045953427	1,490902024319	1,392080085887	0,047531023622	0,108427681029	45030,5684853704
173	0,385906553511	0,385673942712	1,490191602481	1,390644111816	0,047531023622	0,108427681029	45030,6699098495
174	0,385687329864	0,385615846317	1,489441418616	1,390421501439	0,047531023622	0,108427681029	45030,7713108565
175	0,385725573947	5,0238E-8	1,489590117755	1,59505E-7	0,047531023622	0,108427681029	45030,8797107639
176	4,45054805320312E-14	0,223797691868	1,6668854468368E-13	0,784740634501	0,048565916717	0,110782712698	45031,1359201389
177	0,391140609063	0,385826291328	1,508033597615	1,391137529122	0,048565916717	0,110782712698	45031,2379297454
178	0,385944956077	0,385770777947	1,490434504093	1,390897530348	0,048565916717	0,110782712698	45031,3394692824
179	0,385770364286	0,385716522164	1,489837526379	1,390677009054	0,048565916717	0,110782712698	45031,4408668519
180	0,385767920772	0,385712635776	1,489793949737	1,390658689714	0,048565916717	0,110782712698	45031,5422657292
181	0,38575287295	0,385695855729	1,489753736537	1,390565323609	0,048565916717	0,110782712698	45031,6436717593
182	0,385752101051	0,385657074712	1,489779506623	1,390414489614	0,048565916717	0,110782712698	45031,7451483218
183	0,385690956579	0,385628720058	1,489558931358	1,390292867372	0,048565916717	0,110782712698	45031,8464812037
184	0,385710987529	0,385633832678	1,489635590575	1,390285976719	0,048565916717	0,110782712698	45031,9479843056
185	0,385643060378	0,385577058941	1,489381495365	1,390048404283	0,048565916717	0,110782712698	45032,0493420486
186	0,385632966049	0,385588662369	1,489379471813	1,390056784158	0,048565916717	0,110782712698	45032,1508854051
187	0,385576963777	0,385542121928	1,489150741877	1,389847529387	0,048565916717	0,110782712698	45032,2522567824
188	0,385554392729	0,38546979268	1,489052963653	1,389527709786	0,048565916717	0,110782712698	45032,3536381944
189	0,385473970002	0,385454329782	1,488836217622	1,389484050459	0,048565916717	0,110782712698	45032,4550440278
190	0,3855054452	0,385458182472	1,488936680089	1,389494154465	0,048565916717	0,110782712698	45032,5565619329
191	0,385465839358	0,385420726025	1,488775011289	1,389335737055	0,048565916717	0,110782712698	45032,6580090972
192	0,38542534068	0,38538716084	1,488640838571	1,389176623671	0,048565916717	0,110782712698	45032,7594432407
193	0,385439155956	0,385398812587	1,488679208162	1,389250655483	0,048565916717	0,110782712698	45032,8608876505
194	0,38544237599	0,385370311491	1,488714438646	1,38904527164	0,048565916717	0,110782712698	45032,9623731134
195	0,385377893736	0,385371702181	1,488459041264	1,38905428729	0,048565916717	0,110782712698	45033,0637324653
196	0,385429756646	0,385329015703	1,488698355625	1,388866046905	0,048565916717	0,110782712698	45033,1652663194
197	0,385312098043	0,385278678943	1,488229281139	1,388654253276	0,048565916717	0,110782712698	45033,2664646065
198	0,385338702337	0,38523857675	1,488350694466	1,388454361422	0,048565916717	0,110782712698	45033,3678753819
199	0,38529787324	0,385258004663	1,488264377627	1,388551943118	0,048565916717	0,110782712698	45033,4693764468
200	0,385233237439	0,385174045924	1,487957043467	1,388189882575	0,048565916717	0,110782712698	45033,5707626852
201	0,385193958963	0,385126254879	1,487853883519	1,388008176026	0,048565916717	0,110782712698	45033,6721629861
202	0,385123791206	0,385028088715	1,487592597174	1,387630274406	0,048565916717	0,110782712698	45033,7735309607
203	0,385013803898	0,384877025036	1,487157021242	1,387037567762	0,048565916717	0,110782712698	45033,8748908449
204	0,384852031588	0,38474134499	1,486600371868	1,386496371272	0,048565916717	0,110782712698	45033,9763825579
205	0,384742435523	0,384647037881	1,486227907446	1,386106818494	0,048565916717	0,110782712698	45034,0778589468
206	0,384592100951	0,384528145303	1,485700577602	1,385604440984	0,048565916717	0,110782712698	45034,1792417824
207	0,384542015498	0,384436507885	1,485528161521	1,385237761451	0,048565916717	0,110782712698	45034,2807224074
208	0,38443061396	0,384339611611	1,485136604164	1,384824808538	0,048565916717	0,110782712698	45034,3822379745
209	0,384374462782	0,384353849975	1,484946750367	1,384906528035	0,048565916717	0,110782712698	45034,4837114583
210	0,384388870575	0,384300893328	1,484944755953	1,384713287955	0,048565916717	0,110782712698	45034,5851617708
211	0,384343668276	0,384262158089	1,484725913108	1,384552418018	0,048565916717	0,110782712698	45034,6866063079
212	0,384283357434	0,384258271489	1,484507962204	1,384565996095	0,048565916717	0,110782712698	45034,7880598611
213	0,384277401351	0,3842246281	1,484421976565	1,384419155431	0,048565916717	0,110782712698	45034,8893995833
214	0,384252037246	0,384160137325	1,484323896333	1,384149882154	0,048565916717	0,110782712698	45034,9907782755
215	0,384148936125	0,384068438871	1,483983568887	1,383781317775	0,048565916717	0,110782712698	45035,0921072222
216	0,384124633526	0,384068453492	1,483890441981	1,383807328828	0,048565916717	0,110782712698	45035,19361375
217	0,384062509895	0,383993543987	1,483624822024	1,383525920048	0,048565916717	0,110782712698	45035,2949775694
218	0,383966371094	0,383941820992	1,483342329932	1,383275722292	0,048565916717	0,110782712698	45035,3963002894
219	0,383966883238	0,383901714136	1,483301821459	1,383129262572	0,048565916717	0,110782712698	45035,4976034838
220	0,383971119387	0,383906966208	1,483356602875	1,383105872555	0,048565916717	0,110782712698	45035,5990971181
221	0,383916255708	0,383853948313	1,483182520668	1,382871548002	0,048565916717	0,110782712698	45035,7005611343
222	0,383861057659	0,383828127714	1,482963531431	1,382798553697	0,048565916717	0,110782712698	45035,8018961343
223	0,383877818917	0,383837229935	1,483025551292	1,382808942952	0,048565916717	0,110782712698	45035,9031955324
224	0,383832438765	0,383821666367	1,482890185774	1,382704877439	0,048565916717	0,110782712698	45036,0045343981
225	0,383832363812	0,383770031957	1,482920567535	1,382489354698	0,048565916717	0,110782712698	45036,1059065625
226	0,3837823788	7,5457E-8	1,482732927092	2,4008E-7	0,048565916717	0,110782712698	45036,2142929977
227	1,25251138068716E-12	0,223771051526	4,69086765545602E-12	0,784393025596	0,05024233833	0,113848984241	45036,4698947685
228	0,389412710349	0,383881160231	1,501915204406	1,382950572728	0,05024233833	0,113848984241	45036,5720523843
229	0,38397508933	0,383766119715	1,483418393606	1,382436720249	0,05024233833	0,113848984241	45036,6736893866
230	0,383740482029	0,383627925533	1,482606990075	1,381878114327	0,05024233833	0,113848984241	45036,7752187616
231	0,38363969117	0,383439375737	1,482211528352	1,381193949119	0,05024233833	0,113848984241	45036,8765155324
232	0,383482875263	0,383261100556	1,481728294906	1,38043199977	0,05024233833	0,113848984241	45036,9781084722
233	0,383271534884	0,383205589296	1,481025668114	1,38018704124	0,05024233833	0,113848984241	45037,0796346296
234	0,383269807973	0,383153848071	1,48103353854	1,379993664611	0,05024233833	0,113848984241	45037,1811608102
235	0,383188404507	0,383130650332	1,480748741668	1,379831557555	0,05024233833	0,113848984241	45037,2828059144
236	0,383128808559	0,383014477254	1,480587625342	1,379379949028	0,05024233833	0,113848984241	45037,3843749306
237	0,383042487637	0,382976982869	1,480280411532	1,379269875128	0,05024233833	0,113848984241	45037,4858902662
238	0,383034975056	0,382984715802	1,480246367042	1,379244567475	0,05024233833	0,113848984241	45037,5875280671
239	0,382990104783	0,382896919415	1,480130041144	1,378876026152	0,05024233833	0,113848984241	45037,6891435301
240	0,382925702874	0,382908487449	1,479915887714	1,378902175631	0,05024233833	0,113848984241	45037,7907856829
241	0,382932805006	0,38284908323	1,479905791525	1,378618444165	0,05024233833	0,113848984241	45037,8923769444
242	0,382837592031	0,382673420947	1,479628866141	1,377879104453	0,05024233833	0,113848984241	45037,9939071644
243	0,382672868853	0,382575276403	1,47907522224	1,377484846974	0,05024233833	0,113848984241	45038,0954185532
244	0,382614620184	0,382539115066	1,478898785253	1,377343387793	0,05024233833	0,113848984241	45038,1970746528
245	0,382578128274	0,382475738202	1,478797628905	1,377078392546	0,05024233833	0,113848984241	45038,2988162269
246	0,382366715435	0,382194255446	1,478069834198	1,376005010833	0,05024233833	0,113848984241	45038,4004858218
247	0,382295181605	0,381890671487	1,477801507771	1,37491867385	0,05024233833	0,113848984241	45038,5022592593
248	0,381744425236	0,381540667673	1,475770596266	1,373515213647	0,05024233833	0,113848984241	45038,6039843981
249	0,381515358892	0,381406345257	1,474963599964	1,37292567611	0,05024233833	0,113848984241	45038,7056173264
250	0,381446930352	0,381296511028	1,474780508919	1,372516034528	0,05024233833	0,113848984241	45038,8073597338
251	0,381301106587	0,381122173314	1,474263421042	1,371819154135	0,05024233833	0,113848984241	45038,9091022338
252	0,38108769511	0,381053674929	1,473533805282	1,371510281391	0,05024233833	0,113848984241	45039,0107081944
253	0,381130409426	0,38104983114	1,473730788657	1,371519388881	0,05024233833	0,113848984241	45039,1125552083
254	0,381070572366	0,380929730983	1,473518906935	1,371030311173	0,05024233833	0,113848984241	45039,2143239005
255	0,380963491619	0,380870331849	1,473152143432	1,370737759342	0,05024233833	0,113848984241	45039,316039456
256	0,380844871788	0,380733397599	1,472761066761	1,370213017619	0,05024233833	0,113848984241	45039,4176675463
257	0,38086264529	0,380648127218	1,472832325106	1,369934557197	0,05024233833	0,113848984241	45039,5196532176
258	0,380564850356	0,380374246002	1,471707811717	1,368869283791	0,05024233833	0,113848984241	45039,6212572801
259	0,380313884102	0,38010175378	1,470828101864	1,367837572968	0,05024233833	0,113848984241	45039,7231197338
260	0,380160115931	0,380127622483	1,470372269063	1,367897704074	0,05024233833	0,113848984241	45039,8249659144
261	0,380095964933	0,379880858668	1,469894389572	1,366924208207	0,05024233833	0,113848984241	45039,9268690856
262	0,379810500251	0,379700054092	1,46886916292	1,36630511949	0,05024233833	0,113848984241	45040,0286308565
263	0,379661781843	0,379834403848	1,468633717363	1,366666051343	0,05024233833	0,113848984241	45040,1302585532
264	0,379847527476	0,379594193993	1,469241805114	1,365636837543	0,05024233833	0,113848984241	45040,2319847454
265	0,379668599878	0,379290596894	1,468539429168	1,364566030806	0,05024233833	0,113848984241	45040,3339934954
266	0,379216663589	0,379112398222	1,467174237912	1,363916954812	0,05024233833	0,113848984241	45040,435910162
267	0,378924581775	0,378772656313	1,466211141848	1,362465076632	0,05024233833	0,113848984241	45040,5377817708
268	0,378887423768	0,378940670856	1,466108161542	1,363414765723	0,05024233833	0,113848984241	45040,6396593171
269	0,379197391	0,379152423058	1,467033646194	1,364150436024	0,05024233833	0,113848984241	45040,7417711227
270	0,379188764244	0,379211847411	1,467079964732	1,364280069287	0,05024233833	0,113848984241	45040,8436835764
271	0,379270795157	0,379289335482	1,467447098874	1,364472063986	0,05024233833	0,113848984241	45040,9456362732
272	0,379354178087	0,379116290333	1,467810859065	1,363796011497	0,05024233833	0,113848984241	45041,0476574306
273	0,37917813782	0,379047749772	1,467377826845	1,36343172686	0,05024233833	0,113848984241	45041,1499833681
274	0,379090489902	0,379060725454	1,46706242278	1,363488301026	0,05024233833	0,113848984241	45041,252076794
275	0,379127381216	0,378999995393	1,467224422852	1,363188525203	0,05024233833	0,113848984241	45041,3542395949
276	0,378480099597	0,378312859812	1,465233455204	1,360444312724	0,05024233833	0,113848984241	45041,4567794213
277	0,378437050137	1,6964E-8	1,465130274186	5,4577E-8	0,05024233833	0,113848984241	45041,5659521759
278	1,58312352178225E-12	0,223256501417	5,93209756211367E-12	0,782212208656	0,05314071849	0,119271062315	45041,8235066435
279	0,386593911071	0,379550199694	1,492772136411	1,365561731724	0,05314071849	0,119271062315	45041,9264203357
280	0,379685570857	0,379494712166	1,469105302589	1,365213257884	0,05314071849	0,119271062315	45042,0284464236
281	0,379584076599	0,379493405613	1,468823831183	1,365175765659	0,05314071849	0,119271062315	45042,1306274537
282	0,379516764439	0,379468844946	1,468624622279	1,365045016205	0,05314071849	0,119271062315	45042,2328020486
283	0,379430567191	0,379334543301	1,468275762012	1,364497613022	0,05314071849	0,119271062315	45042,3347218519
284	0,37936891024	0,379279011059	1,46810348167	1,364258287171	0,05314071849	0,119271062315	45042,4367450347
285	0,379338136656	0,37928671178	1,468043373566	1,364241633003	0,05314071849	0,119271062315	45042,5388638542
286	0,379238861415	0,37922344406	1,467649484987	1,363958455434	0,05314071849	0,119271062315	45042,640628287
287	0,379309558696	0,379193729869	1,467975981217	1,363855535384	0,05314071849	0,119271062315	45042,7426678819
288	0,379286449902	0,379246705378	1,467906835022	1,364047961837	0,05314071849	0,119271062315	45042,8449453935
289	0,379236791781	0,379112293529	1,467761005956	1,363476364966	0,05314071849	0,119271062315	45042,9471090162
290	0,379137465663	0,37909943081	1,467433027389	1,363359607911	0,05314071849	0,119271062315	45043,0492935995
291	0,379113983048	0,37899486582	1,467385234686	1,362994106619	0,05314071849	0,119271062315	45043,1513906829
292	0,378995416092	0,378980672174	1,466919942053	1,362879238029	0,05314071849	0,119271062315	45043,2533241435
293	0,379020575243	0,378926376124	1,467054385058	1,36269409994	0,05314071849	0,119271062315	45043,3554513542
294	0,378936473081	0,378903166092	1,466761222948	1,362601412553	0,05314071849	0,119271062315	45043,4575597454
295	0,378932501391	0,378861806513	1,466726807695	1,362404094901	0,05314071849	0,119271062315	45043,5597184491
296	0,378883963137	0,378851446698	1,466568737663	1,362345067196	0,05314071849	0,119271062315	45043,6618259722
297	0,378860510973	0,378736481201	1,466508463938	1,36185650112	0,05314071849	0,119271062315	45043,7639886343
298	0,37877688739	0,378696472041	1,466225499459	1,361703711102	0,05314071849	0,119271062315	45043,8662193982
299	0,37872562379	0,37865511077	1,466085798821	1,361496722693	0,05314071849	0,119271062315	45043,968528912
300	0,378709553216	0,378662862989	1,466084283293	1,361494906083	0,05314071849	0,119271062315	45044,070995162
301	0,378613001782	0,378551815669	1,465698127235	1,361030817047	0,05314071849	0,119271062315	45044,1731472569
302	0,378548944027	0,378465290233	1,465488095237	1,360701592049	0,05314071849	0,119271062315	45044,275247419
303	0,378473853791	0,378407164382	1,465223463487	1,360474615197	0,05314071849	0,119271062315	45044,3773788194
304	0,378453549051	0,378409748665	1,465199498261	1,36049479129	0,05314071849	0,119271062315	45044,4797844444
305	0,37842208451	0,378460082669	1,465044893711	1,360689716521	0,05314071849	0,119271062315	45044,5820444444
306	0,378481981716	0,378378760347	1,465228728837	1,360345845457	0,05314071849	0,119271062315	45044,6843298032
307	0,378359057661	0,378272838576	1,464815333986	1,359880228328	0,05314071849	0,119271062315	45044,7864759491
308	0,378295648504	0,378212079693	1,464574981268	1,359610823863	0,05314071849	0,119271062315	45044,8886488194
309	0,378244240001	0,378144883413	1,46447318425	1,359317282816	0,05314071849	0,119271062315	45044,9909122338
310	0,378154626915	0,378093206403	1,464174986818	1,359106057171	0,05314071849	0,119271062315	45045,0931686111
311	0,378051852659	0,377987361349	1,463802095219	1,358654198185	0,05314071849	0,119271062315	45045,1952988657
312	0,37806120367	0,378005483344	1,463861244615	1,358763421454	0,05314071849	0,119271062315	45045,2975845139
313	0,37805749744	0,378000261582	1,463885758273	1,358736339475	0,05314071849	0,119271062315	45045,4000903125
314	0,377996814997	0,377968029869	1,463632586813	1,358562473393	0,05314071849	0,119271062315	45045,5024600116
315	0,3779627918	0,37790080116	1,463517479573	1,358264870097	0,05314071849	0,119271062315	45045,6047130208
316	0,377916056877	0,37781039103	1,463364975489	1,357879609293	0,05314071849	0,119271062315	45045,706998044
317	0,378448096908	0,379598014471	1,465172190857	1,364921635256	0,05314071849	0,119271062315	45045,8087109259
318	0,379628127711	0,379795651869	1,469156957954	1,3656821093	0,05314071849	0,119271062315	45045,9104270718
319	0,379830460941	0,379923510605	1,469857936845	1,366160913256	0,05314071849	0,119271062315	45046,0121708333
320	0,379975108344	0,380044933209	1,470347463483	1,366651287746	0,05314071849	0,119271062315	45046,1139846528
321	0,3800830533	0,380078502	1,470726383254	1,366811647903	0,05314071849	0,119271062315	45046,215917662
322	0,380078136874	0,380062990566	1,470675534819	1,366744329114	0,05314071849	0,119271062315	45046,3177866088
323	0,380061334934	0,380052707892	1,470619653778	1,3667184855	0,05314071849	0,119271062315	45046,4196359722
324	0,380063892249	0,380038493056	1,470604227317	1,366689075992	0,05314071849	0,119271062315	45046,5215241088
325	0,380018004333	0,379968733469	1,470386022417	1,366409684258	0,05314071849	0,119271062315	45046,6232141319
326	0,380053183529	0,379997072655	1,470553162085	1,366514035999	0,05314071849	0,119271062315	45046,7251794792
327	0,379982586505	0,379942904609	1,470279041471	1,366282418074	0,05314071849	0,119271062315	45046,8269644097
328	0,379951609733	8,8385E-8	1,470170736276	2,8301E-7	0,05314071849	0,119271062315	45046,9357898611
329	2,54317031611607E-14	0,223309484347	9,53024310800893E-14	0,782249475307	0,051971491426	0,120256751776	45047,1905247454
330	0,386440743022	0,380010071433	1,492395039114	1,366520842884	0,051971491426	0,120256751776	45047,293367662
331	0,380140601426	0,379975191423	1,470844480381	1,366348970241	0,051971491426	0,120256751776	45047,3953483449
332	0,380029383069	0,379914474503	1,470420096279	1,366112486036	0,051971491426	0,120256751776	45047,4972219213
333	0,379950409687	0,379849908286	1,470166313031	1,36582483988	0,051971491426	0,120256751776	45047,5991207639
334	0,379900233424	0,379811149312	1,470021432216	1,365666390087	0,051971491426	0,120256751776	45047,7011297107
335	0,379811698631	0,379808607839	1,469705913007	1,365634491505	0,051971491426	0,120256751776	45047,8030707986
336	0,379815449807	0,379680659877	1,469700525582	1,365124763675	0,051971491426	0,120256751776	45047,9049166782
337	0,379720996197	0,379627693694	1,469448596057	1,364871917298	0,051971491426	0,120256751776	45048,0068475463
338	0,379652830217	0,379618726688	1,469228146716	1,364797871201	0,051971491426	0,120256751776	45048,1088051157
339	0,379627982664	0,379609613874	1,469171795779	1,364785233689	0,051971491426	0,120256751776	45048,2108649306
340	0,379658800989	0,379557961873	1,469265733502	1,364598357982	0,051971491426	0,120256751776	45048,3129932176
341	0,379551772422	0,379517973699	1,468909649905	1,364405016832	0,051971491426	0,120256751776	45048,4150077199
342	0,379500018709	0,379410768045	1,468656897607	1,363922328026	0,051971491426	0,120256751776	45048,5169099653
343	0,37943327681	0,379483065933	1,468528542831	1,364261779652	0,051971491426	0,120256751776	45048,6189884375
344	0,379491555703	0,379408183551	1,468653351317	1,364020478085	0,051971491426	0,120256751776	45048,7209613542
345	0,379432286698	0,379453376963	1,468467940697	1,364198033426	0,051971491426	0,120256751776	45048,8229978472
346	0,379442523102	0,379397838573	1,468489488676	1,363997960719	0,051971491426	0,120256751776	45048,9248939352
347	0,379453942974	0,379344866455	1,468446258857	1,363722771958	0,051971491426	0,120256751776	45049,0267834954
348	0,379402123728	0,379288101196	1,468375735232	1,363444642564	0,051971491426	0,120256751776	45049,128858044
349	0,379280890228	0,379241492304	1,467986540781	1,363227724992	0,051971491426	0,120256751776	45049,2308347106
350	0,379272875244	0,379237669918	1,467965126286	1,363204904769	0,051971491426	0,120256751776	45049,3328825463
351	0,379207262684	0,379167935127	1,467743865312	1,362934043482	0,051971491426	0,120256751776	45049,4349133912
352	0,379184759367	0,379129118081	1,467669633339	1,36278798116	0,051971491426	0,120256751776	45049,5369534491
353	0,379138149294	0,37905426834	1,467489308807	1,362466498355	0,051971491426	0,120256751776	45049,6389260069
354	0,3790884828	0,379042561494	1,467343709266	1,362410147234	0,051971491426	0,120256751776	45049,7410586574
355	0,379041400659	0,379019366298	1,467189389944	1,362324202862	0,051971491426	0,120256751776	45049,8431122917
356	0,379028793582	0,378922534454	1,467146571814	1,361896348047	0,051971491426	0,120256751776	45049,9451724421
357	0,378949952276	0,378851453903	1,466911349244	1,3616222374	0,051971491426	0,120256751776	45050,0472717477
358	0,378828229089	0,378761048015	1,466499033956	1,361218594487	0,051971491426	0,120256751776	45050,149226713
359	0,378846022866	0,378821757089	1,46663031239	1,361439800975	0,051971491426	0,120256751776	45050,2513700579
360	0,378814286689	0,378770098943	1,466454986706	1,361222750267	0,051971491426	0,120256751776	45050,3534390278
361	0,378814701919	0,378776606279	1,466488984728	1,361268788377	0,051971491426	0,120256751776	45050,4556689468
362	0,378799996652	0,378702938478	1,46642680267	1,360979225423	0,051971491426	0,120256751776	45050,5578559838
363	0,378714534065	0,378635765718	1,466133768027	1,360712952688	0,051971491426	0,120256751776	45050,6600483218
364	0,378675140042	0,378643452878	1,466021724566	1,360692637583	0,051971491426	0,120256751776	45050,7622635301
365	0,378681300888	0,378580232208	1,466023008279	1,360480936518	0,051971491426	0,120256751776	45050,8644635648
366	0,378548702143	0,378432997689	1,465339861757	1,359728014143	0,051971491426	0,120256751776	45050,96649
367	0,378462211523	0,378483267691	1,465364247668	1,360016885488	0,051971491426	0,120256751776	45051,0687725579
368	0,378504675463	0,378380006286	1,465501030555	1,359620622401	0,051971491426	0,120256751776	45051,1711024306
369	0,378345878287	0,378374847043	1,464905957705	1,359563375915	0,051971491426	0,120256751776	45051,2732627546
370	0,378355888593	0,378237971495	1,46493500222	1,359045011894	0,051971491426	0,120256751776	45051,375440706
371	0,378256907922	0,378244381983	1,464607483675	1,359063435925	0,051971491426	0,120256751776	45051,4775954745
372	0,378218993551	0,378551846611	1,464418362609	1,360198605096	0,051971491426	0,120256751776	45051,5796300926
373	0,378658168465	0,378306403973	1,465927067561	1,359157615112	0,051971491426	0,120256751776	45051,6818881597
374	0,378347174713	0,378376145122	1,464886857378	1,359535975176	0,051971491426	0,120256751776	45051,7840427083
375	0,378355371514	0,378033836939	1,464991595942	1,358345375437	0,051971491426	0,120256751776	45051,8861060995
376	0,378044453495	0,377979625662	1,463805070953	1,357961846848	0,051971491426	0,120256751776	45051,9883941435
377	0,378048417949	0,378164295641	1,463924194139	1,358433704474	0,051971491426	0,120256751776	45052,0908751505
378	0,378125318706	0,378090730412	1,464104939901	1,358175015953	0,051971491426	0,120256751776	45052,1930821065
379	0,378083471288	1,2632E-7	1,464085551393	4,05548E-7	0,051971491426	0,120256751776	45052,3021031713
380	4,62221204954096E-12	0,223208377212	1,73255034887855E-11	0,781702970878	0,052593741566	0,125185221434	45052,5564512732
381	0,385113941314	0,378245694893	1,487928487111	1,359227014718	0,052593741566	0,125185221434	45052,6596487963
382	0,37840274467	0,378156605731	1,464964381476	1,358478959485	0,052593741566	0,125185221434	45052,7620322338
383	0,378207437474	0,378030004171	1,464295227115	1,358318981864	0,052593741566	0,125185221434	45052,8642438079
384	0,37806594461	0,377975739275	1,463931884669	1,357905538241	0,052593741566	0,125185221434	45052,966768125
385	0,377981616745	0,377958894161	1,463715504749	1,357509496971	0,052593741566	0,125185221434	45053,0693338773
386	0,377907654792	0,377639903461	1,463405942374	1,356401176051	0,052593741566	0,125185221434	45053,1714655671
387	0,3776870658	0,377664397581	1,462632818516	1,356717565973	0,052593741566	0,125185221434	45053,2737232986
388	0,377669383084	0,377564923804	1,462646367408	1,355929678405	0,052593741566	0,125185221434	45053,3762387037
389	0,377610558257	0,377802630966	1,462410449176	1,35704442426	0,052593741566	0,125185221434	45053,4787674306
390	0,377753065212	0,377412625203	1,462957870025	1,355662565348	0,052593741566	0,125185221434	45053,5807985417
391	0,377466688927	0,377624397966	1,461802338838	1,356474190882	0,052593741566	0,125185221434	45053,6833481366
392	0,377607059589	0,377535235473	1,462425053949	1,355985630763	0,052593741566	0,125185221434	45053,7858018056
393	0,377556501722	0,377548258199	1,46225418808	1,355989236233	0,052593741566	0,125185221434	45053,8881631597
394	0,377549017633	0,377424238168	1,462282543422	1,35541352564	0,052593741566	0,125185221434	45053,9906813889
395	0,377453923915	0,377395716092	1,462024883176	1,355200148305	0,052593741566	0,125185221434	45054,0932557986
396	0,37742643932	0,377319584592	1,461875679344	1,354858755496	0,052593741566	0,125185221434	45054,1958304861
397	0,377299507462	0,377105231152	1,461407058927	1,354026277176	0,052593741566	0,125185221434	45054,2981655671
398	0,377065387347	0,376831310936	1,460658325741	1,353150623831	0,052593741566	0,125185221434	45054,4002437616
399	0,376876990385	0,377164561617	1,459894878763	1,354442661973	0,052593741566	0,125185221434	45054,5027715278
400	0,377209624906	0,118618481685	1,461162862784	0,463197043743	0,052593741566	0,125185221434	45054,5819403704
