TesterID:	Maccor#2						
Channel Number:	61						
TestName:	KAI_Zelltest_regulaer_fix_no_degass_flag.000						
TestDesc:	Regular cycling: formation, followed by pulse, C-rate quick charge and cycling t						
StartDateTime:	45007,4448084954						
Comment:							
							
							
Cycle	AH-IN	AH-OUT	WH-IN	WH-OUT	ACR	DCIR	Date
0		5,596E-8		1,3485E-8	0	0	45007,6115933102
1	0,406232038039	0,340540833136	1,516610287643	1,24530344674	0	0	45007,9531935764
2	0,343464128894	0,340671550069	1,293629803049	1,246364513769	0	0	45008,2736090509
3	0,355741033843	7,0795E-8	1,34441570661	2,28857E-7	0	0	45008,6665599653
4	7,3116146588337E-13	1,15713E-7	2,75224891336417E-12	3,79714E-7	0,058833569288	0,161417156458	45008,9123822106
5	0,345589994501	0,343743749696	1,31441246929	1,258446037756	0,058833569288	0,161417156458	45009,119979456
6	0,343894282206	0,342421855344	1,307622900448	1,253880785968	0,058833569288	0,161417156458	45009,3331316435
7	0,342553345256	0,341209715316	1,302301079168	1,249689217119	0,058833569288	0,161417156458	45009,5453792014
8	0,341233149136	0,31941543011	1,297119620142	1,142956260706	0,058833569288	0,161417156458	45009,6938312963
9	0,31934120608	0,318207695484	1,220201688967	1,139179603054	0,058833569288	0,161417156458	45009,8358549306
10	0,318168646555	0,317193814863	1,215672603814	1,135934836625	0,058833569288	0,161417156458	45009,9773871065
11	0,317105108199	0,234850135466	1,211599287449	0,824631918315	0,058833569288	0,161417156458	45010,1006498958
12	0,23490633533	0,23338280016	0,915182261972	0,820808523897	0,058833569288	0,161417156458	45010,201078287
13	0,233376896484	0,231597713102	0,909367529276	0,815038946073	0,058833569288	0,161417156458	45010,3008385417
14	0,231579547187	0,333419144191	0,902629340496	1,222602037806	0,058833569288	0,161417156458	45010,479412419
15	0,333266566944	0,333360181427	1,266171880181	1,222449091073	0,058833569288	0,161417156458	45010,6855962616
16	0,333297982778	7,0784E-8	1,266104466467	2,27263E-7	0,058833569288	0,161417156458	45010,8986777546
17	0,284068437088	0,284013207205	1,088038307497	1,023938554489	0,058833569288	0,161417156458	45011,0075782176
18	0,283470434537	0,283090178166	1,085230362842	1,020499716332	0,058833569288	0,161417156458	45011,1647179861
19	0,2828271057	0,282263013093	1,082468900416	1,017489347375	0,058833569288	0,161417156458	45011,2799143403
20	0,255310362579	0,244140075322	1,001444567856	0,8735435596	0,058833569288	0,161417156458	45011,3709479167
21	0,244157979223	0,232450664982	0,957387476868	0,832742566634	0,058833569288	0,161417156458	45011,4583348264
22	0,231987759767	5,4053E-8	0,910081383157	1,65727E-7	0,058833569288	0,161417156458	45011,5495075926
23	6,35792579029017E-15	0,166767923559	2,38940038588627E-14	0,584526636141	0,058485370129	0,142293795943	45011,7572099306
24	0,300107462685	0,293352705438	1,167733558666	1,053496797493	0,058485370129	0,142293795943	45011,8409349884
25	0,293572150254	0,292655222755	1,144906322518	1,051196785191	0,058485370129	0,142293795943	45011,9237271875
26	0,292788010462	0,2920327015	1,141881568797	1,049108305759	0,058485370129	0,142293795943	45012,0062745602
27	0,292154341714	0,291469503719	1,139457660381	1,047187429009	0,058485370129	0,142293795943	45012,0886179977
28	0,291558789388	0,290933426094	1,137239501601	1,045342814305	0,058485370129	0,142293795943	45012,1707796065
29	0,291004557166	0,290375463007	1,135123638868	1,043400513891	0,058485370129	0,142293795943	45012,2527643287
30	0,29045776966	0,289892395648	1,133111431512	1,041770277346	0,058485370129	0,142293795943	45012,3346773843
31	0,289952807411	0,2893680094	1,131202077913	1,03988587723	0,058485370129	0,142293795943	45012,416501088
32	0,289411198776	0,288839736554	1,129162977622	1,038064494944	0,058485370129	0,142293795943	45012,4981495486
33	0,288857019379	0,288342429773	1,127132810388	1,036354045065	0,058485370129	0,142293795943	45012,579595787
34	0,288406994384	0,287883919056	1,12544868928	1,034720256841	0,058485370129	0,142293795943	45012,6610498148
35	0,287939886535	0,287425364255	1,123724076625	1,033125259689	0,058485370129	0,142293795943	45012,7424163426
36	0,287448795416	0,286939686545	1,121894329967	1,031410928007	0,058485370129	0,142293795943	45012,8236760069
37	0,286989725382	0,286497953969	1,120190984852	1,029866397935	0,058485370129	0,142293795943	45012,9048601736
38	0,286530044498	0,28606011647	1,118491171452	1,028366927482	0,058485370129	0,142293795943	45012,9859464236
39	0,286086337114	0,28560932046	1,116856697952	1,026776470381	0,058485370129	0,142293795943	45013,0669602431
40	0,285620919091	0,285144346273	1,115111613646	1,025133137215	0,058485370129	0,142293795943	45013,1477777315
41	0,285162912348	0,284703919405	1,113417125808	1,023570297193	0,058485370129	0,142293795943	45013,2285100116
42	0,284745783738	0,28431252041	1,111871323898	1,022211282407	0,058485370129	0,142293795943	45013,3092123611
43	0,284334354544	0,283904380146	1,110357312947	1,020785227051	0,058485370129	0,142293795943	45013,3898768866
44	0,283913955642	0,283487198912	1,108793934659	1,019306889815	0,058485370129	0,142293795943	45013,470446713
45	0,283486734852	0,283076405275	1,107190716488	1,017840333234	0,058485370129	0,142293795943	45013,5508822222
46	0,28311530966	0,282701842066	1,105823631238	1,016552879097	0,058485370129	0,142293795943	45013,6313230324
47	0,282713462494	0,282316941079	1,104332794605	1,015205488311	0,058485370129	0,142293795943	45013,7116945486
48	0,282340133501	0,281965650846	1,10295449414	1,01397984766	0,058485370129	0,142293795943	45013,7920447107
49	0,281953576559	0,281580697726	1,101493869812	1,012617758603	0,058485370129	0,142293795943	45013,8722430903
50	0,281581569942	0,281216500692	1,100105789786	1,01132367481	0,058485370129	0,142293795943	45013,9523349653
51	0,281218488213	0,280850968705	1,098756377786	1,010038601177	0,058485370129	0,142293795943	45014,0323776389
52	0,280837838071	0,280509917275	1,097339230869	1,008845876657	0,058485370129	0,142293795943	45014,1122827083
53	0,280531663584	0,280199995308	1,096198355058	1,007762563207	0,058485370129	0,142293795943	45014,1922232755
54	0,28018670115	0,279873175033	1,094893969578	1,006615214025	0,058485370129	0,142293795943	45014,2720534606
55	0,279859016158	0,279526996361	1,093666135491	1,005394314602	0,058485370129	0,142293795943	45014,3517802778
56	0,279518419506	0,279223469409	1,09239691563	1,004327997122	0,058485370129	0,142293795943	45014,4314187732
57	0,27925241441	0,278939322474	1,091407822634	1,003333919496	0,058485370129	0,142293795943	45014,5111238773
58	0,278929275242	0,278655131881	1,090182447653	1,002350049344	0,058485370129	0,142293795943	45014,5906660648
59	0,278647501393	0,278363262819	1,089110388433	1,001314254702	0,058485370129	0,142293795943	45014,6701717824
60	0,278350346242	0,278071343958	1,087995048239	1,000300418177	0,058485370129	0,142293795943	45014,7496133912
61	0,278069636417	0,277814313576	1,086946026381	0,999411323421	0,058485370129	0,142293795943	45014,829005162
62	0,277808109604	0,277528811344	1,085952304758	0,998406897142	0,058485370129	0,142293795943	45014,908351331
63	0,277513359432	0,277276962459	1,084830625797	0,997520104111	0,058485370129	0,142293795943	45014,9876744097
64	0,277261406819	0,276995405743	1,083866199776	0,996524564494	0,058485370129	0,142293795943	45015,0668515856
65	0,276979764987	0,276724137421	1,082810402109	0,995567637859	0,058485370129	0,142293795943	45015,1460074537
66	0,276713763858	0,27647356097	1,081822064428	0,994698728185	0,058485370129	0,142293795943	45015,225117662
67	0,276461231393	0,276239790213	1,080860952596	0,9938963927	0,058485370129	0,142293795943	45015,3041966088
68	0,276199099584	0,27594789	1,079865007905	0,992854465535	0,058485370129	0,142293795943	45015,3831354051
69	0,275928999977	0,275719257081	1,078847232165	0,992058621788	0,058485370129	0,142293795943	45015,4620076273
70	0,275721031517	0,275497129804	1,078059916791	0,991284905161	0,058485370129	0,142293795943	45015,5408711574
71	0,275470530032	0,275281431027	1,077098203379	0,99053882432	0,058485370129	0,142293795943	45015,619672963
72	0,275277704962	0,275054069905	1,076365878543	0,989742565706	0,058485370129	0,142293795943	45015,6985178356
73	0,275017533279	8,6478E-8	1,075370077801	2,85906E-7	0,058485370129	0,142293795943	45015,7842111574
74	0	0,152741922103	0	0,535583821396	0,056773163378	0,137999206781	45015,9782933449
75	0,283372946806	0,275311149878	1,104136807884	0,990753973618	0,056773163378	0,137999206781	45016,0578019213
76	0,275304616509	0,275063122321	1,076136109789	0,9899187537	0,056773163378	0,137999206781	45016,1363154398
77	0,27507193423	0,274808699748	1,075220036844	0,989039059881	0,056773163378	0,137999206781	45016,2148331829
78	0,274751656042	0,274524500466	1,073984617505	0,988028856476	0,056773163378	0,137999206781	45016,2931778009
79	0,274509880497	0,274276481173	1,073083715034	0,987142545727	0,056773163378	0,137999206781	45016,3715534375
80	0,274244131212	0,274036236774	1,072104383986	0,986302563194	0,056773163378	0,137999206781	45016,4498849537
81	0,274028870262	0,273805012791	1,071306159417	0,985489916347	0,056773163378	0,137999206781	45016,5282028704
82	0,273752273277	0,27354800996	1,070266270869	0,984547782781	0,056773163378	0,137999206781	45016,6063816898
83	0,273550042152	0,273332294438	1,069512131675	0,983779167393	0,056773163378	0,137999206781	45016,6845737731
84	0,273268872766	0,273080423725	1,068451536737	0,982893235218	0,056773163378	0,137999206781	45016,7626222454
85	0,273057351931	0,272858256182	1,067685439959	0,982122980748	0,056773163378	0,137999206781	45016,840655544
86	0,272834856715	0,272612842367	1,066852904975	0,981227593574	0,056773163378	0,137999206781	45016,9187036574
87	0,272584326832	0,272411396364	1,065923133321	0,980504597843	0,056773163378	0,137999206781	45016,9967030208
88	0,272386675669	0,272190507399	1,065191059347	0,979727588922	0,056773163378	0,137999206781	45017,0747189583
89	0,272153476473	0,271988980439	1,064339087775	0,979027391674	0,056773163378	0,137999206781	45017,1526871759
90	0,271946347992	0,271739694009	1,063552748576	0,97813088991	0,056773163378	0,137999206781	45017,2305660417
91	0,271720203984	0,27156278409	1,062726249187	0,977503214778	0,056773163378	0,137999206781	45017,3084631134
92	0,271522097294	0,271322500907	1,061975266479	0,976638760963	0,056773163378	0,137999206781	45017,3862910069
93	0,271281008077	0,271101630383	1,061088846219	0,975858418551	0,056773163378	0,137999206781	45017,4640739583
94	0,271068223979	0,27091305388	1,060287922151	0,975183700731	0,056773163378	0,137999206781	45017,541802662
95	0,270888499457	0,270719326609	1,059610563481	0,974515177414	0,056773163378	0,137999206781	45017,6194839699
96	0,27066514618	0,270493262929	1,058761946719	0,97370296577	0,056773163378	0,137999206781	45017,6971033218
97	0,270464085988	0,270329326568	1,058018901362	0,973119662814	0,056773163378	0,137999206781	45017,7746814931
98	0,27028122923	0,270098085205	1,057312490834	0,972299566157	0,056773163378	0,137999206781	45017,8521892824
99	0,27007057213	0,269935324214	1,056551027549	0,971727581262	0,056773163378	0,137999206781	45017,9297126042
100	0,269894713032	0,26972988628	1,055892017676	0,970991234531	0,056773163378	0,137999206781	45018,0071889699
101	0,269691224197	0,269560753374	1,05513575533	0,970382788401	0,056773163378	0,137999206781	45018,0846468287
102	0,269528653058	0,269361843123	1,054533801238	0,969671121048	0,056773163378	0,137999206781	45018,1621195023
103	0,269309085925	0,269146081403	1,053701945431	0,968896007473	0,056773163378	0,137999206781	45018,2394712616
104	0,269118989453	0,268966584443	1,053024964009	0,968263546332	0,056773163378	0,137999206781	45018,3168643866
105	0,268884668039	0,268723748129	1,052138209929	0,967382660859	0,056773163378	0,137999206781	45018,3941286921
106	0,268689493083	0,268545513853	1,051440933523	0,966756160632	0,056773163378	0,137999206781	45018,4714352199
107	0,268506027365	0,268349192973	1,050749703699	0,966058444792	0,056773163378	0,137999206781	45018,5486903357
108	0,268301884292	0,268198014637	1,049985211364	0,965518108095	0,056773163378	0,137999206781	45018,6258851852
109	0,268163577957	0,26802108183	1,049469987335	0,964896918884	0,056773163378	0,137999206781	45018,7031089931
110	0,267955601281	0,26781700195	1,048693473093	0,96415064913	0,056773163378	0,137999206781	45018,7802628009
111	0,267786475707	0,267643913779	1,048074836566	0,963549849251	0,056773163378	0,137999206781	45018,8574138657
112	0,267594183691	0,267454031147	1,047353848075	0,962864440677	0,056773163378	0,137999206781	45018,9345380787
113	0,267389852242	0,267234479254	1,046583375927	0,962077087348	0,056773163378	0,137999206781	45019,011527581
114	0,267210042731	0,267132418016	1,045912684125	0,961743073477	0,056773163378	0,137999206781	45019,0885720949
115	0,267070461512	0,266898687313	1,045376972245	0,960901526527	0,056773163378	0,137999206781	45019,1655270486
116	0,266858928492	0,266712672418	1,044599862903	0,960215851653	0,056773163378	0,137999206781	45019,2424711227
117	0,266673832466	0,266521503576	1,043909668041	0,959533821741	0,056773163378	0,137999206781	45019,3193546412
118	0,266460017555	0,26633419315	1,043125071841	0,958867052665	0,056773163378	0,137999206781	45019,3962278356
119	0,266288142318	0,266176655407	1,042488338406	0,958289973362	0,056773163378	0,137999206781	45019,473068044
120	0,266124789877	0,265988018714	1,041871903033	0,957599846425	0,056773163378	0,137999206781	45019,5498746991
121	0,265975279601	0,265754259614	1,041347957054	0,956737073862	0,056773163378	0,137999206781	45019,6267345602
122	0,265692338516	0,265548963038	1,040289951886	0,956001059019	0,056773163378	0,137999206781	45019,7034933565
123	0,265498585599	0,265387441841	1,039578331004	0,955430787351	0,056773163378	0,137999206781	45019,7802159607
124	0,265347774633	8,9233E-8	1,039025902819	2,95337E-7	0,056773163378	0,137999206781	45019,8639856134
125	0	0,144780060832	0	0,50779084952	0,060213517398	0,143984347582	45020,0524862153
126	0,273737672152	0,265798201359	1,06809251572	0,957014976933	0,060213517398	0,143984347582	45020,1300236921
127	0,265768674225	0,265555365893	1,040388641914	0,956169155121	0,060213517398	0,143984347582	45020,2066607523
128	0,265490816529	0,265285395862	1,039310665156	0,955155225798	0,060213517398	0,143984347582	45020,2831755324
129	0,265133510838	0,26491084346	1,037573392398	0,953688554997	0,060213517398	0,143984347582	45020,3608585185
130	0,264989779083	0,264804925926	1,037493453728	0,953404500304	0,060213517398	0,143984347582	45020,4374031134
131	0,264764623074	0,26457756311	1,03665394156	0,952582153929	0,060213517398	0,143984347582	45020,5139233218
132	0,264538598351	0,26435154881	1,035817965515	0,951778803055	0,060213517398	0,143984347582	45020,5903567477
133	0,264267889742	0,264018306185	1,034810741821	0,950504765187	0,060213517398	0,143984347582	45020,6666777083
134	0,263989366229	0,263815498313	1,033878309794	0,94978889288	0,060213517398	0,143984347582	45020,7430691088
135	0,263780647486	0,263590733769	1,033088013758	0,948985361928	0,060213517398	0,143984347582	45020,8194548148
136	0,263528207561	0,263325957527	1,032156156772	0,948012199942	0,060213517398	0,143984347582	45020,8957110417
137	0,263289886203	0,263106364094	1,031308566485	0,947221384909	0,060213517398	0,143984347582	45020,9720103704
138	0,263054671582	0,262877800901	1,030449278658	0,946402572148	0,060213517398	0,143984347582	45021,0482633333
139	0,26284317781	0,26265303212	1,029688524716	0,945585525084	0,060213517398	0,143984347582	45021,1244981134
140	0,262591914388	0,26242049798	1,028769746996	0,944739291071	0,060213517398	0,143984347582	45021,2006757986
141	0,262368509559	0,262208673296	1,027948364194	0,943985646912	0,060213517398	0,143984347582	45021,2768570949
142	0,262151089691	0,261995578089	1,027157685755	0,943230365206	0,060213517398	0,143984347582	45021,3529863542
143	0,261938468334	0,261776021746	1,026380727166	0,942424076561	0,060213517398	0,143984347582	45021,4290450694
144	0,261751475977	0,26159394686	1,025710954192	0,941770145297	0,060213517398	0,143984347582	45021,5051606829
145	0,261522291534	0,261376897234	1,024857402492	0,940980357112	0,060213517398	0,143984347582	45021,5811845602
146	0,261337885697	0,261177986136	1,024193169953	0,94025884539	0,060213517398	0,143984347582	45021,6572108681
147	0,261107054175	0,26097886014	1,023332943557	0,939740043275	0,060213517398	0,143984347582	45021,7333802315
148	0,260941655718	0,260781439974	1,022731306423	0,93883438548	0,060213517398	0,143984347582	45021,8093050116
149	0,260681674598	0,260555366545	1,021757824329	0,93801461453	0,060213517398	0,143984347582	45021,8850862153
150	0,26054769287	0,260397797436	1,02128780643	0,937462157447	0,060213517398	0,143984347582	45021,9609752894
151	0,260333693283	0,260209262469	1,020509404543	0,936777186377	0,060213517398	0,143984347582	45022,0368122106
152	0,260151894723	0,260018084941	1,019836066064	0,936108126491	0,060213517398	0,143984347582	45022,1126087268
153	0,259945876572	0,259806286751	1,019069640348	0,935348645245	0,060213517398	0,143984347582	45022,1883084606
154	0,259776416187	0,259631876132	1,018460458723	0,934704541748	0,060213517398	0,143984347582	45022,2640787963
155	0,259546612073	0,259337381884	1,017590246782	0,933649255521	0,060213517398	0,143984347582	45022,3396955903
156	0,259307353276	0,259268955768	1,016729282872	0,933444265896	0,060213517398	0,143984347582	45022,4153805556
157	0,259207090069	0,259070036404	1,016316567827	0,932743131577	0,060213517398	0,143984347582	45022,4909620718
158	0,259004116246	0,258924037872	1,015556085149	0,932218558966	0,060213517398	0,143984347582	45022,566473287
159	0,258882044741	0,25880009371	1,015091623896	0,931778582203	0,060213517398	0,143984347582	45022,6420086227
160	0,25875536394	0,258647628743	1,014613463046	0,931250235154	0,060213517398	0,143984347582	45022,7175882407
161	0,25857877519	0,258536583119	1,01395372877	0,930857547266	0,060213517398	0,143984347582	45022,7930499306
162	0,258494891309	0,258422934348	1,013636697864	0,930460341959	0,060213517398	0,143984347582	45022,8685418634
163	0,25835126615	0,258288569125	1,013089337588	0,929970610638	0,060213517398	0,143984347582	45022,9439756134
164	0,258219558893	0,258163267758	1,012577021206	0,929535798945	0,060213517398	0,143984347582	45023,019351088
165	0,258123672665	0,258066416628	1,012228145787	0,929190620396	0,060213517398	0,143984347582	45023,0947352315
166	0,257981769177	0,257875267708	1,011672402753	0,928495270139	0,060213517398	0,143984347582	45023,1699924074
167	0,2578410201	0,253066958625	1,011167550562	0,910034768613	0,060213517398	0,143984347582	45025,4511998264
168	0,254879884547	0,255317822586	0,998582309674	0,920918093737	0,060213517398	0,143984347582	45025,5247024537
169	0,255131467992	0,255416009517	0,99939482344	0,921397662602	0,060213517398	0,143984347582	45025,5982115741
170	0,255329228134	0,255512860225	1,00008142777	0,921768696076	0,060213517398	0,143984347582	45025,6718781829
171	0,255391827159	0,255499967835	1,000298776888	0,921676266613	0,060213517398	0,143984347582	45025,7455045255
172	0,255436585622	0,255512835428	1,000491225892	0,921657256103	0,060213517398	0,143984347582	45025,8192199074
173	0,255419736496	0,255439214674	1,000459957202	0,921316376265	0,060213517398	0,143984347582	45025,8929128009
174	0,255373778784	0,255357838099	1,000361862705	0,920933420217	0,060213517398	0,143984347582	45025,9666988426
175	0,25529326505	9,6227E-8	1,000135255292	3,14501E-7	0,060213517398	0,143984347582	45026,0475856019
176	0	0,134479550811	0	0,471860319291	0,060232527554	0,144970521331	45026,2299209491
177	0,261733006624	0,255932693984	1,022675518881	0,922831765733	0,060232527554	0,144970521331	45026,304501956
178	0,255904178347	0,255671731225	1,002503040147	0,921842535556	0,060232527554	0,144970521331	45026,3784921991
179	0,255621249672	0,255403030024	1,00151793294	0,920799725616	0,060232527554	0,144970521331	45026,4525186806
180	0,255354876476	0,255149936045	1,000610739646	0,919810911098	0,060232527554	0,144970521331	45026,5265691667
181	0,255091523281	0,254930337527	0,999721871461	0,918992100341	0,060232527554	0,144970521331	45026,6006629398
182	0,254865909076	0,254666855759	0,998940349967	0,917982318756	0,060232527554	0,144970521331	45026,6747597917
183	0,254589500406	0,254390454048	0,998005870549	0,91689733062	0,060232527554	0,144970521331	45026,7487802778
184	0,254340342999	0,254142418438	0,997173000558	0,915953693865	0,060232527554	0,144970521331	45026,8228705903
185	0,254084171822	0,253895763555	0,996301855048	0,915006993889	0,060232527554	0,144970521331	45026,8969469213
186	0,25383393695	0,253664506084	0,995450590611	0,914123554058	0,060232527554	0,144970521331	45026,9710586111
187	0,253595767523	0,253419152245	0,994630213742	0,913196885062	0,060232527554	0,144970521331	45027,0451540394
188	0,253344198894	0,253168525566	0,993753058682	0,912264146834	0,060232527554	0,144970521331	45027,1191771759
189	0,253091163498	0,252943777342	0,992870208748	0,911433315072	0,060232527554	0,144970521331	45027,1931264005
190	0,252905267228	0,252721619547	0,992247444182	0,910588909803	0,060232527554	0,144970521331	45027,2671682755
191	0,252657349892	0,25247624727	0,991374015089	0,90965718542	0,060232527554	0,144970521331	45027,3412003819
192	0,252413291244	0,252230802511	0,990544756337	0,90873795426	0,060232527554	0,144970521331	45027,4152482639
193	0,252159523991	0,2520138366	0,98964726592	0,907929707381	0,060232527554	0,144970521331	45027,4892271759
194	0,251961330932	0,251800638606	0,988961875463	0,907126941333	0,060232527554	0,144970521331	45027,563223588
195	0,25175196624	0,251590162015	0,988239211499	0,906347446867	0,060232527554	0,144970521331	45027,6372639699
196	0,251521048317	0,251374421064	0,987426290989	0,905542839843	0,060232527554	0,144970521331	45027,7112930556
197	0,251315257111	0,251144506601	0,986703183741	0,904678788787	0,060232527554	0,144970521331	45027,7853007755
198	0,25106782266	0,250935207923	0,985819745348	0,90390469397	0,060232527554	0,144970521331	45027,8592653241
199	0,250859321403	0,250709221385	0,985082421465	0,903065742279	0,060232527554	0,144970521331	45027,9332038889
200	0,250631445311	0,250496141014	0,984272247004	0,902278007404	0,060232527554	0,144970521331	45028,0070757639
201	0,25044001209	0,250292085929	0,983612235004	0,901506659549	0,060232527554	0,144970521331	45028,0809732176
202	0,250231718604	0,250107318038	0,98286981822	0,900820324866	0,060232527554	0,144970521331	45028,1548906134
203	0,250049448785	0,249933014443	0,982226677181	0,900188118793	0,060232527554	0,144970521331	45028,2287979282
204	0,249857472088	0,249740560664	0,981526972669	0,899447157731	0,060232527554	0,144970521331	45028,3026254282
205	0,249674989816	0,249541586835	0,980881301979	0,898713168708	0,060232527554	0,144970521331	45028,3764955208
206	0,24946796135	0,249346576958	0,98014156383	0,897992619816	0,060232527554	0,144970521331	45028,4502829977
207	0,249304720174	0,249208363494	0,979558654643	0,897494827677	0,060232527554	0,144970521331	45028,5241372917
208	0,249138729857	0,249037878681	0,978957993851	0,896858869487	0,060232527554	0,144970521331	45028,5979148495
209	0,24898017095	0,248876401355	0,978372276677	0,896252430664	0,060232527554	0,144970521331	45028,6716874306
210	0,248832045106	0,248735586226	0,977849410847	0,895739856186	0,060232527554	0,144970521331	45028,7454802315
211	0,248660725089	0,248588369516	0,977225068333	0,895196568932	0,060232527554	0,144970521331	45028,8192227315
212	0,248520590325	0,248430786629	0,976712880073	0,894606264751	0,060232527554	0,144970521331	45028,8929659491
213	0,248365162975	0,248282258702	0,976145943689	0,894036972365	0,060232527554	0,144970521331	45028,9666848032
214	0,248210469266	0,248140173049	0,975587467568	0,893531808964	0,060232527554	0,144970521331	45029,0403374421
215	0,248062765765	0,248007081952	0,975047261154	0,893061375287	0,060232527554	0,144970521331	45029,113933044
216	0,247963893324	0,247889581973	0,974689758268	0,892623381101	0,060232527554	0,144970521331	45029,1876053472
217	0,24783325323	0,247753971231	0,974212944356	0,892110668102	0,060232527554	0,144970521331	45029,2612842361
218	0,247667584168	0,24762616654	0,973603163621	0,891679750051	0,060232527554	0,144970521331	45029,334873287
219	0,24755559989	0,247491793262	0,973188648388	0,891195321099	0,060232527554	0,144970521331	45029,408441331
220	0,247442300958	0,24737806438	0,972766270833	0,890772646205	0,060232527554	0,144970521331	45029,4819935301
221	0,247337410124	0,247281225543	0,972383909731	0,89042616169	0,060232527554	0,144970521331	45029,5556302894
222	0,247198175056	0,247166279331	0,971863639298	0,889999425228	0,060232527554	0,144970521331	45029,629173912
223	0,247137650476	0,247053926939	0,971637851637	0,889573228081	0,060232527554	0,144970521331	45029,7027327199
224	0,247004118224	0,247002250781	0,971139684907	0,889368916006	0,060232527554	0,144970521331	45029,776278206
225	0,246931433247	0,246812379379	0,97084747783	0,888686638735	0,060232527554	0,144970521331	45029,8497678357
226	0,24674694471	7,3762E-8	0,970172804261	2,47058E-7	0,060232527554	0,144970521331	45029,9302040162
227	5,78571246916406E-13	0,131505084269	2,18289755623918E-12	0,461364578148	0,063704699278	0,151306822896	45030,1092355324
228	0,257017856192	0,247650662146	1,006169661208	0,891797370991	0,063704699278	0,151306822896	45030,1838151389
229	0,247612125578	0,247624852143	0,973222713854	0,89174312208	0,063704699278	0,151306822896	45030,2573481713
230	0,247548755136	0,247450449366	0,972909082736	0,891069708632	0,063704699278	0,151306822896	45030,3307573611
231	0,247400187753	0,247299374028	0,972370125932	0,890458152087	0,063704699278	0,151306822896	45030,4042419329
232	0,247250934013	0,24717664275	0,971810370415	0,889993483259	0,063704699278	0,151306822896	45030,4776726273
233	0,247115740331	0,246989296929	0,971315606866	0,889265502912	0,063704699278	0,151306822896	45030,5511327431
234	0,246918818199	0,24679687706	0,970606265807	0,888521460608	0,063704699278	0,151306822896	45030,6244988194
235	0,246734446457	0,246634142135	0,969941260438	0,887875421423	0,063704699278	0,151306822896	45030,6978767477
236	0,24658055743	0,246468754897	0,969391835547	0,88726313937	0,063704699278	0,151306822896	45030,7712754282
237	0,246410688852	0,246322886489	0,968771747302	0,886700780208	0,063704699278	0,151306822896	45030,8446068287
238	0,246248075493	0,246121313749	0,968180168299	0,885947662177	0,063704699278	0,151306822896	45030,917903831
239	0,246069320822	0,245974161465	0,967569003066	0,885376177906	0,063704699278	0,151306822896	45030,991221875
240	0,245896663606	0,245791998205	0,966928602665	0,884703364961	0,063704699278	0,151306822896	45031,0644900463
241	0,245728280083	0,245617650103	0,966328423159	0,884033013023	0,063704699278	0,151306822896	45031,1377702083
242	0,245557833036	0,245444544766	0,965722225575	0,883387393704	0,063704699278	0,151306822896	45031,2110336458
243	0,245375869356	0,245296015143	0,965058011005	0,882851232167	0,063704699278	0,151306822896	45031,28425625
244	0,245233007242	0,245073841242	0,964541198368	0,88200612307	0,063704699278	0,151306822896	45031,357496713
245	0,245009315869	0,244960198193	0,963729081574	0,881623105066	0,063704699278	0,151306822896	45031,4306806713
246	0,244902735049	0,244820684745	0,96331821921	0,88114653445	0,063704699278	0,151306822896	45031,5038165046
247	0,244766297803	0,24466183218	0,962822139608	0,880548437057	0,063704699278	0,151306822896	45031,576981412
248	0,244570750935	0,244491282942	0,96211569109	0,879912419776	0,063704699278	0,151306822896	45031,6500491898
249	0,244432818375	0,244354419264	0,96162124313	0,879397563489	0,063704699278	0,151306822896	45031,7231401273
250	0,24429919481	0,244226545482	0,961137924549	0,87892012009	0,063704699278	0,151306822896	45031,796201713
251	0,244175405233	0,244099932899	0,96067610919	0,878456706098	0,063704699278	0,151306822896	45031,8692914352
252	0,244001105129	0,243939755558	0,960029362593	0,877877112141	0,063704699278	0,151306822896	45031,942221875
253	0,243886305515	0,243810607647	0,959621410328	0,877387272633	0,063704699278	0,151306822896	45032,0151830903
254	0,243757287537	0,24366723854	0,959135506358	0,876808385577	0,063704699278	0,151306822896	45032,0881855787
255	0,243601031136	0,243543223169	0,958552749673	0,87643353783	0,063704699278	0,151306822896	45032,1610923958
256	0,243490264554	0,243436014555	0,95809962093	0,876139607172	0,063704699278	0,151306822896	45032,2339831713
257	0,24338914756	0,243314628612	0,95771535051	0,875751708873	0,063704699278	0,151306822896	45032,3068649884
258	0,243239028836	0,243172524944	0,957146660044	0,875245806341	0,063704699278	0,151306822896	45032,3797293056
259	0,243113812992	0,243078244747	0,956673238247	0,874984758339	0,063704699278	0,151306822896	45032,4525411111
260	0,24301877898	0,242971024688	0,956290923149	0,874650998112	0,063704699278	0,151306822896	45032,5253389236
261	0,242923993367	0,24286645461	0,955915742924	0,874310279835	0,063704699278	0,151306822896	45032,5981444097
262	0,242804177491	0,242765712851	0,955453604698	0,873994048489	0,063704699278	0,151306822896	45032,6709169676
263	0,242699186168	0,242652031869	0,955055903441	0,873602944413	0,063704699278	0,151306822896	45032,743653588
264	0,242597425462	0,242586132178	0,954656705698	0,873418429381	0,063704699278	0,151306822896	45032,8163141782
265	0,242533782688	0,242473737615	0,954387866725	0,873025324249	0,063704699278	0,151306822896	45032,8889777199
266	0,242425184337	0,242391110648	0,95399773032	0,872741913424	0,063704699278	0,151306822896	45032,9616827315
267	0,242320908666	0,242283870877	0,953601572625	0,872357072462	0,063704699278	0,151306822896	45033,0343398843
268	0,242212858845	0,24218059803	0,953184019621	0,871992746154	0,063704699278	0,151306822896	45033,1069539236
269	0,242106917731	0,242086258278	0,952772097879	0,871682897988	0,063704699278	0,151306822896	45033,1794882639
270	0,242040091552	0,24203459441	0,952513178371	0,871513357076	0,063704699278	0,151306822896	45033,252068125
271	0,241972085717	0,24192738876	0,952245723381	0,871143225362	0,063704699278	0,151306822896	45033,3246359144
272	0,241847003057	0,241793099197	0,951794856442	0,87062093763	0,063704699278	0,151306822896	45033,3971983681
273	0,241726931656	0,241750446204	0,951341214614	0,870527880845	0,063704699278	0,151306822896	45033,4696975
274	0,241693893717	0,241658772544	0,951191490384	0,870207929655	0,063704699278	0,151306822896	45033,5421588542
275	0,241571656755	0,241524391002	0,950718335817	0,869698419285	0,063704699278	0,151306822896	45033,6145676389
276	0,241486485779	0,241463699301	0,950415297012	0,869501511539	0,063704699278	0,151306822896	45033,6870100231
277	0,241372887301	8,1816E-8	0,949979801323	2,7456E-7	0,063704699278	0,151306822896	45033,7664279977
278	2,54317031611607E-13	0,127354246544	9,5995608462734E-13	0,446864635658	0,06417144835	0,155095174909	45033,9427670255
279	0,251880250202	0,242444038048	0,986912123367	0,873145945887	0,06417144835	0,155095174909	45034,0163856829
280	0,242371896066	0,242424675197	0,95352331378	0,873093287615	0,06417144835	0,155095174909	45034,0888357176
281	0,242383188052	0,242325249105	0,953491242924	0,872726736749	0,06417144835	0,155095174909	45034,1613145023
282	0,24224305766	0,24219344528	0,952930192908	0,872217106348	0,06417144835	0,155095174909	45034,2337161111
283	0,242112811898	0,242013965906	0,952438285711	0,871571477435	0,06417144835	0,155095174909	45034,306018206
284	0,241962180725	0,241866700029	0,951901246701	0,870977266274	0,06417144835	0,155095174909	45034,3784129861
285	0,241812444755	0,241760743077	0,951369672728	0,870613155952	0,06417144835	0,155095174909	45034,4507919444
286	0,241705213634	0,24163291486	0,950942441952	0,870150199013	0,06417144835	0,155095174909	45034,5231363194
287	0,241575413763	0,241510221515	0,950478099091	0,869750471945	0,06417144835	0,155095174909	45034,595514213
288	0,241421843848	0,241325510422	0,94991534572	0,869078410078	0,06417144835	0,155095174909	45034,6678229977
289	0,241276794144	0,241109762262	0,949436076481	0,868122172578	0,06417144835	0,155095174909	45034,7401754282
290	0,241037527546	0,241028411329	0,948560564426	0,867895291551	0,06417144835	0,155095174909	45034,812411713
291	0,240962358415	0,24090438685	0,948250379452	0,867434480458	0,06417144835	0,155095174909	45034,884673588
292	0,240846676404	0,240733914962	0,947845596739	0,866841007871	0,06417144835	0,155095174909	45034,9569465856
293	0,240672070734	0,240571225392	0,947228554558	0,86619607548	0,06417144835	0,155095174909	45035,0292249884
294	0,240473450444	0,240427792281	0,946483092973	0,865708182355	0,06417144835	0,155095174909	45035,1013463079
295	0,240391925442	0,240347698947	0,946197380522	0,865417622777	0,06417144835	0,155095174909	45035,1735815972
296	0,240285536959	0,240196594151	0,94580600025	0,864880917145	0,06417144835	0,155095174909	45035,2457962963
297	0,240114447817	0,240008039267	0,945197725776	0,86415648633	0,06417144835	0,155095174909	45035,3179382292
298	0,23991529171	0,239880134332	0,944482262182	0,863714774797	0,06417144835	0,155095174909	45035,3900588773
299	0,23983736918	0,239802617865	0,944185131087	0,863457656084	0,06417144835	0,155095174909	45035,4621826042
300	0,239719054195	0,239657973146	0,94371989409	0,862916280175	0,06417144835	0,155095174909	45035,5342492593
301	0,239581054694	0,239519783206	0,943211569501	0,862408361162	0,06417144835	0,155095174909	45035,6062911921
302	0,239469658578	0,239407436114	0,942845659821	0,861983580251	0,06417144835	0,155095174909	45035,6783442824
303	0,239333155896	0,239276934389	0,942344717654	0,86149771895	0,06417144835	0,155095174909	45035,7504034259
304	0,239213665739	0,23916975163	0,941885050668	0,861167525621	0,06417144835	0,155095174909	45035,8223765278
305	0,239100145312	0,239074160851	0,941442800385	0,860792749957	0,06417144835	0,155095174909	45035,8943640625
306	0,239012392654	0,238934677073	0,941146393901	0,860277625421	0,06417144835	0,155095174909	45035,966351713
307	0,23887065081	0,238768070807	0,940643682709	0,859645534861	0,06417144835	0,155095174909	45036,0383601042
308	0,238696052676	0,238753824389	0,939976481802	0,85962826659	0,06417144835	0,155095174909	45036,1102664468
309	0,238687334826	0,238588476147	0,939960758601	0,859017154886	0,06417144835	0,155095174909	45036,1822336458
310	0,238505333792	0,238464505706	0,939278201299	0,858562214613	0,06417144835	0,155095174909	45036,2541282407
311	0,238420144502	0,238350825571	0,938945600611	0,858161279071	0,06417144835	0,155095174909	45036,3260156597
312	0,238266070851	0,238229421824	0,938393942979	0,857729509301	0,06417144835	0,155095174909	45036,3978490856
313	0,238160235166	0,238141626925	0,93800462951	0,857429054325	0,06417144835	0,155095174909	45036,4696350463
314	0,23810289924	0,238061477427	0,937795898213	0,85711931198	0,06417144835	0,155095174909	45036,5415171528
315	0,237979430338	0,237953044698	0,937325906019	0,856715536741	0,06417144835	0,155095174909	45036,6133032407
316	0,23788807128	0,237858705585	0,936980776751	0,856407294683	0,06417144835	0,155095174909	45036,6850785532
317	0,237790474563	0,237732165696	0,936653438044	0,855890556025	0,06417144835	0,155095174909	45036,7568583102
318	0,23768256971	0,237719223927	0,936232415418	0,855905879241	0,06417144835	0,155095174909	45036,8286738889
319	0,237649249501	0,237544915245	0,936099400246	0,855214213174	0,06417144835	0,155095174909	45036,9004256134
320	0,237468085609	0,237415701849	0,93544053996	0,854748159567	0,06417144835	0,155095174909	45036,9721455787
321	0,237374508823	0,237415679384	0,935117933107	0,854748926136	0,06417144835	0,155095174909	45037,0439240394
322	0,237335441037	0,237259431662	0,934958567177	0,854172976606	0,06417144835	0,155095174909	45037,1156390741
323	0,23719325099	0,237141881668	0,934413872029	0,853739845	0,06417144835	0,155095174909	45037,1873446528
324	0,237076090931	0,23705923605	0,933979372334	0,85347064719	0,06417144835	0,155095174909	45037,2590062616
325	0,236990167695	0,236995924039	0,933681902515	0,853192311151	0,06417144835	0,155095174909	45037,3306403819
326	0,236930465486	0,236847370467	0,933482077643	0,852636789942	0,06417144835	0,155095174909	45037,4023266088
327	0,236776102461	0,236843533456	0,932880670681	0,852679926781	0,06417144835	0,155095174909	45037,4739666435
328	0,236788011745	9,8134E-8	0,932912448508	3,30049E-7	0,06417144835	0,155095174909	45037,5526102778
329	0	0,124056298067	0	0,435354165109	0,069147415459	0,161162212491	45037,7266245833
330	0,247512554239	0,23787418459	0,970747463529	0,856485065487	0,069147415459	0,161162212491	45037,7995228704
331	0,237833407355	0,237887144163	0,936646166986	0,856565274699	0,069147415459	0,161162212491	45037,8712716204
332	0,237796322913	0,237679219645	0,936415284422	0,855745792137	0,069147415459	0,161162212491	45037,9429313773
333	0,237632171131	0,237548722159	0,93581963006	0,855238145723	0,069147415459	0,161162212491	45038,0146189583
334	0,237488274423	0,237437680773	0,935298485627	0,854817698681	0,069147415459	0,161162212491	45038,0863284722
335	0,237356306993	0,237264602351	0,934810065991	0,85415369862	0,069147415459	0,161162212491	45038,1579646412
336	0,23716448506	0,23711341342	0,934092396212	0,853604871869	0,069147415459	0,161162212491	45038,2294434491
337	0,237068825466	0,237012646654	0,933772671688	0,853230927859	0,069147415459	0,161162212491	45038,3010371065
338	0,236920605168	0,236834477441	0,933249025036	0,852549511345	0,069147415459	0,161162212491	45038,3725800926
339	0,236799289413	0,236751768879	0,932805043285	0,852263361624	0,069147415459	0,161162212491	45038,4441710301
340	0,236667387338	0,236594236009	0,932282958512	0,851720372084	0,069147415459	0,161162212491	45038,5156571875
341	0,23654482193	0,23666912093	0,931785500344	0,852048444122	0,069147415459	0,161162212491	45038,5871126042
342	0,236608142893	0,236524444636	0,932017363971	0,851481023435	0,069147415459	0,161162212491	45038,6586095139
343	0,236443834884	0,236378500991	0,931416756368	0,850878042566	0,069147415459	0,161162212491	45038,7300646991
344	0,236315027929	0,236326820167	0,930964390166	0,850666922571	0,069147415459	0,161162212491	45038,8015188657
345	0,236278762142	0,236162833368	0,930830381702	0,850103608282	0,069147415459	0,161162212491	45038,8729575579
346	0,236081193939	0,235992326303	0,930104674573	0,849419226803	0,069147415459	0,161162212491	45038,9443828819
347	0,235943409757	0,236022020358	0,92962812538	0,849499761635	0,069147415459	0,161162212491	45039,0158773958
348	0,235957948279	0,235873488616	0,929674061292	0,848987001282	0,069147415459	0,161162212491	45039,0873195486
349	0,235785297212	0,235706859037	0,928993296069	0,84833287675	0,069147415459	0,161162212491	45039,1586990972
350	0,235649009862	0,235697806624	0,928509697697	0,848318436277	0,069147415459	0,161162212491	45039,2300674653
351	0,235625150836	0,235504087619	0,928432273552	0,847680741196	0,069147415459	0,161162212491	45039,3013773727
352	0,23542973536	0,2353891164	0,927695425659	0,847158348631	0,069147415459	0,161162212491	45039,372730463
353	0,235342416097	0,235400747165	0,927391704346	0,847236631698	0,069147415459	0,161162212491	45039,4441017361
354	0,235332044347	0,235283183608	0,927353642547	0,846890057269	0,069147415459	0,161162212491	45039,5154348611
355	0,235214308468	0,235152801199	0,926900053122	0,846341148559	0,069147415459	0,161162212491	45039,5867400694
356	0,235084608589	0,23512433062	0,926416819771	0,846259240147	0,069147415459	0,161162212491	45039,6579418171
357	0,235078218404	0,234952529929	0,926415571697	0,845595073238	0,069147415459	0,161162212491	45039,7292310417
358	0,234882900298	0,23507783532	0,92569638989	0,846309215475	0,069147415459	0,161162212491	45039,8005201852
359	0,235028194357	0,234791035647	0,926218020413	0,84499620157	0,069147415459	0,161162212491	45039,8716860069
360	0,234707826918	0,23485954039	0,924931345088	0,845204692651	0,069147415459	0,161162212491	45039,9428362269
361	0,234764594636	0,234730413248	0,925168060915	0,844883768508	0,069147415459	0,161162212491	45040,0140629745
362	0,234681654816	0,234557253022	0,9249691665	0,844270049556	0,069147415459	0,161162212491	45040,0852897801
363	0,234506060478	0,234614117673	0,924256947862	0,844512700708	0,069147415459	0,161162212491	45040,1564774653
364	0,234545390491	0,23464641085	0,924337948558	0,844461696718	0,069147415459	0,161162212491	45040,2274988773
365	0,234574215411	0,234801427041	0,924271939257	0,845246722744	0,069147415459	0,161162212491	45040,2985834954
366	0,234718511071	0,234574112333	0,924893831132	0,84416282685	0,069147415459	0,161162212491	45040,3697707639
367	0,234479449494	0,234537963498	0,924101456793	0,844193137186	0,069147415459	0,161162212491	45040,440806331
368	0,234370804896	0,234335181271	0,92371066679	0,843291955541	0,069147415459	0,161162212491	45040,5119375347
369	0,234259982176	0,234429448327	0,923329257289	0,843700810264	0,069147415459	0,161162212491	45040,5830260185
370	0,234469084689	0,234584470242	0,923953114006	0,84445211484	0,069147415459	0,161162212491	45040,6540940857
371	0,234542183471	0,234465587415	0,924151798597	0,843973722082	0,069147415459	0,161162212491	45040,7252018056
372	0,234390646788	0,23436742867	0,923645082476	0,84357569432	0,069147415459	0,161162212491	45040,7962619097
373	0,234302954973	0,234177552183	0,923353415492	0,842873931457	0,069147415459	0,161162212491	45040,8673075347
374	0,234100217788	0,234039379198	0,922623572778	0,842253600462	0,069147415459	0,161162212491	45040,93836
375	0,233977171446	0,23401482616	0,922209613955	0,842153142847	0,069147415459	0,161162212491	45041,009387338
376	0,233950404909	0,23381719364	0,922113029649	0,84145711573	0,069147415459	0,161162212491	45041,0804390394
377	0,23374099788	0,233752626997	0,921350907835	0,84114991506	0,069147415459	0,161162212491	45041,1515193634
378	0,233650180682	0,23367251141	0,92101120385	0,840922859946	0,069147415459	0,161162212491	45041,2223987847
379	0,233640860852	9,4531E-8	0,92098570386	3,1702E-7	0,069147415459	0,161162212491	45041,3004042824
380	0	0,12101140118	0	0,424771824654	0,068380542099	0,164120048285	45041,4734325
381	0,243351391017	0,234199489784	0,955433029531	0,842829867844	0,068380542099	0,164120048285	45041,5456748032
382	0,234083339345	0,234239537088	0,922673570297	0,84311413549	0,068380542099	0,164120048285	45041,6167232176
383	0,234169507469	0,234122067839	0,922868651869	0,842676463403	0,068380542099	0,164120048285	45041,6877178472
384	0,228362118068	0,228808213936	0,897534786518	0,822757038527	0,068380542099	0,164120048285	45041,7511859143
385	0,234627488862	0,23424992848	0,924362168187	0,843265635916	0,068380542099	0,164120048285	45041,8222364352
386	0,234208580842	0,23411428065	0,922795039828	0,842709052117	0,068380542099	0,164120048285	45041,8931393634
387	0,234054811947	0,233961810174	0,922276391649	0,84210008678	0,068380542099	0,164120048285	45041,9640954861
388	0,233884168947	0,233781030395	0,921704066494	0,841355081712	0,068380542099	0,164120048285	45042,0350114352
389	0,233713391848	0,233695779511	0,921069423977	0,841066623593	0,068380542099	0,164120048285	45042,1059562268
390	0,233645601705	0,233587251626	0,920841485427	0,840608244504	0,068380542099	0,164120048285	45042,1769318403
391	0,233513463022	0,233429713881	0,920338714763	0,840054658772	0,068380542099	0,164120048285	45042,2478631481
392	0,233363064938	0,233361260638	0,919814311022	0,839796799994	0,068380542099	0,164120048285	45042,3187600926
393	0,233295826287	0,233212714696	0,919583207215	0,839235849514	0,068380542099	0,164120048285	45042,3896753704
394	0,233143508979	0,233150708178	0,919021462279	0,83901837487	0,068380542099	0,164120048285	45042,4605733218
395	0,233048196703	0,232964711722	0,918651656799	0,838331885039	0,068380542099	0,164120048285	45042,5312877778
396	0,232910449829	0,232966015097	0,918139709453	0,838350664825	0,068380542099	0,164120048285	45042,6020821991
397	0,232906418246	0,232832995632	0,91813785008	0,837829512641	0,068380542099	0,164120048285	45042,6728854514
398	0,232743256004	0,232721867992	0,917502812787	0,837458874249	0,068380542099	0,164120048285	45042,7436326042
399	0,232675748141	0,232676670346	0,917295693018	0,837287296438	0,068380542099	0,164120048285	45042,8143973032
400	0,23261387213	0,232557906198	0,917058916817	0,836837043704	0,068380542099	0,164120048285	45042,8851611111
401	0,232478736387	0,232442928409	0,91657790419	0,836369772092	0,068380542099	0,164120048285	45042,9559016319
402	0,23238247143	0,232326640039	0,916220127937	0,835980350624	0,068380542099	0,164120048285	45043,0267107407
403	0,232243020143	0,232274982951	0,915721818444	0,835811716681	0,068380542099	0,164120048285	45043,0974130787
404	0,232209401269	0,232190986065	0,915602333272	0,835470113115	0,068380542099	0,164120048285	45043,1681212731
405	0,232120132214	0,232088975901	0,915270761081	0,835101725902	0,068380542099	0,164120048285	45043,238815787
406	0,232025315828	0,232029528235	0,914894259255	0,834914961702	0,068380542099	0,164120048285	45043,3094756944
407	0,23195876681	0,231946916526	0,914677525625	0,834544408422	0,068380542099	0,164120048285	45043,3801448958
408	0,231873569806	0,231859078179	0,914328624103	0,834321346803	0,068380542099	0,164120048285	45043,4507752431
409	0,231795286915	0,231793186967	0,914061216451	0,834035722687	0,068380542099	0,164120048285	45043,5214108102
410	0,231730651939	0,231707956852	0,913800845851	0,833738238417	0,068380542099	0,164120048285	45043,5920732176
411	0,231641551896	0,231657559908	0,913480602449	0,833563501969	0,068380542099	0,164120048285	45043,6627161343
412	0,231568080568	0,231533598792	0,913213431889	0,833080999999	0,068380542099	0,164120048285	45043,7332027315
413	0,231482204006	0,231460013008	0,9129133169	0,832798920768	0,068380542099	0,164120048285	45043,8037715972
414	0,231406382942	0,231385069379	0,912592055622	0,832531552762	0,068380542099	0,164120048285	45043,874348669
415	0,231317110474	0,231281687811	0,912276985649	0,832126395039	0,068380542099	0,164120048285	45043,9449414005
416	0,231216247925	0,231210669994	0,911926419222	0,831863219432	0,068380542099	0,164120048285	45044,0155818982
417	0,231136322218	0,231131883426	0,911629454816	0,831612219051	0,068380542099	0,164120048285	45044,0861539468
418	0,231051874072	0,2310634234	0,911317221207	0,83138410513	0,068380542099	0,164120048285	45044,1567031366
419	0,23097750925	0,231003993111	0,911021093769	0,831139156962	0,068380542099	0,164120048285	45044,2271326505
420	0,230956964181	0,230993657881	0,91093851111	0,831154114819	0,068380542099	0,164120048285	45044,2976254745
421	0,230905786238	0,230963987984	0,910760453198	0,831040419961	0,068380542099	0,164120048285	45044,368097419
422	0,23088099941	0,230847782902	0,910662979277	0,830564149851	0,068380542099	0,164120048285	45044,4386011574
423	0,230775570415	0,230806376275	0,910232535587	0,830510104005	0,068380542099	0,164120048285	45044,509040544
424	0,2307548886	0,230843858792	0,910159426516	0,830646694856	0,068380542099	0,164120048285	45044,5794489815
425	0,230802558243	0,23074179183	0,9103290467	0,830236764357	0,068380542099	0,164120048285	45044,6499730903
426	0,230660393466	0,23065787272	0,909791050475	0,829926859416	0,068380542099	0,164120048285	45044,7204329977
427	0,230584925498	0,230810292757	0,909441496601	0,830531751619	0,068380542099	0,164120048285	45044,7908309491
428	0,230746820122	0,230905869124	0,909973033196	0,83092148716	0,068380542099	0,164120048285	45044,8611841088
429	0,230845495467	0,230989811758	0,91031731448	0,831209167122	0,068380542099	0,164120048285	45044,9315699074
430	0,230932948573	1,02585E-7	0,91062487772	3,42758E-7	0,068380542099	0,164120048285	45045,009060787
431	0	0,1184627512	0	0,415811862912	0,068390622735	0,166584283113	45045,1803157407
432	0,240423788627	0,23197918639	0,94427967147	0,834828091106	0,068390622735	0,166584283113	45045,2519421412
433	0,231913843881	0,232119955105	0,914237798557	0,835435544535	0,068390622735	0,166584283113	45045,3224834491
434	0,232039531207	0,232056714726	0,91458972301	0,835169730884	0,068390622735	0,166584283113	45045,3930000926
435	0,231989781332	0,231914603429	0,914360278216	0,834612303598	0,068390622735	0,166584283113	45045,4634693519
436	0,231839388657	0,231806145267	0,913803902812	0,834175924168	0,068390622735	0,166584283113	45045,5339141898
437	0,231740390523	0,231666627581	0,913450845974	0,8336478013	0,068390622735	0,166584283113	45045,6043682523
438	0,231600910781	0,231470298436	0,912937086491	0,832931097379	0,068390622735	0,166584283113	45045,6747806829
439	0,231439228358	0,231400603277	0,912375536684	0,832635760138	0,068390622735	0,166584283113	45045,745236956
440	0,231303463692	0,231262321994	0,911869655136	0,83212235226	0,068390622735	0,166584283113	45045,8156625926
441	0,231189157956	0,231086677088	0,911447661699	0,831444220879	0,068390622735	0,166584283113	45045,8860608565
442	0,231015872298	0,231027218192	0,910847336939	0,831211450062	0,068390622735	0,166584283113	45045,9564465509
443	0,230959157363	0,230922619715	0,910668108035	0,830845834268	0,068390622735	0,166584283113	45046,0268549421
444	0,230853500477	0,230770186327	0,910291929871	0,830303043774	0,068390622735	0,166584283113	45046,0972669329
445	0,23069931044	0,230644908062	0,909721899382	0,829834644573	0,068390622735	0,166584283113	45046,1676152893
446	0,230573188121	0,230489928322	0,909261609734	0,829270447438	0,068390622735	0,166584283113	45046,237964213
447	0,230413941753	0,230383990656	0,908684769927	0,828855360067	0,068390622735	0,166584283113	45046,3082614931
448	0,23028671559	0,230245837168	0,908211826145	0,828339561296	0,068390622735	0,166584283113	45046,3785081829
449	0,230221189578	0,230212271983	0,907992677483	0,82822387674	0,068390622735	0,166584283113	45046,4488871991
450	0,230118054002	0,230090826063	0,907587801461	0,827810500261	0,068390622735	0,166584283113	45046,5191323032
451	0,230024132285	0,230013303662	0,907262145596	0,827501853283	0,068390622735	0,166584283113	45046,5893742245
452	0,229957111815	0,229926787128	0,907012446798	0,827176831161	0,068390622735	0,166584283113	45046,659629456
453	0,229845233761	0,229795016362	0,906602442208	0,826688594	0,068390622735	0,166584283113	45046,7298419676
454	0,229742920122	0,229760131058	0,906245862074	0,826550833176	0,068390622735	0,166584283113	45046,8001019676
455	0,229682182376	0,229631015573	0,906015155925	0,82602816708	0,068390622735	0,166584283113	45046,8703502431
456	0,229577335519	0,229602561312	0,905671162634	0,825897277287	0,068390622735	0,166584283113	45046,9406752083
457	0,229514146108	0,229509576435	0,905450999511	0,825600389674	0,068390622735	0,166584283113	45047,0108789236
458	0,22943659616	0,229368735239	0,905153276129	0,825064130891	0,068390622735	0,166584283113	45047,0810731481
459	0,229282393382	0,229283559166	0,904581996273	0,824734382915	0,068390622735	0,166584283113	45047,1512110185
460	0,229214436634	0,229233155227	0,90434193867	0,824556571236	0,068390622735	0,166584283113	45047,2213748611
461	0,229173765404	0,229132443777	0,904223356645	0,824191755362	0,068390622735	0,166584283113	45047,2915622917
462	0,229025320538	0,229001977232	0,903646497421	0,823695988686	0,068390622735	0,166584283113	45047,3616306481
463	0,228954260088	0,228928315152	0,903391341293	0,823447051807	0,068390622735	0,166584283113	45047,4317686458
464	0,228856161319	0,228872829533	0,903015140037	0,823249486696	0,068390622735	0,166584283113	45047,501856713
465	0,228822387079	0,228801770601	0,902902659425	0,822950637048	0,068390622735	0,166584283113	45047,5719734259
466	0,228735475315	0,228768180619	0,902606161616	0,82283200676	0,068390622735	0,166584283113	45047,6421221528
467	0,228689816092	0,228724328521	0,902448276955	0,822705581643	0,068390622735	0,166584283113	45047,7122358565
468	0,228627241437	0,228591248021	0,902196145114	0,822234107191	0,068390622735	0,166584283113	45047,7822045139
469	0,2285684054	0,228499451654	0,901984379489	0,821835010783	0,068390622735	0,166584283113	45047,8523254977
470	0,228401364403	0,228411678581	0,901365997736	0,821458517251	0,068390622735	0,166584283113	45047,9223660185
471	0,228365009062	0,228363915723	0,901285789208	0,82130657042	0,068390622735	0,166584283113	45047,992489456
472	0,228271655091	0,2284348884	0,9008598587	0,821667808335	0,068390622735	0,166584283113	45048,0624612731
473	0,228359609574	0,228511137521	0,901128488321	0,821927886429	0,068390622735	0,166584283113	45048,1324397454
474	0,228458061988	0,228617077308	0,901456292526	0,822322163154	0,068390622735	0,166584283113	45048,2024874653
475	0,228540423816	0,228721689557	0,901731336292	0,822714158958	0,068390622735	0,166584283113	45048,2724908449
476	0,228664125646	0,228690698483	0,902172214113	0,822621073167	0,068390622735	0,166584283113	45048,3425464699
477	0,22859327489	0,228635167513	0,901903169407	0,822409000552	0,068390622735	0,166584283113	45048,4124645949
478	0,228583079842	0,228577025554	0,901843581726	0,822163594813	0,068390622735	0,166584283113	45048,4824553819
479	0,228494178052	0,228472402282	0,901568567143	0,821697322435	0,068390622735	0,166584283113	45048,5525124653
480	0,228391679991	0,228432343536	0,90118774809	0,821610045456	0,068390622735	0,166584283113	45048,6225055787
481	0,228388575657	9,432E-8	0,901184728951	3,15051E-7	0,068390622735	0,166584283113	45048,6995215857
482	0	0,116260019856	0	0,408086999883	0,070967443287	0,166502222419	45048,8697438194
483	0,237562507474	0,229260312895	0,933701076888	0,824756662842	0,070967443287	0,166502222419	45048,9407632292
484	0,229208714127	0,229224136511	0,90416517257	0,82464437526	0,070967443287	0,166502222419	45049,0108109028
485	0,229141633582	0,229026537689	0,903859587478	0,823875524821	0,070967443287	0,166502222419	45049,0808111111
486	0,228963929788	0,22885213724	0,903214092901	0,823174352526	0,070967443287	0,166502222419	45049,1508438773
487	0,228792185527	0,228719097645	0,902601205751	0,822651101711	0,070967443287	0,166502222419	45049,2208753356
488	0,228644777557	0,228583503433	0,902049050458	0,822107434405	0,070967443287	0,166502222419	45049,290958125
489	0,228499487655	0,228476291426	0,901513258427	0,821675507516	0,070967443287	0,166502222419	45049,3609686921
490	0,228392438984	0,228354890224	0,901118833326	0,82124652337	0,070967443287	0,166502222419	45049,4308937616
491	0,228287681249	0,228260534156	0,900732526938	0,820889937974	0,070967443287	0,166502222419	45049,5008529745
492	0,228194423856	0,22816757916	0,900384115647	0,82055724171	0,070967443287	0,166502222419	45049,5707699537
493	0,228101052727	0,228077149536	0,900048087262	0,820203981093	0,070967443287	0,166502222419	45049,6406059954
494	0,228023533874	0,227981528238	0,899782900961	0,81983985001	0,070967443287	0,166502222419	45049,710570544
495	0,227902815804	0,227901477926	0,899353287876	0,819576954368	0,070967443287	0,166502222419	45049,7804620602
496	0,22783577562	0,227827863742	0,899104861414	0,819345661585	0,070967443287	0,166502222419	45049,8503412732
497	0,227752573003	0,22767159398	0,898791068041	0,818730058523	0,070967443287	0,166502222419	45049,9201280324
498	0,227615988486	0,227564356753	0,898292566068	0,818280251504	0,070967443287	0,166502222419	45049,9900342593
499	0,227501564069	0,227528207495	0,897908611279	0,818133937411	0,070967443287	0,166502222419	45050,0599425694
500	0,227441677752	0,227420982561	0,897701230569	0,817768124764	0,070967443287	0,166502222419	45050,1298221875
501	0,227331572366	0,227480419841	0,897221367484	0,818113373506	0,070967443287	0,166502222419	45050,1995611343
502	0,227415286462	0,227554037204	0,897485704202	0,818404901478	0,070967443287	0,166502222419	45050,2693417361
503	0,227509342337	0,227597945464	0,89780188999	0,818521331355	0,070967443287	0,166502222419	45050,3392321644
504	0,227515366177	0,227623818408	0,897804696415	0,818599576072	0,070967443287	0,166502222419	45050,4090457176
505	0,227555001607	0,227674171694	0,89792242542	0,818779388469	0,070967443287	0,166502222419	45050,4788643981
506	0,227615952316	0,227678060415	0,898149596057	0,818820468115	0,070967443287	0,166502222419	45050,5486637269
507	0,2276218293	0,227618581383	0,89817411361	0,818597393014	0,070967443287	0,166502222419	45050,6185145486
508	0,22753721212	0,227516579485	0,897853405594	0,818215549167	0,070967443287	0,166502222419	45050,6882991551
509	0,227429446052	0,227454614928	0,89745640364	0,81792599452	0,070967443287	0,166502222419	45050,7580207176
510	0,22741209837	0,227423598001	0,897396914543	0,817799945534	0,070967443287	0,166502222419	45050,8277571181
511	0,227358661374	0,22744296318	0,897221101876	0,818082642716	0,070967443287	0,166502222419	45050,8975020718
512	0,227358423034	0,227132956231	0,897182372329	0,816587226349	0,070967443287	0,166502222419	45050,967277037
513	0,227102958912	0,227165308536	0,896372406781	0,816766833963	0,070967443287	0,166502222419	45051,037163206
514	0,227060492406	0,226990897281	0,896162793497	0,816181655331	0,070967443287	0,166502222419	45051,1068641435
515	0,226921086181	0,226956006044	0,895647887248	0,816006501559	0,070967443287	0,166502222419	45051,1765762153
516	0,226912076086	0,226912100751	0,895639265708	0,815851649659	0,070967443287	0,166502222419	45051,2464016667
517	0,226808033036	0,226732547417	0,895256813905	0,815267578152	0,070967443287	0,166502222419	45051,3160285532
518	0,226682656826	0,226841041606	0,894737192846	0,81567752408	0,070967443287	0,166502222419	45051,3857478357
519	0,226767189449	0,226994775403	0,894992613139	0,816314408667	0,070967443287	0,166502222419	45051,455432338
520	0,226935232559	0,227094202342	0,895580506672	0,816784122363	0,070967443287	0,166502222419	45051,525093669
521	0,227031072631	0,227206637809	0,89588522448	0,817426324647	0,070967443287	0,166502222419	45051,5947455903
522	0,227171830289	0,227216927687	0,896368277146	0,817237845938	0,070967443287	0,166502222419	45051,6644742477
523	0,227117109753	0,227251826766	0,896146260537	0,81738604953	0,070967443287	0,166502222419	45051,7339883449
524	0,227190116266	0,22712003735	0,896438359633	0,816899995596	0,070967443287	0,166502222419	45051,8037019676
525	0,227048823871	0,22716784217	0,895901383496	0,817064378564	0,070967443287	0,166502222419	45051,8733254514
526	0,227119618932	0,226908256748	0,896278888414	0,815960311261	0,070967443287	0,166502222419	45051,9430754167
527	0,226795171188	0,227042528512	0,894946894942	0,81650983018	0,070967443287	0,166502222419	45052,0126713079
528	0,227011540956	0,226826854318	0,895885986796	0,815600464098	0,070967443287	0,166502222419	45052,0823480208
529	0,226738163834	0,226981798665	0,894722568045	0,816303762757	0,070967443287	0,166502222419	45052,1519424306
530	0,226928658525	0,226812675509	0,89549674424	0,815568540422	0,070967443287	0,166502222419	45052,2217041782
531	0,226750861086	0,226910812847	0,894801257323	0,815982305619	0,070967443287	0,166502222419	45052,2913948727
532	0,226780844008	1,25049E-7	0,894908852206	4,16159E-7	0,070967443287	0,166502222419	45052,368029456
533	1,52590218966964E-13	0,114496002554	5,76923434761861E-13	0,401889247426	0,070285014808	0,170611158013	45052,537696794
534	0,235376251593	0,227592780073	0,92547666644	0,81868952683	0,070285014808	0,170611158013	45052,6085529977
535	0,227522089131	0,227630224228	0,897742372402	0,818607269765	0,070285014808	0,170611158013	45052,6782090509
536	0,227573200171	0,227466169187	0,897742665561	0,818175008466	0,070285014808	0,170611158013	45052,7479654398
537	0,227403394954	0,227544975465	0,897146347387	0,818466908149	0,070285014808	0,170611158013	45052,8176317824
538	0,227462896654	0,227507588528	0,897350846714	0,818258361611	0,070285014808	0,170611158013	45052,8871680787
539	0,227466281376	0,227380971709	0,897415599056	0,817780556752	0,070285014808	0,170611158013	45052,9568175347
540	0,227294916483	0,227334435082	0,896755419438	0,817519902607	0,070285014808	0,170611158013	45053,0266112153
541	0,227236040348	0,22716138612	0,89644172149	0,816852076266	0,070285014808	0,170611158013	45053,0962986227
542	0,22709185058	0,227069667318	0,895858949492	0,816555759765	0,070285014808	0,170611158013	45053,1659628819
543	0,227007087206	0,227036062714	0,895565838401	0,816489681069	0,070285014808	0,170611158013	45053,2355183449
544	0,226979197161	0,227175598415	0,895547046023	0,816953981973	0,070285014808	0,170611158013	45053,3051100579
545	0,22708943	0,22688243234	0,896009709045	0,815641823596	0,070285014808	0,170611158013	45053,3746982986
546	0,226799815525	0,227042528513	0,894793512772	0,816551719975	0,070285014808	0,170611158013	45053,4442746759
547	0,227010599304	0,227074868738	0,895634526019	0,816466881497	0,070285014808	0,170611158013	45053,5138656597
548	0,226989238111	0,226877210786	0,895453311048	0,815854075173	0,070285014808	0,170611158013	45053,5834812037
549	0,226808738123	0,226804886414	0,894771652796	0,815641647376	0,070285014808	0,170611158013	45053,6530459491
550	0,226750211512	0,226866906708	0,894635695896	0,81584782975	0,070285014808	0,170611158013	45053,7225669097
551	0,226805764539	0,226821693803	0,894926963748	0,815712181208	0,070285014808	0,170611158013	45053,7920659954
552	0,226753185066	0,226822978738	0,894767662649	0,81582613711	0,070285014808	0,170611158013	45053,8615912269
553	0,22673546876	0,226541428804	0,894588324574	0,814618630458	0,070285014808	0,170611158013	45053,9310481019
554	0,226472189888	0,226533644371	0,893639850178	0,814583525593	0,070285014808	0,170611158013	45054,0004529514
555	0,226475572599	0,226514303562	0,893735304542	0,814584110116	0,070285014808	0,170611158013	45054,0700272917
556	0,226429089097	0,226403158968	0,89352760035	0,814110531753	0,070285014808	0,170611158013	45054,1395530093
557	0,226322119327	0,22625079827	0,893062869688	0,813495547364	0,070285014808	0,170611158013	45054,2090384028
558	0,22621053327	0,226294736408	0,892716486297	0,813655986249	0,070285014808	0,170611158013	45054,2785481713
559	0,226188891308	0,226237864552	0,892717764566	0,813473217081	0,070285014808	0,170611158013	45054,3480470833
560	0,22616472208	0,226183583337	0,892676784012	0,813062823802	0,070285014808	0,170611158013	45054,4175356366
561	0,226121858922	0,226091895054	0,892355452888	0,812893609612	0,070285014808	0,170611158013	45054,4871273264
562	0,226031482911	0,226095884228	0,891982262569	0,812984685898	0,070285014808	0,170611158013	45054,55649875
563	0,193790587897		0,756627108795		0,070285014808	0,170611158013	45054,5811085764
