TesterID:	Maccor#2						
Channel Number:	62						
TestName:	KAI_Zelltest_regulaer_fix_no_degass_flag.000						
TestDesc:	Regular cycling: formation, followed by pulse, C-rate quick charge and cycling t						
StartDateTime:	45007,4453206481						
Comment:							
							
							
Cycle	AH-IN	AH-OUT	WH-IN	WH-OUT	ACR	DCIR	Date
0		1,10213E-7		2,7375E-8	0	0	45007,6121054977
1	0,515428561494	0,440632413494	1,916989567608	1,615163795306	0	0	45008,0474717824
2	0,443800607487	0,441148304335	1,667804501472	1,617598512959	0	0	45008,4578589352
3	0,456611410411	1,23352E-7	1,7202893042	3,97158E-7	0	0	45008,9417820718
4	0	1,44535E-7	0	4,70027E-7	0,044108342379	0,128571003675	45009,2426564352
5	0,446727209546	0,445113654994	1,691746425596	1,633143205007	0,044108342379	0,128571003675	45009,5053079398
6	0,445312752809	0,444129337886	1,685963939241	1,6296987984	0,044108342379	0,128571003675	45009,7737535532
7	0,444389727959	0,443377221768	1,682096422347	1,627074385286	0,044108342379	0,128571003675	45010,0415086227
8	0,443541996715	0,421563427229	1,678597029594	1,519895072125	0,044108342379	0,128571003675	45010,2273652199
9	0,421721372838	0,420669637442	1,602906320693	1,516901289693	0,044108342379	0,128571003675	45010,4069913079
10	0,420801360373	0,42002891302	1,599308360507	1,51480928693	0,044108342379	0,128571003675	45010,5861429861
11	0,420165215489	0,363036372047	1,596788153321	1,27775906147	0,044108342379	0,128571003675	45010,7436269444
12	0,363205954269	0,363785514359	1,395290133849	1,280763231489	0,044108342379	0,128571003675	45010,8855918866
13	0,363915418211	0,363578835995	1,397543616375	1,280139162744	0,044108342379	0,128571003675	45011,0276583681
14	0,363696869311	0,436524211776	1,396540834099	1,602880814969	0,044108342379	0,128571003675	45011,3124904861
15	0,436503196682	0,436984473466	1,651398920228	1,60458646776	0,044108342379	0,128571003675	45011,575222419
16	0,437025511162	1,27369E-7	1,653093397115	4,04681E-7	0,044108342379	0,128571003675	45011,8453104977
17	0,382386716457	0,382784985573	1,454379360121	1,384831037354	0,044108342379	0,128571003675	45011,9895954745
18	0,382355689355	0,382456798983	1,453819971297	1,383551623851	0,044108342379	0,128571003675	45012,1406715857
19	0,382236845943	0,382226826026	1,453090116905	1,382692623888	0,044108342379	0,128571003675	45012,2916712384
20	0,354498404006	0,3477943418	1,376088811859	1,249440525058	0,044108342379	0,128571003675	45012,4150394329
21	0,346926531694	0,339998071009	1,345896485295	1,22174203524	0,044108342379	0,128571003675	45012,5359719213
22	0,339481327066	1,67645E-7	1,316886515152	5,12015E-7	0,044108342379	0,128571003675	45012,6618333218
23	0	0,242344455115	0	0,849951261702	0,04367852211	0,113792903721	45012,9349529977
24	0,417899811564	0,40910041005	1,609810127115	1,476244710721	0,04367852211	0,113792903721	45013,0424097338
25	0,409352019853	0,408370516147	1,580359423844	1,473748942859	0,04367852211	0,113792903721	45013,1487764931
26	0,408570940964	0,40781384287	1,577328303681	1,471868388853	0,04367852211	0,113792903721	45013,2549699306
27	0,40801924765	0,407354072222	1,575180209194	1,470321787162	0,04367852211	0,113792903721	45013,3611289583
28	0,40748091311	0,406894226975	1,573080286186	1,468725224741	0,04367852211	0,113792903721	45013,4669719329
29	0,407015952491	0,406486074421	1,571256398939	1,467298185633	0,04367852211	0,113792903721	45013,5726455208
30	0,406625484564	0,406129606714	1,569712429094	1,466092316382	0,04367852211	0,113792903721	45013,6782150579
31	0,406265073103	0,405804089817	1,568307119475	1,464965428083	0,04367852211	0,113792903721	45013,7837016898
32	0,405903921923	0,405473460088	1,566874199209	1,463811548128	0,04367852211	0,113792903721	45013,8890385764
33	0,40559803705	0,405186669527	1,565667312048	1,462807331845	0,04367852211	0,113792903721	45013,9943526157
34	0,405262284864	0,404885803153	1,564353483856	1,461754045333	0,04367852211	0,113792903721	45014,0994978125
35	0,404972524535	0,404605464406	1,563213603529	1,46076464631	0,04367852211	0,113792903721	45014,2045665625
36	0,404698079742	0,40435364625	1,562119649424	1,459877230875	0,04367852211	0,113792903721	45014,3095141435
37	0,404471365331	0,404128828723	1,561247242518	1,459098242496	0,04367852211	0,113792903721	45014,4145306829
38	0,404206453118	0,403880896743	1,560197941035	1,458212706944	0,04367852211	0,113792903721	45014,5194125926
39	0,404002884023	0,403693571057	1,559374949534	1,457568266014	0,04367852211	0,113792903721	45014,624305081
40	0,403761783898	0,403458458779	1,55840768193	1,456751342097	0,04367852211	0,113792903721	45014,7291013657
41	0,403553502807	0,403275106796	1,557608270663	1,456105524626	0,04367852211	0,113792903721	45014,8338811806
42	0,403314591356	0,403028410164	1,556632153056	1,455216422639	0,04367852211	0,113792903721	45014,9384143287
43	0,403125038384	0,402837206145	1,555895109848	1,454537443339	0,04367852211	0,113792903721	45015,0429561458
44	0,402877810825	0,402611208161	1,554917689255	1,453733654789	0,04367852211	0,113792903721	45015,1473682986
45	0,402673532944	0,402422561934	1,554113899382	1,453051397841	0,04367852211	0,113792903721	45015,2516751042
46	0,402551797554	0,402302471737	1,55364535298	1,452665072121	0,04367852211	0,113792903721	45015,3562250231
47	0,402297463496	0,402035121595	1,552650202198	1,451673862758	0,04367852211	0,113792903721	45015,4604177315
48	0,402109355912	0,401880094807	1,551903230595	1,451120536246	0,04367852211	0,113792903721	45015,564580544
49	0,40198406826	0,40175991687	1,551399039718	1,450715896541	0,04367852211	0,113792903721	45015,6688611343
50	0,401824935706	0,401592096663	1,550771955228	1,450117079844	0,04367852211	0,113792903721	45015,7730550231
51	0,401644690467	0,401426782751	1,550042160822	1,449513231564	0,04367852211	0,113792903721	45015,8772197106
52	0,401464909391	0,401251122376	1,54935084037	1,448867957987	0,04367852211	0,113792903721	45015,9813528241
53	0,401284284709	0,40108190385	1,548633939089	1,448257730478	0,04367852211	0,113792903721	45016,0853547338
54	0,401171644569	0,400975937148	1,548191999092	1,447883704615	0,04367852211	0,113792903721	45016,1894198032
55	0,400977359308	0,400795073448	1,547404389481	1,447238491144	0,04367852211	0,113792903721	45016,293258588
56	0,400868970031	0,400665993353	1,546993471974	1,446783223526	0,04367852211	0,113792903721	45016,3972425926
57	0,400710845344	0,400516120512	1,54640124191	1,446226890286	0,04367852211	0,113792903721	45016,5011735764
58	0,40052485691	0,400335329926	1,545659709218	1,445565999065	0,04367852211	0,113792903721	45016,604882581
59	0,40044889597	0,400278439418	1,545349030465	1,445389523221	0,04367852211	0,113792903721	45016,7087259491
60	0,400344396461	0,400159663828	1,544943812425	1,44497112168	0,04367852211	0,113792903721	45016,8126907176
61	0,400137904271	0,399974998085	1,544115674723	1,444275760634	0,04367852211	0,113792903721	45016,9163082407
62	0,400064416571	0,399883294756	1,543836285456	1,443948356567	0,04367852211	0,113792903721	45017,020115463
63	0,39988921141	0,399717889713	1,543155256702	1,443352199894	0,04367852211	0,113792903721	45017,1237574537
64	0,399764763717	0,399610755063	1,5426818891	1,442968656625	0,04367852211	0,113792903721	45017,2273901852
65	0,399667642542	0,39949832892	1,542302506477	1,442565998444	0,04367852211	0,113792903721	45017,3310462731
66	0,39952123173	0,399362672189	1,54172421425	1,442046388758	0,04367852211	0,113792903721	45017,4346236343
67	0,399386254565	0,399232268376	1,541194084119	1,441571100704	0,04367852211	0,113792903721	45017,5381095139
68	0,399288943572	0,399137930959	1,540795134332	1,441234025922	0,04367852211	0,113792903721	45017,6416588542
69	0,399165455623	0,399008773299	1,540312581037	1,440757909142	0,04367852211	0,113792903721	45017,7451254167
70	0,399054651962	0,398908071384	1,539880569852	1,440401811096	0,04367852211	0,113792903721	45017,8485879514
71	0,398936575709	0,398773705099	1,539437795166	1,43990141408	0,04367852211	0,113792903721	45017,9520646759
72	0,398798972824	0,398671665054	1,538911430354	1,439528131115	0,04367852211	0,113792903721	45018,0554438079
73	0,398693212463	1,38611E-7	1,538485571718	4,44349E-7	0,04367852211	0,113792903721	45018,1657402894
74	0	0,232704605845	0	0,816148328294	0,043268222362	0,106949135661	45018,4291862731
75	0,405736948128	0,399004946676	1,56262457914	1,440587105543	0,043268222362	0,106949135661	45018,5334308102
76	0,399063299564	0,398756886056	1,539854112829	1,439717401505	0,043268222362	0,106949135661	45018,6369576736
77	0,398770975942	0,398539917602	1,53872769884	1,438932599558	0,043268222362	0,106949135661	45018,7403210417
78	0,398566188393	0,398374642685	1,537948589747	1,438357619916	0,043268222362	0,106949135661	45018,8436415741
79	0,398406061617	0,398226033799	1,537336577562	1,437825341949	0,043268222362	0,106949135661	45018,9469617593
80	0,398256014827	0,398100755746	1,536763177188	1,437383142833	0,043268222362	0,106949135661	45019,0502253009
81	0,398113990555	0,397957449582	1,53621955426	1,436867516874	0,043268222362	0,106949135661	45019,1534229051
82	0,397974564185	0,397828256956	1,53568254514	1,436390289068	0,043268222362	0,106949135661	45019,2566116204
83	0,39784849812	0,397709480093	1,535179985658	1,435951276282	0,043268222362	0,106949135661	45019,3596965046
84	0,397733142226	0,397598308156	1,53476684187	1,43554227295	0,043268222362	0,106949135661	45019,4627951852
85	0,397606319488	0,397465258599	1,534263946261	1,435052274596	0,043268222362	0,106949135661	45019,5658409491
86	0,397508455799	0,397402028814	1,533896419744	1,434816220949	0,043268222362	0,106949135661	45019,6688307639
87	0,397416097676	0,397285726246	1,533520726546	1,434385642441	0,043268222362	0,106949135661	45019,7717792014
88	0,397312465108	0,397177246681	1,533129675322	1,43400175566	0,043268222362	0,106949135661	45019,8748008912
89	0,397175497026	0,397044266848	1,532598179254	1,433518383384	0,043268222362	0,106949135661	45019,9777143056
90	0,397082506925	0,396958966587	1,532281073298	1,43321015132	0,043268222362	0,106949135661	45020,0806749421
91	0,396968225259	0,396845332439	1,531829895127	1,432793309096	0,043268222362	0,106949135661	45020,1836051273
92	0,396838060458	0,396721279982	1,531350551335	1,432320455522	0,043268222362	0,106949135661	45020,2864510069
93	0,396764823871	0,396633445237	1,530604429322	1,43197724905	0,043268222362	0,106949135661	45020,3908966782
94	0,396625960139	0,396532735481	1,530571099398	1,431637050103	0,043268222362	0,106949135661	45020,4936711574
95	0,396608657382	0,396526257389	1,530488415489	1,431654366161	0,043268222362	0,106949135661	45020,5965432523
96	0,396514466555	0,396371302235	1,530083835203	1,430997936981	0,043268222362	0,106949135661	45020,6994183218
97	0,396395122631	0,396300252203	1,529682511309	1,430772779392	0,043268222362	0,106949135661	45020,802217662
98	0,396320412986	0,396220097408	1,529372766447	1,430480995527	0,043268222362	0,106949135661	45020,9050297801
99	0,396219386146	0,396125887361	1,528982799927	1,430125296761	0,043268222362	0,106949135661	45021,0077346528
100	0,396138641895	0,396036765348	1,528664003762	1,429776571599	0,043268222362	0,106949135661	45021,1104407639
101	0,396055611583	0,395963177444	1,528349170862	1,429518612029	0,043268222362	0,106949135661	45021,2131490972
102	0,395991429256	0,395894672277	1,528104008237	1,429282248893	0,043268222362	0,106949135661	45021,3159016088
103	0,395888474115	0,395784826606	1,527710148942	1,428869421202	0,043268222362	0,106949135661	45021,4185759491
104	0,395804520535	0,395717654909	1,527386864838	1,428609046767	0,043268222362	0,106949135661	45021,5212208796
105	0,395718680404	0,395623450581	1,527043523306	1,428256735903	0,043268222362	0,106949135661	45021,6237778819
106	0,395680802911	0,395606432322	1,526915970342	1,428484350529	0,043268222362	0,106949135661	45021,7267562153
107	0,395600252694	0,395499374599	1,526586122924	1,427803377867	0,043268222362	0,106949135661	45021,8293204282
108	0,395525689497	0,395437351763	1,526336119573	1,427575102792	0,043268222362	0,106949135661	45021,9319735764
109	0,395431299102	0,395335329942	1,525959258446	1,427202161251	0,043268222362	0,106949135661	45022,0345227199
110	0,39534355465	0,395256582583	1,525636155261	1,426914607174	0,043268222362	0,106949135661	45022,1370871065
111	0,3952613306	0,395171327672	1,525319539077	1,426586414383	0,043268222362	0,106949135661	45022,2396278125
112	0,395155294356	0,39508347131	1,524901028284	1,426253799769	0,043268222362	0,106949135661	45022,3420371759
113	0,395106291274	0,395013842484	1,524720388532	1,425987926402	0,043268222362	0,106949135661	45022,4444669329
114	0,395064928084	0,394995680858	1,52456491066	1,425923631037	0,043268222362	0,106949135661	45022,5469998727
115	0,394994674229	0,394929770998	1,524283804696	1,425664176194	0,043268222362	0,106949135661	45022,6495073958
116	0,394946524802	0,394867797116	1,524095716042	1,425427801364	0,043268222362	0,106949135661	45022,7519933681
117	0,394866377285	0,3947812134	1,523784072508	1,425113666393	0,043268222362	0,106949135661	45022,8544058796
118	0,394774792252	0,394696043263	1,523445740398	1,424782033518	0,043268222362	0,106949135661	45022,9567896412
119	0,394698187566	0,394633972738	1,523157114683	1,424546590958	0,043268222362	0,106949135661	45023,0591366782
120	0,394664450293	0,394577248598	1,523022711196	1,424362004586	0,043268222362	0,106949135661	45023,161553588
121	0,393503394626	0,384118088629	1,518187491299	1,384387488195	0,043268222362	0,106949135661	45025,4655298264
122	0,387407535223	0,388706697683	1,496310289941	1,403682840468	0,043268222362	0,106949135661	45025,5660396296
123	0,388541670751	0,389286602184	1,500326510181	1,405798786423	0,043268222362	0,106949135661	45025,6666873264
124	0,389240767086	1,30558E-7	1,502863067499	4,15557E-7	0,043268222362	0,106949135661	45025,7746616667
125	0	0,225234384531	0	0,789965998172	0,04533341527	0,10935947299	45026,0327300463
126	0,396402473127	0,391180209705	1,527766649158	1,412356495474	0,04533341527	0,10935947299	45026,1348164815
127	0,391170424148	0,391278344503	1,510023072025	1,412693079446	0,04533341527	0,10935947299	45026,2363939931
128	0,391253825169	0,391373893956	1,510304762956	1,413003767917	0,04533341527	0,10935947299	45026,3378341782
129	0,391370662652	0,391482426927	1,510725561088	1,413363612216	0,04533341527	0,10935947299	45026,4393168056
130	0,391482510528	0,39157666834	1,511116541803	1,413663458965	0,04533341527	0,10935947299	45026,5408265046
131	0,391575075081	0,391680053722	1,511435178336	1,414063914768	0,04533341527	0,10935947299	45026,64236625
132	0,391653242726	0,391730377976	1,51170560406	1,414178233893	0,04533341527	0,10935947299	45026,7438498148
133	0,391740385005	0,391798873394	1,512039503294	1,414394843944	0,04533341527	0,10935947299	45026,8454792477
134	0,391802706511	0,391845412139	1,512269705281	1,414542965716	0,04533341527	0,10935947299	45026,9471560417
135	0,391827393105	0,391865979819	1,512374301343	1,414573862431	0,04533341527	0,10935947299	45027,0488468287
136	0,391826599361	0,391869897785	1,512349096168	1,414552603698	0,04533341527	0,10935947299	45027,1504278241
137	0,391872740748	0,391907388354	1,512508494559	1,414662769613	0,04533341527	0,10935947299	45027,2520233333
138	0,391922692867	0,391944834416	1,512688768857	1,414776573733	0,04533341527	0,10935947299	45027,3537258449
139	0,391946315708	0,391966787275	1,512817461272	1,414826168402	0,04533341527	0,10935947299	45027,4554699421
140	0,3919611538	0,391972007555	1,512862983209	1,414807542524	0,04533341527	0,10935947299	45027,5571788079
141	0,391987051149	0,392002958151	1,512953710727	1,414922479784	0,04533341527	0,10935947299	45027,6590038889
142	0,391995017488	0,392001621078	1,512980389494	1,414887496563	0,04533341527	0,10935947299	45027,7608170718
143	0,391932417843	0,391943553718	1,51271452001	1,414646715258	0,04533341527	0,10935947299	45027,8623444444
144	0,391993783183	0,391987477447	1,512973643441	1,414801481615	0,04533341527	0,10935947299	45027,964199919
145	0,391957374474	0,391957804373	1,512854897289	1,414661919952	0,04533341527	0,10935947299	45028,0659833102
146	0,391926764164	0,391929364947	1,512725583035	1,414532735294	0,04533341527	0,10935947299	45028,1676650463
147	0,391941137733	0,391939680046	1,512783642085	1,414556584931	0,04533341527	0,10935947299	45028,269431331
148	0,391901473079	0,391885408581	1,512604588111	1,414339721933	0,04533341527	0,10935947299	45028,3710829861
149	0,39190590914	0,391900885678	1,512660676951	1,414357665265	0,04533341527	0,10935947299	45028,4728421296
150	0,391904522384	0,391902165318	1,512650170742	1,414358427276	0,04533341527	0,10935947299	45028,5746027778
151	0,391913695187	0,391906120583	1,512668502337	1,414357517262	0,04533341527	0,10935947299	45028,676426331
152	0,391878007095	0,391876383505	1,512511498005	1,414221641838	0,04533341527	0,10935947299	45028,7781470139
153	0,39185999852	0,391867339356	1,51244554509	1,414169095488	0,04533341527	0,10935947299	45028,8798229051
154	0,391832751245	0,391823428129	1,512332958429	1,413977320681	0,04533341527	0,10935947299	45028,9814223727
155	0,391824956231	0,391813032495	1,512318994246	1,413938838946	0,04533341527	0,10935947299	45029,0830888773
156	0,391836236893	0,391827251785	1,512387133097	1,413974124066	0,04533341527	0,10935947299	45029,1849054282
157	0,391803904008	0,391776880906	1,512263595665	1,413775255277	0,04533341527	0,10935947299	45029,2866619676
158	0,391781221078	0,391779501008	1,512197158508	1,413777641965	0,04533341527	0,10935947299	45029,3885123843
159	0,391757096107	0,391756188612	1,512100958958	1,413657409598	0,04533341527	0,10935947299	45029,490252963
160	0,391753267992	0,391729140302	1,512075302208	1,413548880644	0,04533341527	0,10935947299	45029,59202
161	0,391779797796	0,391772994518	1,512186414181	1,413677849718	0,04533341527	0,10935947299	45029,693829537
162	0,391786195052	0,391794963906	1,512160300568	1,413752742914	0,04533341527	0,10935947299	45029,7956506597
163	0,391766976325	0,391740747542	1,512047774802	1,413551536696	0,04533341527	0,10935947299	45029,8973210185
164	0,391747054541	0,391725297782	1,511985111908	1,413472585416	0,04533341527	0,10935947299	45029,9990440394
165	0,391679715802	0,391650292485	1,511737285933	1,413161329152	0,04533341527	0,10935947299	45030,1006806481
166	0,391638914072	0,391628361878	1,511604053088	1,413067759681	0,04533341527	0,10935947299	45030,2023188079
167	0,391670961624	0,391645170963	1,511750967522	1,413128292805	0,04533341527	0,10935947299	45030,304121331
168	0,391585194894	0,391588337044	1,511413079695	1,412877624504	0,04533341527	0,10935947299	45030,4057670833
169	0,391603084873	0,391599909314	1,511467916148	1,412951574301	0,04533341527	0,10935947299	45030,5074688657
170	0,391597518647	0,39158572563	1,511425111294	1,412886834498	0,04533341527	0,10935947299	45030,6091656482
171	0,391578098026	0,39156637825	1,511347658525	1,412795995239	0,04533341527	0,10935947299	45030,710855
172	0,391565851129	0,391556074806	1,511310167336	1,412744265643	0,04533341527	0,10935947299	45030,8125386227
173	0,391553544755	0,391528936635	1,511234252001	1,412627527181	0,04533341527	0,10935947299	45030,9141597454
174	0,391567299935	0,391561251218	1,511341355177	1,412745118849	0,04533341527	0,10935947299	45031,0159967708
175	0,391548894311	1,32677E-7	1,511273022677	4,21405E-7	0,04533341527	0,10935947299	45031,1248492477
176	0	0,226848235466	0	0,795455053113	0,045593146235	0,112370446324	45031,3838944097
177	0,39721204626	0,391811799058	1,530713116883	1,413508072471	0,045593146235	0,112370446324	45031,4864747917
178	0,391784551562	0,391661971358	1,512175137993	1,412946512795	0,045593146235	0,112370446324	45031,5882423843
179	0,391693330666	0,39162316809	1,511850984356	1,412812013836	0,045593146235	0,112370446324	45031,6901141667
180	0,391621233105	0,391592264967	1,511578634328	1,412687602148	0,045593146235	0,112370446324	45031,7919582176
181	0,391569690652	0,391537869733	1,511334906002	1,412482057485	0,045593146235	0,112370446324	45031,8936814468
182	0,391553135724	0,391514681532	1,511284819186	1,412383129771	0,045593146235	0,112370446324	45031,9954548727
183	0,391498008587	0,391460373824	1,511066290217	1,412155112067	0,045593146235	0,112370446324	45032,0971883681
184	0,391490083665	0,39146307573	1,511074669759	1,412172375364	0,045593146235	0,112370446324	45032,1990929051
185	0,391423759046	0,391393289654	1,510812817799	1,411906949047	0,045593146235	0,112370446324	45032,3008581829
186	0,391358085564	0,391328731066	1,510584445448	1,411621078481	0,045593146235	0,112370446324	45032,4026245486
187	0,391323540721	0,391311993188	1,510462330831	1,411592432503	0,045593146235	0,112370446324	45032,5043648264
188	0,391322496948	0,391300269808	1,510448357171	1,411545812145	0,045593146235	0,112370446324	45032,6061900694
189	0,391287849382	0,391251224133	1,510316318677	1,41134983391	0,045593146235	0,112370446324	45032,7080047569
190	0,391247901261	0,391238291899	1,510182095846	1,411298280273	0,045593146235	0,112370446324	45032,8097554051
191	0,391255490416	0,391236965002	1,510166505294	1,411266826249	0,045593146235	0,112370446324	45032,911624294
192	0,391216266272	0,391171156018	1,510048885065	1,410993645745	0,045593146235	0,112370446324	45033,013445463
193	0,391168770975	0,391183997546	1,50988869543	1,411027954283	0,045593146235	0,112370446324	45033,1153103356
194	0,391148053059	0,391113068103	1,50979712569	1,410745640998	0,045593146235	0,112370446324	45033,2170216204
195	0,391085590955	0,391113029954	1,509559369599	1,410746090705	0,045593146235	0,112370446324	45033,3186625926
196	0,391090859423	0,391040657049	1,509599186326	1,410441179662	0,045593146235	0,112370446324	45033,4203720949
197	0,391064877418	0,391079448662	1,509509221523	1,410619361101	0,045593146235	0,112370446324	45033,522143125
198	0,391050387467	0,39102902374	1,509440950427	1,410400387315	0,045593146235	0,112370446324	45033,6238852199
199	0,391010849903	0,390983872718	1,509307028041	1,410250226246	0,045593146235	0,112370446324	45033,7256072685
200	0,390961500591	0,390956638756	1,509130997392	1,410143273992	0,045593146235	0,112370446324	45033,8272499769
201	0,390966692302	0,390933399053	1,50911426639	1,410019106459	0,045593146235	0,112370446324	45033,9289217477
202	0,390916410059	0,390899955516	1,50896425915	1,409875291155	0,045593146235	0,112370446324	45034,0306769792
203	0,390850305366	0,390826363163	1,508718417044	1,409586531168	0,045593146235	0,112370446324	45034,1322833681
204	0,390825655319	0,390821116177	1,508641412147	1,409552499945	0,045593146235	0,112370446324	45034,2339363542
205	0,390807111338	0,390795276084	1,508569278145	1,409430858927	0,045593146235	0,112370446324	45034,3355760764
206	0,390819791748	0,390822422732	1,508678660604	1,409546062475	0,045593146235	0,112370446324	45034,4374528356
207	0,390823455234	0,390812067365	1,50863138738	1,409537096204	0,045593146235	0,112370446324	45034,5392525579
208	0,390779817397	0,390859799279	1,508435792068	1,40972015385	0,045593146235	0,112370446324	45034,6409206134
209	0,390830442433	0,390716462174	1,508527583098	1,409040200234	0,045593146235	0,112370446324	45034,7426861343
210	0,39070125618	0,390710041094	1,508226473048	1,409084648057	0,045593146235	0,112370446324	45034,8443999653
211	0,390692331472	0,390703590343	1,508168004825	1,409035540196	0,045593146235	0,112370446324	45034,9460589699
212	0,390682888448	0,390667413107	1,50813454959	1,408865147653	0,045593146235	0,112370446324	45035,0477409259
213	0,390694574731	0,390676364007	1,508205287966	1,408891411007	0,045593146235	0,112370446324	45035,1495927546
214	0,390648001523	0,390650641748	1,508013062417	1,408803293464	0,045593146235	0,112370446324	45035,2513215972
215	0,390590536405	0,390562827138	1,507790367448	1,408431102019	0,045593146235	0,112370446324	45035,3529481597
216	0,390588932932	0,390608056574	1,507858869013	1,408649946391	0,045593146235	0,112370446324	45035,4547821412
217	0,390559082439	0,390575700454	1,507685501436	1,408515996564	0,045593146235	0,112370446324	45035,5564743519
218	0,39056525501	0,390525328939	1,507732496824	1,408291776367	0,045593146235	0,112370446324	45035,6581913889
219	0,390489563054	0,390482745673	1,507467920067	1,408104690931	0,045593146235	0,112370446324	45035,7598222454
220	0,390519834712	0,39052791153	1,50757398457	1,408308668516	0,045593146235	0,112370446324	45035,8615976736
221	0,390523682034	0,390490507851	1,507593765368	1,408137652971	0,045593146235	0,112370446324	45035,9634153704
222	0,3904474591	0,390441354516	1,507320844827	1,407926960649	0,045593146235	0,112370446324	45036,0651467361
223	0,390434236466	0,390469775292	1,507273616624	1,408007292698	0,045593146235	0,112370446324	45036,1668230208
224	0,390463655948	0,39043098495	1,507399060786	1,407841894619	0,045593146235	0,112370446324	45036,2686000926
225	0,390422090399	0,390418121171	1,50721806662	1,407796225607	0,045593146235	0,112370446324	45036,3703376736
226	0,390358840002	1,51751E-7	1,50700725627	4,8138E-7	0,045593146235	0,112370446324	45036,4788883681
227	0	0,226314875648	0	0,793437877126	0,046826068312	0,113848984241	45036,7374102546
228	0,395882123715	0,390609282807	1,525933038817	1,408427511011	0,046826068312	0,113848984241	45036,8399272222
229	0,390616756274	0,390525317495	1,50799540357	1,408063089806	0,046826068312	0,113848984241	45036,9418013657
230	0,390490037529	0,390471035009	1,507539030993	1,407843140594	0,046826068312	0,113848984241	45037,0435482292
231	0,390469037997	0,390437471732	1,507443016044	1,407730879183	0,046826068312	0,113848984241	45037,1453201042
232	0,390443098884	0,390452956036	1,507356594943	1,407759723447	0,046826068312	0,113848984241	45037,2471396065
233	0,390428054053	0,390384530978	1,50730137622	1,407486129185	0,046826068312	0,113848984241	45037,3489714005
234	0,390343139961	0,390366457092	1,507023067497	1,407408072912	0,046826068312	0,113848984241	45037,450707419
235	0,390400720613	0,39042328635	1,507213863464	1,407649809466	0,046826068312	0,113848984241	45037,5526022685
236	0,390400609616	0,39037290551	1,507179695259	1,40742441867	0,046826068312	0,113848984241	45037,6544191551
237	0,390360366825	0,390375489583	1,50706652171	1,407424441935	0,046826068312	0,113848984241	45037,756221794
238	0,390359827469	0,390378099088	1,507026306528	1,407431897624	0,046826068312	0,113848984241	45037,8579921296
239	0,390343275921	0,390334178537	1,506966555527	1,407215358542	0,046826068312	0,113848984241	45037,9597496528
240	0,390355756085	0,390337958536	1,507061910103	1,407210592291	0,046826068312	0,113848984241	45038,0616146181
241	0,390320580594	0,39031092294	1,506944638643	1,407091537431	0,046826068312	0,113848984241	45038,1635344097
242	0,390264901492	0,390264396487	1,506734207289	1,406912167409	0,046826068312	0,113848984241	45038,2653754167
243	0,390232197967	0,390195969947	1,506630875743	1,406634785224	0,046826068312	0,113848984241	45038,3672175463
244	0,390213676249	0,390246331077	1,506587435057	1,406878864868	0,046826068312	0,113848984241	45038,4690883796
245	0,390231340113	0,3902269358	1,506600780839	1,406791499834	0,046826068312	0,113848984241	45038,5708503704
246	0,390210933729	0,390214019461	1,506523281952	1,406677192467	0,046826068312	0,113848984241	45038,6726247685
247	0,390190781061	0,390179123562	1,50649673793	1,406503829172	0,046826068312	0,113848984241	45038,7744379861
248	0,390226185262	0,390201064554	1,506637248073	1,406601369675	0,046826068312	0,113848984241	45038,8764097222
249	0,390132492337	0,390136545382	1,506293699259	1,40631870338	0,046826068312	0,113848984241	45038,9781913657
250	0,390146064477	0,390135276551	1,506362064182	1,406285793972	0,046826068312	0,113848984241	45039,0800849653
251	0,390096862669	0,390109391952	1,506152773461	1,406175894512	0,046826068312	0,113848984241	45039,1818499884
252	0,390119065059	0,390118434618	1,506278354774	1,406193600506	0,046826068312	0,113848984241	45039,2836979861
253	0,390078570986	0,390061646261	1,506117326273	1,405926479364	0,046826068312	0,113848984241	45039,3855765278
254	0,390058546183	0,390091336715	1,506060417903	1,406108465805	0,046826068312	0,113848984241	45039,4874455324
255	0,390051282245	0,390082308462	1,506022053489	1,406036812014	0,046826068312	0,113848984241	45039,5891460995
256	0,390122565606	0,390110659513	1,506274414325	1,406158856618	0,046826068312	0,113848984241	45039,6910492593
257	0,390081694854	0,390188211795	1,506146998392	1,406606231156	0,046826068312	0,113848984241	45039,7929324306
258	0,390208568525	0,390260541465	1,506553584832	1,406680340748	0,046826068312	0,113848984241	45039,8947360764
259	0,390242990311	0,390170111839	1,506775131206	1,406192308009	0,046826068312	0,113848984241	45039,9966476042
260	0,39011107405	0,390065458261	1,506273404945	1,405974790229	0,046826068312	0,113848984241	45040,0985890509
261	0,390054963688	0,390109351474	1,506023834506	1,406144937129	0,046826068312	0,113848984241	45040,2004390278
262	0,390114697318	0,390166264659	1,506303819822	1,406278420502	0,046826068312	0,113848984241	45040,3022832639
263	0,390100370502	0,389995743605	1,506311523236	1,405445468372	0,046826068312	0,113848984241	45040,4042965972
264	0,389826617824	0,389743902986	1,50530483508	1,404457045986	0,046826068312	0,113848984241	45040,5061983449
265	0,389750913271	0,389870448811	1,505251893738	1,405087461653	0,046826068312	0,113848984241	45040,6082881134
266	0,389967166435	0,389998274907	1,50572202377	1,405731021292	0,046826068312	0,113848984241	45040,7101666435
267	0,389992161669	0,389976356596	1,505805282737	1,405549275047	0,046826068312	0,113848984241	45040,8120755324
268	0,389977894576	0,389980229419	1,505808696814	1,405485464942	0,046826068312	0,113848984241	45040,9140953819
269	0,389920943152	0,389914345413	1,505622018079	1,405174306608	0,046826068312	0,113848984241	45041,0159112037
270	0,389897863966	0,389888550037	1,505577430868	1,405046823745	0,046826068312	0,113848984241	45041,1178094676
271	0,389879877942	0,389914375508	1,505532457673	1,405138224269	0,046826068312	0,113848984241	45041,2197256366
272	0,389884707914	0,389855031476	1,505526674487	1,404905062387	0,046826068312	0,113848984241	45041,3216260648
273	0,389459909321	0,389287694688	1,503860837317	1,402819903237	0,046826068312	0,113848984241	45041,4240990625
274	0,389193423159	0,389287951971	1,503516822154	1,402661262098	0,046826068312	0,113848984241	45041,5260057407
275	0,389314692854	0,389369328337	1,503842761053	1,403101578354	0,046826068312	0,113848984241	45041,6280477778
276	0,389308616811	0,389401310821	1,503770830868	1,404824455	0,046826068312	0,113848984241	45041,7334027431
277	0,389734410203	1,65526E-7	1,505095331818	5,24783E-7	0,046826068312	0,113848984241	45041,8424098727
278	0	0,226337274618	0	0,793390675673	0,049779161811	0,116255916655	45042,1007980324
279	0,395106426377	0,389851061587	1,523338248019	1,404901446622	0,049779161811	0,116255916655	45042,2034580556
280	0,389848188344	0,38984333141	1,505479227775	1,404820328099	0,049779161811	0,116255916655	45042,3054862153
281	0,389775667855	0,389773588567	1,505204993654	1,404538116483	0,049779161811	0,116255916655	45042,4073358565
282	0,389786097167	0,389816210404	1,505248128889	1,404705689609	0,049779161811	0,116255916655	45042,5092831481
283	0,389794694482	0,389761912872	1,505264215353	1,404526067315	0,049779161811	0,116255916655	45042,6112150694
284	0,389790058662	0,38978524773	1,505255732813	1,40459467677	0,049779161811	0,116255916655	45042,7133553125
285	0,389717588766	0,389762050414	1,505014260106	1,404471709845	0,049779161811	0,116255916655	45042,8152433218
286	0,389756591803	0,389745195975	1,50510860353	1,404374473337	0,049779161811	0,116255916655	45042,9171996296
287	0,389734814184	0,389724501562	1,505096965409	1,40427440725	0,049779161811	0,116255916655	45043,0192059259
288	0,389719594292	0,38975163041	1,505061193614	1,404361242144	0,049779161811	0,116255916655	45043,1213021181
289	0,38971661123	0,389698606157	1,505040599115	1,404182909333	0,049779161811	0,116255916655	45043,2233261921
290	0,38965797955	0,389698655324	1,504793249937	1,404133479058	0,049779161811	0,116255916655	45043,3252316204
291	0,389673504552	0,389685736231	1,504897765128	1,404078524038	0,049779161811	0,116255916655	45043,4272379514
292	0,389673877038	0,389715543458	1,504885339825	1,404198391648	0,049779161811	0,116255916655	45043,5292574537
293	0,389680950974	0,389666395209	1,504889271377	1,404034818291	0,049779161811	0,116255916655	45043,6311983796
294	0,389686063407	0,389732229623	1,504935227146	1,404223924673	0,049779161811	0,116255916655	45043,7332449884
295	0,389720558215	0,389699961242	1,505085414112	1,404096549443	0,049779161811	0,116255916655	45043,835250544
296	0,389675685769	0,389698675246	1,504880899191	1,404042013835	0,049779161811	0,116255916655	45043,9372528009
297	0,389651284711	0,389666399025	1,504835613714	1,403893312783	0,049779161811	0,116255916655	45044,0392420718
298	0,389636051943	0,38964316144	1,504779385021	1,403795653738	0,049779161811	0,116255916655	45044,1412028472
299	0,389622200119	0,389659964591	1,504738107787	1,403821984556	0,049779161811	0,116255916655	45044,2431756829
300	0,389667913093	0,38963023048	1,504936395057	1,403738512967	0,049779161811	0,116255916655	45044,3453312384
301	0,389560902329	0,389586299332	1,504565489588	1,40351644959	0,049779161811	0,116255916655	45044,4473914931
302	0,389575128303	0,389616020516	1,504622988992	1,403700537327	0,049779161811	0,116255916655	45044,5494465972
303	0,389584271994	0,389587537432	1,504578398999	1,403562665684	0,049779161811	0,116255916655	45044,6513598495
304	0,389602004113	0,389582434348	1,504674545701	1,403525637273	0,049779161811	0,116255916655	45044,7534275231
305	0,389573735092	0,389622428671	1,504582690055	1,403639637518	0,049779161811	0,116255916655	45044,8554497685
306	0,389634245061	0,389581172512	1,504835104972	1,403445131146	0,049779161811	0,116255916655	45044,9576573495
307	0,389540399668	0,389569540262	1,504523798344	1,403380202958	0,049779161811	0,116255916655	45045,0597634954
308	0,389539994003	0,389531982513	1,504543118752	1,403234136958	0,049779161811	0,116255916655	45045,1618841898
309	0,389475866436	0,389525617382	1,504317656944	1,403184599871	0,049779161811	0,116255916655	45045,2639723148
310	0,389509080266	0,389523069759	1,504440713036	1,403189015729	0,049779161811	0,116255916655	45045,3660994907
311	0,389469902702	0,389493247698	1,504277515843	1,40307090792	0,049779161811	0,116255916655	45045,468116331
312	0,389501040195	0,389566853616	1,504386463421	1,403313933603	0,049779161811	0,116255916655	45045,5702446759
313	0,389552133027	0,389506269152	1,504590277448	1,403106468032	0,049779161811	0,116255916655	45045,6723653472
314	0,389478558972	0,389513939992	1,504312575742	1,403093027931	0,049779161811	0,116255916655	45045,7743807755
315	0,389507509594	0,389564350288	1,504436376839	1,403274669704	0,049779161811	0,116255916655	45045,8764918287
316	0,389508416329	0,389508794522	1,504462530683	1,403026622801	0,049779161811	0,116255916655	45045,9785564931
317	0,389488016901	0,389516539109	1,504415900508	1,403039116543	0,049779161811	0,116255916655	45046,0806407755
318	0,389463653269	0,389511323492	1,504305506815	1,402986558095	0,049779161811	0,116255916655	45046,1826161111
319	0,389504913596	0,389504926994	1,504461592945	1,402974080386	0,049779161811	0,116255916655	45046,2846843287
320	0,389438262262	0,389433901757	1,504214654375	1,402673357827	0,049779161811	0,116255916655	45046,3866139583
321	0,389486262366	0,389526836195	1,504443160403	1,403038477871	0,049779161811	0,116255916655	45046,4888620949
322	0,389511779415	0,389528162035	1,504515915514	1,403028971873	0,049779161811	0,116255916655	45046,5910447338
323	0,389523611152	0,389525571817	1,504556087012	1,403013738562	0,049779161811	0,116255916655	45046,6932966667
324	0,389506277001	0,389542426255	1,504518009611	1,403067097481	0,049779161811	0,116255916655	45046,7955552662
325	0,389509617352	0,389495869071	1,504516099436	1,402861333932	0,049779161811	0,116255916655	45046,8977628357
326	0,389465641451	0,389499783857	1,504403219745	1,402821951007	0,049779161811	0,116255916655	45046,9999064352
327	0,389491044689	0,389490716392	1,504498144569	1,402782708463	0,049779161811	0,116255916655	45047,1021481829
328	0,389459188295	1,71672E-7	1,504395378378	5,44943E-7	0,049779161811	0,116255916655	45047,2114174537
329	0	0,226759226204	0	0,794682613224	0,050639886409	0,116691805422	45047,4698546412
330	0,394874645495	0,389507481187	1,522801705093	1,402806836367	0,050639886409	0,116691805422	45047,5726248264
331	0,389515238567	0,389498429194	1,504605586043	1,402739657772	0,050639886409	0,116691805422	45047,6748277315
332	0,389500832605	0,389463585008	1,504554608916	1,40261768309	0,050639886409	0,116691805422	45047,7770657176
333	0,389455305159	0,389467463767	1,50436080813	1,40260618044	0,050639886409	0,116691805422	45047,8792731713
334	0,389443150623	0,389431342057	1,504381330585	1,402417993625	0,050639886409	0,116691805422	45047,9815141435
335	0,389393936307	0,389418380579	1,504207935691	1,402338098871	0,050639886409	0,116691805422	45048,0837152083
336	0,389432941405	0,389437805101	1,504391113306	1,402412903821	0,050639886409	0,116691805422	45048,1860485185
337	0,38937819692	0,389415726779	1,504148317781	1,402336616542	0,050639886409	0,116691805422	45048,2882109259
338	0,389399305074	0,389387359833	1,504248086201	1,402205968972	0,050639886409	0,116691805422	45048,3904866667
339	0,389355217522	0,389355097175	1,504074228845	1,402104935116	0,050639886409	0,116691805422	45048,4926417245
340	0,389321655144	0,389343464927	1,504030431431	1,402009988455	0,050639886409	0,116691805422	45048,5949369213
341	0,389302754403	0,389360230564	1,503918686543	1,402100763337	0,050639886409	0,116691805422	45048,6970673611
342	0,38938060418	0,389379602104	1,504215375482	1,402211830934	0,050639886409	0,116691805422	45048,7994329861
343	0,389331920746	0,389388658547	1,50400765783	1,402195356216	0,050639886409	0,116691805422	45048,9016887384
344	0,389392814175	0,389410663752	1,504177140425	1,402328229086	0,050639886409	0,116691805422	45049,0039067361
345	0,389356563116	0,389348648545	1,504056082652	1,402022208521	0,050639886409	0,116691805422	45049,1060595023
346	0,389335018145	0,38933443328	1,504044059813	1,401919425412	0,050639886409	0,116691805422	45049,2082775231
347	0,389294644998	0,38931629433	1,503890429437	1,401865517159	0,050639886409	0,116691805422	45049,3104744444
348	0,389304828992	0,389312527048	1,503955553264	1,401838304324	0,050639886409	0,116691805422	45049,4127743866
349	0,389266859355	0,389287974857	1,503806750481	1,401739211909	0,050639886409	0,116691805422	45049,5150147801
350	0,389274639085	0,389317586262	1,503825524412	1,401820158007	0,050639886409	0,116691805422	45049,6172366551
351	0,389311069149	0,389327986344	1,503974025143	1,401867711333	0,050639886409	0,116691805422	45049,7195196644
352	0,38931588693	0,389329246486	1,504019380527	1,401881830899	0,050639886409	0,116691805422	45049,8218102662
353	0,389313331529	0,389327954132	1,503996372822	1,401794244319	0,050639886409	0,116691805422	45049,9240569676
354	0,389287838219	0,389268571951	1,503931058959	1,401541615305	0,050639886409	0,116691805422	45050,0263138194
355	0,38924478086	0,389213013641	1,50380868369	1,401304641442	0,050639886409	0,116691805422	45050,1286319444
356	0,389155102063	0,389174256787	1,503475283952	1,401154233917	0,050639886409	0,116691805422	45050,2307906713
357	0,389190690034	0,389209199734	1,503631538519	1,401297120685	0,050639886409	0,116691805422	45050,3330776389
358	0,38918656549	0,389232399803	1,503625886405	1,401380298	0,050639886409	0,116691805422	45050,4353307523
359	0,389219676158	0,389231110841	1,503725518899	1,40136447068	0,050639886409	0,116691805422	45050,5376037963
360	0,389213461248	0,389256875912	1,503695984914	1,401420552944	0,050639886409	0,116691805422	45050,6399085995
361	0,38922137569	0,389224602021	1,503724449377	1,401283889631	0,050639886409	0,116691805422	45050,7421368171
362	0,389249945003	0,389268556481	1,503860744975	1,401452133519	0,050639886409	0,116691805422	45050,8444628935
363	0,389266266385	0,389225952445	1,503905203602	1,401217604877	0,050639886409	0,116691805422	45050,9466481597
364	0,389155938198	0,38916773631	1,503598082757	1,400973356341	0,050639886409	0,116691805422	45051,0489652431
365	0,389141222202	0,389176852091	1,503510283837	1,401009781236	0,050639886409	0,116691805422	45051,1512942708
366	0,389167185557	0,389165224081	1,503610303269	1,400971562484	0,050639886409	0,116691805422	45051,2536704167
367	0,389136901981	0,38913288534	1,503505395784	1,400820113662	0,050639886409	0,116691805422	45051,3560012847
368	0,388170542853	0,387624286886	1,500016488557	1,39521464191	0,050639886409	0,116691805422	45051,4583579861
369	0,387806762436	0,387493838991	1,498659638283	1,394745202991	0,050639886409	0,116691805422	45051,5607477083
370	0,387612905208	0,38745507726	1,497738244529	1,394753015007	0,050639886409	0,116691805422	45051,6630348148
371	0,387477668482	0,387269100301	1,497341172791	1,393831809138	0,050639886409	0,116691805422	45051,7652974884
372	0,387309580374	0,387340146944	1,496744576873	1,394066542622	0,050639886409	0,116691805422	45051,8676853125
373	0,38734140132	0,387232973721	1,497042777578	1,393633705788	0,050639886409	0,116691805422	45051,9698289931
374	0,387208192527	0,387105099725	1,496519542378	1,393201898208	0,050639886409	0,116691805422	45052,0719545602
375	0,387093066926	0,387079235472	1,496061514413	1,393118217603	0,050639886409	0,116691805422	45052,1741615162
376	0,387052969347	0,386963011315	1,495901276777	1,392486418868	0,050639886409	0,116691805422	45052,2763849074
377	0,386937283737	0,386930701821	1,495460812941	1,392419097615	0,050639886409	0,116691805422	45052,3786283796
378	0,386957657471	0,387159298075	1,495705820255	1,393284709914	0,050639886409	0,116691805422	45052,4806317708
379	0,387185529142	1,85448E-7	1,49640440018	5,90163E-7	0,050639886409	0,116691805422	45052,5898557639
380	0	0,226592330866	0	0,793864002604	0,050413750112	0,119153611362	45052,8475741204
381	0,392923139789	0,387096009166	1,515940962269	1,393035502335	0,050413750112	0,119153611362	45052,9504632986
382	0,387177644688	0,386907431602	1,496496886249	1,392313651702	0,050413750112	0,119153611362	45053,052788669
383	0,386880193617	0,386956547638	1,495376746435	1,392348233329	0,050413750112	0,119153611362	45053,155018588
384	0,386920061311	0,386977126337	1,495457373662	1,392395387295	0,050413750112	0,119153611362	45053,2572084954
385	0,386977501646	0,386800178904	1,495774757819	1,391805534309	0,050413750112	0,119153611362	45053,3593308681
386	0,386753241937	0,386827355645	1,49496283886	1,391932742606	0,050413750112	0,119153611362	45053,4614658912
387	0,386878474689	0,38703272894	1,49537589467	1,39264652602	0,050413750112	0,119153611362	45053,5638040394
388	0,386989167943	0,386864817181	1,495703716913	1,391981095929	0,050413750112	0,119153611362	45053,6659794213
389	0,386843541191	0,386849303628	1,495213922124	1,392030102098	0,050413750112	0,119153611362	45053,7680976852
390	0,386893514762	0,38683897857	1,495465139672	1,392036617818	0,050413750112	0,119153611362	45053,8705055671
391	0,386766218182	0,386718901935	1,495036746821	1,391445229079	0,050413750112	0,119153611362	45053,9726976505
392	0,386687223868	0,38663104494	1,49486785043	1,391086505182	0,050413750112	0,119153611362	45054,0749278588
393	0,386615915729	0,386645263378	1,494603007016	1,391108809744	0,050413750112	0,119153611362	45054,1771642708
394	0,386622722702	0,386627151345	1,494644598889	1,390957133231	0,050413750112	0,119153611362	45054,2794105093
395	0,386552776315	0,386607810111	1,494373546539	1,39062020508	0,050413750112	0,119153611362	45054,3817404051
396	0,386579591496	0,386601333292	1,494510971335	1,390842592127	0,050413750112	0,119153611362	45054,4839050579
397	0,386579237906	0,330677220402	1,494320557298	1,210909304844	0,050413750112	0,119153611362	45054,5811628588
