TesterID:	Maccor#2														
Channel Number:	53														
TestName:	KAI_Zelltest_regulaer_fix_no_degass_flag.000														
TestDesc:	Regular cycling: formation, followed by pulse, C-rate quick charge and cycling t														
StartDateTime:	45007,4414237731														
Comment:															
															
									Charge			Discharge			
Cycle	AH-IN	AH-OUT	WH-IN	WH-OUT	ACR	DCIR	T1_Start	T1_End	T1_Min	T1_Max	T1_Start	T1_End	T1_Min	T1_Max	Date
0		7,85541440960301E-9		2,00286070861759E-9	0	0					25,009782791138	25,009782791138	25,009782791138	25,009782791138	45007,6082094213
1	0,512757911148	0,436124242129	1,912850528734	1,59758309189	0	0	25,009782791138	25,138624191284	25,009782791138	25,509038925171	25,090307235718	25,203044891357	25,009782791138	25,203044891357	45008,0403593171
2	0,441612781306	0,439408949334	1,660299589951	1,611138942273	0	0	25,074203491211	25,106414794922	25,025888442993	25,122518539429	25,090307235718	25,170833587646	24,993677139282	25,170833587646	45008,448988287
3	0,455155313224	1,4001E-8	1,71540473158	4,5067E-8	0	0	25,074203491211	25,074203491211	24,993677139282	25,138624191284	25,074203491211	25,106414794922	25,0419921875	25,267463684082	45008,931906956
4	5,08634063223214E-14	1,865E-8	1,91023970108818E-13	6,0679E-8	0,046663828194	0,132577136159	25,122518539429	25,122518539429	25,106414794922	25,122518539429	25,090307235718	25,186939239502	25,074203491211	25,347990036011	45009,2324568287
5	0,446064633241	0,443546986624	1,689812624297	1,627283067632	0,046663828194	0,132577136159	25,186939239502	25,122518539429	25,106414794922	25,251359939575	25,090307235718	24,977573394775	24,752101898193	25,170833587646	45009,4948032755
6	0,444793631858	0,442597645949	1,684511651949	1,62396109539	0,046663828194	0,132577136159	24,848731994629	24,800416946411	24,768207550049	24,929258346558	24,800416946411	25,170833587646	24,800416946411	25,186939239502	45009,7630019213
7	0,443939075562	0,441946498563	1,680881152241	1,621692964133	0,046663828194	0,132577136159	25,025888442993	24,897047042847	24,897047042847	25,025888442993	24,897047042847	25,106414794922	24,88094329834	25,106414794922	45010,0307410995
8	0,443149439125	0,42035043334	1,67756181599	1,514860483229	0,046663828194	0,132577136159	24,945362091064	24,897047042847	24,88094329834	25,009782791138	24,897047042847	25,557353973389	24,897047042847	25,557353973389	45010,2167736574
9	0,421078136426	0,419669878633	1,600967232998	1,512642542235	0,046663828194	0,132577136159	25,074203491211	24,800416946411	24,784313201904	25,074203491211	24,816522598267	25,492933273315	24,800416946411	25,492933273315	45010,3964512616
10	0,420399150459	0,41922420139	1,598212472039	1,511234014342	0,046663828194	0,132577136159	24,977573394775	24,832628250122	24,816522598267	24,977573394775	24,816522598267	25,509038925171	24,816522598267	25,509038925171	45010,5756834491
11	0,419964849304	0,362677268555	1,59641647742	1,275539037976	0,046663828194	0,132577136159	24,993677139282	24,816522598267	24,784313201904	24,993677139282	24,816522598267	26,652500152588	24,816522598267	26,652500152588	45010,7335364468
12	0,36317233205	0,362989814437	1,395432201357	1,276953684005	0,046663828194	0,132577136159	25,283569335938	24,88094329834	24,88094329834	25,283569335938	24,864837646484	26,68470954895	24,864837646484	26,68470954895	45010,8756564352
13	0,363570061218	0,362839973385	1,39659540201	1,276614769746	0,046663828194	0,132577136159	25,347990036011	24,864837646484	24,864837646484	25,347990036011	24,864837646484	26,733024597168	24,864837646484	26,733024597168	45011,0179256829
14	0,363405370601	0,436133116239	1,395800565054	1,601137165926	0,046663828194	0,132577136159	25,331884384155	24,88094329834	24,848731994629	25,331884384155	24,848731994629	25,074203491211	24,848731994629	25,074203491211	45011,3028925347
15	0,437134917638	0,436384379557	1,653952133893	1,602089692339	0,046663828194	0,132577136159	24,913152694702	24,784313201904	24,752101898193	24,929258346558	24,768207550049	24,993677139282	24,752101898193	24,993677139282	45011,5661126968
16	0,437421079632	1,1656E-8	1,654761140933	3,7008E-8	0,046663828194	0,132577136159	24,848731994629	24,784313201904	24,768207550049	24,897047042847	24,800416946411	24,929258346558	24,735996246338	25,074203491211	45011,8362706829
17	0,381689207049	0,381381440594	1,452113757116	1,37935927995	0,046663828194	0,132577136159	24,929258346558	25,299674987793	24,897047042847	25,299674987793	24,993677139282	25,0419921875	24,832628250122	25,0419921875	45011,9801134491
18	0,381570329309	0,380931059761	1,451241174494	1,377654968398	0,046663828194	0,132577136159	24,897047042847	25,3157787323	24,864837646484	25,3157787323	24,993677139282	25,025888442993	24,832628250122	25,025888442993	45012,1307092593
19	0,381292658981	0,380553018977	1,44989367954	1,376245581337	0,046663828194	0,132577136159	24,897047042847	25,299674987793	24,864837646484	25,3157787323	24,993677139282	25,058097839355	24,800416946411	25,058097839355	45012,2811744907
20	0,352067384753	0,344261533217	1,367100444209	1,236004389468	0,046663828194	0,132577136159	24,913152694702	26,088821411133	24,897047042847	26,104927062988	25,299674987793	24,945362091064	24,719890594482	25,299674987793	45012,4034834144
21	0,343849750846	0,335804183534	1,334507371605	1,20600362105	0,046663828194	0,132577136159	24,800416946411	26,024402618408	24,800416946411	26,040506362915	25,219148635864	24,945362091064	24,752101898193	25,219148635864	45012,5231495602
22	0,335856799256	8,70329467714453E-9	1,303541577327	2,654E-8	0,046663828194	0,132577136159	24,800416946411	25,992191314697	24,800416946411	25,992191314697	25,186939239502	24,800416946411	24,719890594482	25,203044891357	45012,6476221412
23	6,35792579029017E-15	0,240568384654	2,38008687591652E-14	0,843726892415	0,04704515636	0,113412044942	24,800416946411	24,816522598267	24,800416946411	24,816522598267	24,816522598267	24,993677139282	24,768207550049	24,993677139282	45012,9200159028
24	0,415838328819	0,406948469421	1,602964121194	1,467674896775	0,04704515636	0,113412044942	24,864837646484	24,832628250122	24,816522598267	25,299674987793	24,816522598267	25,460723876953	24,816522598267	25,460723876953	45013,0277515394
25	0,407446671331	0,406328540502	1,574005409108	1,465608089134	0,04704515636	0,113412044942	24,977573394775	24,848731994629	24,832628250122	25,267463684082	24,816522598267	25,509038925171	24,816522598267	25,509038925171	45013,1341999306
26	0,40681370106	0,405864861426	1,571515595602	1,464056061934	0,04704515636	0,113412044942	24,977573394775	24,832628250122	24,832628250122	25,283569335938	24,832628250122	25,492933273315	24,832628250122	25,492933273315	45013,2404854282
27	0,406263540043	0,405406237537	1,569330034892	1,462510368753	0,04704515636	0,113412044942	24,993677139282	24,703786849976	24,703786849976	25,283569335938	24,68768119812	25,428514480591	24,68768119812	25,428514480591	45013,3465432755
28	0,405826808693	0,405040778879	1,56762350574	1,461271289625	0,04704515636	0,113412044942	24,913152694702	24,768207550049	24,768207550049	25,170833587646	24,752101898193	25,460723876953	24,752101898193	25,460723876953	45013,4524401273
29	0,405474641459	0,40472041423	1,566211056953	1,460172234583	0,04704515636	0,113412044942	24,913152694702	24,768207550049	24,768207550049	25,203044891357	24,768207550049	25,460723876953	24,768207550049	25,460723876953	45013,5583398843
30	0,405103501347	0,404371684757	1,564729836864	1,458983131129	0,04704515636	0,113412044942	24,977573394775	24,784313201904	24,784313201904	25,203044891357	24,752101898193	25,428514480591	24,752101898193	25,428514480591	45013,6641157986
31	0,404725343296	0,404006199183	1,563252126357	1,457693337719	0,04704515636	0,113412044942	24,913152694702	24,768207550049	24,768207550049	25,186939239502	24,752101898193	25,509038925171	24,752101898193	25,509038925171	45013,7696713426
32	0,404401939884	0,403699971595	1,561966874192	1,456629989305	0,04704515636	0,113412044942	25,009782791138	24,848731994629	24,848731994629	25,251359939575	24,816522598267	25,476829528809	24,816522598267	25,476829528809	45013,8751529514
33	0,404069882162	0,403397823677	1,560697532861	1,455580535559	0,04704515636	0,113412044942	24,96146774292	24,832628250122	24,832628250122	25,251359939575	24,784313201904	25,476829528809	24,784313201904	25,476829528809	45013,9805926968
34	0,403760494659	0,40311236595	1,559496537464	1,454568449721	0,04704515636	0,113412044942	24,96146774292	24,816522598267	24,816522598267	25,251359939575	24,816522598267	25,492933273315	24,816522598267	25,492933273315	45014,0859686574
35	0,403475886713	0,402829427654	1,558368898161	1,453573384523	0,04704515636	0,113412044942	24,977573394775	24,816522598267	24,816522598267	25,251359939575	24,800416946411	25,476829528809	24,800416946411	25,476829528809	45014,1912675347
36	0,403162651209	0,402533624948	1,557147354882	1,452518959443	0,04704515636	0,113412044942	24,96146774292	24,832628250122	24,832628250122	25,251359939575	24,800416946411	25,412408828735	24,800416946411	25,412408828735	45014,2964281019
37	0,402812906764	0,402205536479	1,555765938883	1,451358612993	0,04704515636	0,113412044942	24,864837646484	24,752101898193	24,735996246338	25,170833587646	24,735996246338	25,428514480591	24,735996246338	25,428514480591	45014,4012630208
38	0,402609576739	0,402023492959	1,554981257796	1,450744285635	0,04704515636	0,113412044942	24,897047042847	24,752101898193	24,752101898193	25,203044891357	24,735996246338	25,428514480591	24,735996246338	25,428514480591	45014,5063105208
39	0,402377996965	0,401801346184	1,554047890422	1,449976311314	0,04704515636	0,113412044942	24,945362091064	24,784313201904	24,784313201904	25,219148635864	24,768207550049	25,460723876953	24,768207550049	25,460723876953	45014,6112596296
40	0,402141871318	0,401552008258	1,553119857254	1,449077552605	0,04704515636	0,113412044942	24,96146774292	24,768207550049	24,768207550049	25,186939239502	24,768207550049	25,412408828735	24,752101898193	25,412408828735	45014,7161143519
41	0,401899361126	0,401315679071	1,552175249372	1,448240352804	0,04704515636	0,113412044942	24,929258346558	24,864837646484	24,864837646484	25,283569335938	24,848731994629	25,525144577026	24,848731994629	25,525144577026	45014,8209940509
42	0,401633759347	0,40107155337	1,551151435223	1,447368716481	0,04704515636	0,113412044942	24,993677139282	24,864837646484	24,864837646484	25,251359939575	24,848731994629	25,525144577026	24,848731994629	25,525144577026	45014,9257552083
43	0,401388056839	0,400819614842	1,550208460693	1,446464312516	0,04704515636	0,113412044942	24,993677139282	24,864837646484	24,864837646484	25,283569335938	24,848731994629	25,509038925171	24,848731994629	25,509038925171	45015,0304333681
44	0,401157890806	0,400615595573	1,549316016428	1,4457440904	0,04704515636	0,113412044942	25,009782791138	24,848731994629	24,848731994629	25,267463684082	24,832628250122	25,509038925171	24,832628250122	25,509038925171	45015,1350436343
45	0,400940746121	0,400401142524	1,548464942348	1,44499239465	0,04704515636	0,113412044942	25,009782791138	24,848731994629	24,848731994629	25,283569335938	24,832628250122	25,525144577026	24,832628250122	25,525144577026	45015,2396478472
46	0,400711764318	0,400172594801	1,54756129918	1,444171325739	0,04704515636	0,113412044942	25,0419921875	24,719890594482	24,719890594482	25,299674987793	24,719890594482	25,412408828735	24,719890594482	25,412408828735	45015,3441458681
47	0,400463999696	0,399928426927	1,546627853374	1,443294036445	0,04704515636	0,113412044942	24,88094329834	24,752101898193	24,752101898193	25,203044891357	24,752101898193	25,412408828735	24,752101898193	25,412408828735	45015,4485303009
48	0,400239408045	0,399733395437	1,545735506063	1,442606641036	0,04704515636	0,113412044942	24,929258346558	24,784313201904	24,784313201904	25,203044891357	24,752101898193	25,444618225098	24,752101898193	25,444618225098	45015,5527698264
49	0,400075734749	0,399565449343	1,545081985296	1,442003717924	0,04704515636	0,113412044942	24,977573394775	24,816522598267	24,800416946411	25,203044891357	24,784313201904	25,492933273315	24,784313201904	25,492933273315	45015,6570076042
50	0,399919597807	0,399387295177	1,544461730549	1,441375671535	0,04704515636	0,113412044942	24,945362091064	24,800416946411	24,800416946411	25,23525428772	24,784313201904	25,621774673462	24,784313201904	25,621774673462	45015,7612788542
51	0,399668489355	0,399148284215	1,543492618002	1,440499397577	0,04704515636	0,113412044942	25,074203491211	24,88094329834	24,864837646484	25,299674987793	24,832628250122	25,525144577026	24,832628250122	25,525144577026	45015,8653515046
52	0,399497565014	0,39898289634	1,542854811328	1,439896786287	0,04704515636	0,113412044942	25,025888442993	24,848731994629	24,848731994629	25,283569335938	24,848731994629	25,509038925171	24,848731994629	25,509038925171	45015,9695252546
53	0,399284079493	0,398789213365	1,542034201232	1,439210229948	0,04704515636	0,113412044942	24,993677139282	24,88094329834	24,88094329834	25,283569335938	24,848731994629	25,525144577026	24,848731994629	25,525144577026	45016,0735758102
54	0,399084697144	0,398596780144	1,541265691241	1,438518692309	0,04704515636	0,113412044942	24,993677139282	24,864837646484	24,864837646484	25,267463684082	24,864837646484	25,509038925171	24,848731994629	25,525144577026	45016,177613588
55	0,398885194515	0,398379810843	1,540492681254	1,437753448003	0,04704515636	0,113412044942	25,009782791138	24,897047042847	24,88094329834	25,283569335938	24,88094329834	25,525144577026	24,88094329834	25,525144577026	45016,2815363773
56	0,398672173006	0,398187347526	1,539682161941	1,437067871819	0,04704515636	0,113412044942	25,0419921875	24,784313201904	24,784313201904	25,186939239502	24,752101898193	25,428514480591	24,752101898193	25,428514480591	45016,3854260995
57	0,398514810893	0,398033577914	1,539088578653	1,436522806788	0,04704515636	0,113412044942	24,913152694702	24,816522598267	24,800416946411	25,219148635864	24,816522598267	25,460723876953	24,816522598267	25,460723876953	45016,4893876157
58	0,398276555993	0,397808876737	1,53815923438	1,435718385401	0,04704515636	0,113412044942	24,832628250122	24,784313201904	24,623260498047	25,122518539429	24,848731994629	25,492933273315	24,848731994629	25,492933273315	45016,5931978009
59	0,398146874218	0,397679639181	1,537643347226	1,435268934649	0,04704515636	0,113412044942	24,96146774292	24,768207550049	24,768207550049	25,203044891357	24,784313201904	25,444618225098	24,784313201904	25,444618225098	45016,6970280093
60	0,397985346476	0,397498862158	1,537020277742	1,434613369194	0,04704515636	0,113412044942	24,929258346558	24,913152694702	24,816522598267	25,219148635864	24,88094329834	25,492933273315	24,864837646484	25,492933273315	45016,8008762269
61	0,397769944596	0,397303841262	1,536203491758	1,433906216815	0,04704515636	0,113412044942	25,009782791138	24,816522598267	24,816522598267	25,267463684082	24,832628250122	25,492933273315	24,832628250122	25,492933273315	45016,9045815741
62	0,397596802572	0,397137159125	1,53553707912	1,433287742314	0,04704515636	0,113412044942	25,009782791138	24,832628250122	24,832628250122	25,251359939575	24,816522598267	25,492933273315	24,816522598267	25,492933273315	45017,0082208333
63	0,397434906834	0,396962836243	1,534923471533	1,432677882549	0,04704515636	0,113412044942	24,977573394775	24,848731994629	24,848731994629	25,23525428772	24,848731994629	25,492933273315	24,848731994629	25,492933273315	45017,1118569444
64	0,397241794081	0,396780706043	1,534187383671	1,432011204592	0,04704515636	0,113412044942	24,993677139282	24,848731994629	24,832628250122	25,267463684082	24,816522598267	25,476829528809	24,800416946411	25,476829528809	45017,2153900926
65	0,397048615939	0,396594682037	1,533449937927	1,43133082947	0,04704515636	0,113412044942	24,977573394775	24,832628250122	24,832628250122	25,267463684082	24,832628250122	25,39630317688	24,832628250122	25,39630317688	45017,318841794
66	0,396860602822	0,396419048362	1,532736995495	1,430701008327	0,04704515636	0,113412044942	24,88094329834	24,768207550049	24,768207550049	25,170833587646	24,784313201904	25,444618225098	24,784313201904	25,444618225098	45017,4222374769
67	0,396748083966	0,396302775252	1,532286250076	1,430306895182	0,04704515636	0,113412044942	24,913152694702	24,784313201904	24,784313201904	25,203044891357	24,768207550049	25,460723876953	24,768207550049	25,460723876953	45017,5257257176
68	0,396572431757	0,39612197852	1,531589717239	1,429649608491	0,04704515636	0,113412044942	24,945362091064	24,800416946411	24,784313201904	25,219148635864	24,784313201904	25,428514480591	24,784313201904	25,428514480591	45017,6290239005
69	0,396416453971	0,395976092311	1,53099747772	1,429127004871	0,04704515636	0,113412044942	24,929258346558	24,800416946411	24,800416946411	25,23525428772	24,768207550049	25,460723876953	24,768207550049	25,460723876953	45017,7323022685
70	0,396249138342	0,395813243578	1,530349498317	1,428536929944	0,04704515636	0,113412044942	24,945362091064	24,848731994629	24,848731994629	25,331884384155	24,864837646484	25,492933273315	24,848731994629	25,492933273315	45017,8355071991
71	0,396075238018	0,395636341499	1,529690235342	1,427896006567	0,04704515636	0,113412044942	25,009782791138	24,832628250122	24,832628250122	25,283569335938	24,848731994629	25,509038925171	24,832628250122	25,509038925171	45017,9386761458
72	0,395924249038	0,395487801704	1,529121641108	1,427362090489	0,04704515636	0,113412044942	24,993677139282	24,832628250122	24,832628250122	25,267463684082	24,832628250122	25,509038925171	24,832628250122	25,509038925171	45018,0418750116
73	0,395754613063	1,1882E-8	1,528464680992	3,8114E-8	0,04704515636	0,113412044942	25,009782791138	24,848731994629	24,832628250122	25,283569335938	24,816522598267	25,009782791138	24,800416946411	25,525144577026	45018,1520285764
74	3,8147554741741E-14	0,230060960393	1,42832376959069E-13	0,80686269101	0,046274989843	0,109467327595	24,735996246338	24,752101898193	24,735996246338	24,752101898193	24,735996246338	24,929258346558	24,719890594482	24,929258346558	45018,4139132755
75	0,40267458766	0,395566548429	1,552107573059	1,427587005401	0,046274989843	0,109467327595	24,784313201904	24,784313201904	24,752101898193	25,219148635864	24,784313201904	25,39630317688	24,784313201904	25,412408828735	45018,5180041088
76	0,395856538657	0,395261724459	1,52878119043	1,426518830972	0,046274989843	0,109467327595	24,929258346558	24,784313201904	24,768207550049	25,203044891357	24,768207550049	25,412408828735	24,768207550049	25,412408828735	45018,6211321643
77	0,395565607369	0,395018916332	1,527677593957	1,425657943819	0,046274989843	0,109467327595	24,945362091064	24,784313201904	24,768207550049	25,203044891357	24,752101898193	25,39630317688	24,735996246338	25,39630317688	45018,7242658102
78	0,395300375321	0,394822548195	1,526690660474	1,424982129732	0,046274989843	0,109467327595	24,913152694702	24,816522598267	24,816522598267	25,283569335938	24,816522598267	25,444618225098	24,816522598267	25,444618225098	45018,8273923727
79	0,395082899978	0,394619768935	1,525879067453	1,424234277947	0,046274989843	0,109467327595	24,96146774292	24,816522598267	24,816522598267	25,23525428772	24,800416946411	25,444618225098	24,800416946411	25,444618225098	45018,9304486458
80	0,394916808731	0,39446351443	1,525262158246	1,423695245982	0,046274989843	0,109467327595	24,96146774292	24,800416946411	24,800416946411	25,23525428772	24,784313201904	25,460723876953	24,784313201904	25,460723876953	45019,0335795486
81	0,394684245081	0,394250409263	1,524359358746	1,422912682934	0,046274989843	0,109467327595	24,96146774292	24,832628250122	24,816522598267	25,219148635864	24,816522598267	25,444618225098	24,816522598267	25,444618225098	45019,1364706481
82	0,394494953895	0,394060542101	1,523632942712	1,422224126815	0,046274989843	0,109467327595	24,96146774292	24,816522598267	24,816522598267	25,23525428772	24,816522598267	25,444618225098	24,816522598267	25,444618225098	45019,2392093171
83	0,394301068887	0,393866799996	1,52289050724	1,421525835146	0,046274989843	0,109467327595	24,945362091064	24,752101898193	24,735996246338	25,23525428772	24,68768119812	25,380199432373	24,68768119812	25,380199432373	45019,3418350463
84	0,394165434917	0,393754424506	1,522408668307	1,421148020206	0,046274989843	0,109467327595	24,913152694702	24,768207550049	24,768207550049	25,186939239502	24,752101898193	25,39630317688	24,752101898193	25,39630317688	45019,4445847106
85	0,394042193736	0,393620042329	1,521934238336	1,420667207665	0,046274989843	0,109467327595	24,897047042847	24,752101898193	24,752101898193	25,170833587646	24,719890594482	25,39630317688	24,719890594482	25,39630317688	45019,5473853241
86	0,393863394104	0,393465111757	1,521243493563	1,420093044416	0,046274989843	0,109467327595	24,897047042847	24,752101898193	24,752101898193	25,203044891357	24,752101898193	25,412408828735	24,752101898193	25,412408828735	45019,6499708333
87	0,393769309357	0,393348814485	1,520904607248	1,419700681366	0,046274989843	0,109467327595	24,897047042847	24,768207550049	24,768207550049	25,203044891357	24,752101898193	25,444618225098	24,735996246338	25,444618225098	45019,7527532407
88	0,393519171016	0,393116336294	1,519927780525	1,418820891829	0,046274989843	0,109467327595	24,993677139282	24,816522598267	24,816522598267	25,23525428772	24,784313201904	25,460723876953	24,784313201904	25,460723876953	45019,8551152662
89	0,393411874255	0,392997547776	1,519547016752	1,418391218977	0,046274989843	0,109467327595	24,977573394775	24,848731994629	24,816522598267	25,251359939575	24,800416946411	25,460723876953	24,800416946411	25,460723876953	45019,9575832523
90	0,393260257458	0,392852836511	1,518978603696	1,417868830946	0,046274989843	0,109467327595	24,945362091064	24,800416946411	24,800416946411	25,23525428772	24,800416946411	25,444618225098	24,800416946411	25,444618225098	45020,0601144329
91	0,393138856625	0,392741753799	1,518546132088	1,417473279083	0,046274989843	0,109467327595	24,929258346558	24,784313201904	24,784313201904	25,219148635864	24,800416946411	25,428514480591	24,784313201904	25,428514480591	45020,1626857986
92	0,392939234194	0,39254802653	1,517770169177	1,416767600802	0,046274989843	0,109467327595	24,929258346558	24,784313201904	24,768207550049	25,219148635864	24,784313201904	25,428514480591	24,768207550049	25,428514480591	45020,2650282407
93	0,392837083226	0,392426554755	1,517393205069	1,416312077511	0,046274989843	0,109467327595	24,913152694702	24,719890594482	24,719890594482	25,138624191284	24,703786849976	25,412408828735	24,703786849976	25,412408828735	45020,3681614699
94	0,392700628772	0,392310316824	1,516885957043	1,415906598923	0,046274989843	0,109467327595	24,913152694702	24,752101898193	24,735996246338	25,170833587646	24,752101898193	25,412408828735	24,752101898193	25,412408828735	45020,4705569213
95	0,392578109792	0,392179861089	1,516399262343	1,415443581151	0,046274989843	0,109467327595	24,897047042847	24,768207550049	24,752101898193	25,170833587646	24,768207550049	25,364093780518	24,752101898193	25,364093780518	45020,5728863542
96	0,392422898084	0,392036536064	1,515804318782	1,414922254689	0,046274989843	0,109467327595	24,88094329834	24,719890594482	24,719890594482	25,170833587646	24,719890594482	25,428514480591	24,703786849976	25,428514480591	45020,6751248264
97	0,392326800752	0,391937041518	1,515458532106	1,414566855909	0,046274989843	0,109467327595	24,929258346558	24,768207550049	24,768207550049	25,203044891357	24,752101898193	25,460723876953	24,752101898193	25,460723876953	45020,7774248495
98	0,392187380304	0,391793655458	1,514929424344	1,414031245329	0,046274989843	0,109467327595	24,945362091064	24,800416946411	24,800416946411	25,219148635864	24,784313201904	25,444618225098	24,784313201904	25,444618225098	45020,8796247569
99	0,392024740001	0,391638674235	1,514306629711	1,413467452196	0,046274989843	0,109467327595	24,945362091064	24,784313201904	24,768207550049	25,203044891357	24,784313201904	25,428514480591	24,768207550049	25,428514480591	45020,9816921759
100	0,391912733197	0,391531459473	1,513904615097	1,413075554603	0,046274989843	0,109467327595	24,929258346558	24,800416946411	24,800416946411	25,219148635864	24,784313201904	25,428514480591	24,784313201904	25,428514480591	45021,0838358333
101	0,391801996323	0,391415199502	1,513485345125	1,412660124394	0,046274989843	0,109467327595	24,929258346558	24,784313201904	24,784313201904	25,203044891357	24,768207550049	25,412408828735	24,752101898193	25,412408828735	45021,1859506134
102	0,391687309607	0,391293876926	1,513065743958	1,412227382503	0,046274989843	0,109467327595	24,913152694702	24,784313201904	24,784313201904	25,186939239502	24,784313201904	25,412408828735	24,768207550049	25,412408828735	45021,2880986343
103	0,391523636995	0,391156933139	1,512454085293	1,411732058907	0,046274989843	0,109467327595	24,864837646484	24,719890594482	24,719890594482	25,15472984314	24,703786849976	25,412408828735	24,703786849976	25,412408828735	45021,3901849306
104	0,391442674963	0,391066451591	1,512132993066	1,411404871368	0,046274989843	0,109467327595	24,913152694702	24,752101898193	24,752101898193	25,186939239502	24,719890594482	25,39630317688	24,719890594482	25,39630317688	45021,4923046065
105	0,391316104789	0,390925641759	1,511635744935	1,410894781844	0,046274989843	0,109467327595	24,929258346558	24,735996246338	24,735996246338	25,186939239502	24,735996246338	25,39630317688	24,735996246338	25,39630317688	45021,5942753819
106	0,391230602065	0,390845610524	1,511332560518	1,410623651018	0,046274989843	0,109467327595	24,913152694702	24,768207550049	24,671575546265	25,170833587646	24,735996246338	25,412408828735	24,735996246338	25,412408828735	45021,6964173958
107	0,39106470733	0,390686759441	1,510591773613	1,410015117637	0,046274989843	0,109467327595	24,897047042847	24,832628250122	24,784313201904	25,170833587646	24,816522598267	25,428514480591	24,816522598267	25,428514480591	45021,7986266551
108	0,390941072096	0,390573092446	1,510242830294	1,409600864392	0,046274989843	0,109467327595	24,913152694702	24,784313201904	24,784313201904	25,170833587646	24,768207550049	25,428514480591	24,768207550049	25,428514480591	45021,9006039468
109	0,390841390067	0,390467208186	1,509882550423	1,409216402135	0,046274989843	0,109467327595	24,945362091064	24,784313201904	24,768207550049	25,203044891357	24,768207550049	25,428514480591	24,768207550049	25,444618225098	45022,0025779514
110	0,39072057582	0,390350942918	1,509428456899	1,408805382621	0,046274989843	0,109467327595	24,913152694702	24,768207550049	24,768207550049	25,186939239502	24,752101898193	25,412408828735	24,752101898193	25,412408828735	45022,1045588194
111	0,390597317358	0,390228221174	1,508964799193	1,40836658441	0,046274989843	0,109467327595	24,929258346558	24,784313201904	24,752101898193	25,170833587646	24,735996246338	25,39630317688	24,735996246338	25,412408828735	45022,2064522801
112	0,390481773639	0,390122247692	1,508536884894	1,407979068027	0,046274989843	0,109467327595	24,945362091064	24,768207550049	24,752101898193	25,186939239502	24,784313201904	25,3157787323	24,784313201904	25,3157787323	45022,3083279514
113	0,390363987479	0,389993173955	1,508103963397	1,407521089979	0,046274989843	0,109467327595	24,864837646484	24,768207550049	24,752101898193	25,138624191284	24,735996246338	25,380199432373	24,735996246338	25,380199432373	45022,4101773148
114	0,3902532147	0,389903956785	1,507655005403	1,407194822009	0,046274989843	0,109467327595	24,88094329834	24,768207550049	24,768207550049	25,15472984314	24,768207550049	25,412408828735	24,768207550049	25,412408828735	45022,5119629051
115	0,390140876628	0,389774813752	1,507212890898	1,406715062641	0,046274989843	0,109467327595	24,897047042847	24,768207550049	24,768207550049	25,15472984314	24,752101898193	25,380199432373	24,752101898193	25,380199432373	45022,6136461111
116	0,390067773405	0,389719335338	1,506955794895	1,406518460691	0,046274989843	0,109467327595	24,897047042847	24,68768119812	24,60715675354	25,170833587646	24,735996246338	25,39630317688	24,735996246338	25,39630317688	45022,7154643866
117	0,38993971598	0,389581193506	1,506458492047	1,405990892576	0,046274989843	0,109467327595	24,913152694702	24,816522598267	24,816522598267	25,203044891357	24,784313201904	25,428514480591	24,784313201904	25,428514480591	45022,8170847685
118	0,389860066408	0,389497160801	1,506172006407	1,405701430831	0,046274989843	0,109467327595	24,929258346558	24,768207550049	24,752101898193	25,203044891357	24,752101898193	25,412408828735	24,752101898193	25,412408828735	45022,9188017014
119	0,389729189646	0,389375744551	1,505677861664	1,405247308322	0,046274989843	0,109467327595	24,913152694702	24,784313201904	24,784313201904	25,203044891357	24,768207550049	25,444618225098	24,752101898193	25,444618225098	45023,0204202199
120	0,389613993481	0,389255616419	1,505228702189	1,404811106101	0,046274989843	0,109467327595	24,913152694702	24,784313201904	24,784313201904	25,219148635864	24,752101898193	25,39630317688	24,752101898193	25,39630317688	45023,1219937037
121	0,389508227274	0,395102119329	1,504843067691	1,426257887017	0,046274989843	0,109467327595	24,929258346558	24,784313201904	24,768207550049	25,186939239502	24,752101898193	25,203044891357	24,719890594482	25,203044891357	45025,430322037
122	0,39533504609	0,39310214816	1,527759711632	1,418143759415	0,046274989843	0,109467327595	24,864837646484	24,719890594482	24,719890594482	25,170833587646	24,719890594482	25,39630317688	24,719890594482	25,39630317688	45025,5336090278
123	0,393508164599	0,392679742831	1,519934058419	1,416680307472	0,046274989843	0,109467327595	24,897047042847	24,719890594482	24,719890594482	25,170833587646	24,719890594482	25,412408828735	24,719890594482	25,412408828735	45025,6363752315
124	0,393032307479	8,91540779736019E-9	1,518038844205	2,8419E-8	0,046274989843	0,109467327595	24,913152694702	24,735996246338	24,735996246338	25,15472984314	24,735996246338	24,864837646484	24,735996246338	25,380199432373	45025,7461161921
125	8,90109610640624E-14	0,22711917995	3,333314919748E-13	0,796537113648	0,048106014729	0,114834673703	24,752101898193	24,735996246338	24,735996246338	24,752101898193	24,752101898193	24,913152694702	24,703786849976	24,929258346558	45026,0059737847
126	0,39852734765	0,39207268087	1,536528022487	1,414560194512	0,048106014729	0,114834673703	24,800416946411	24,768207550049	24,752101898193	25,203044891357	24,735996246338	25,412408828735	24,735996246338	25,412408828735	45026,1092073032
127	0,392342902989	0,391656774402	1,515291554513	1,413104613377	0,048106014729	0,114834673703	24,929258346558	24,752101898193	24,752101898193	25,203044891357	24,735996246338	25,412408828735	24,719890594482	25,412408828735	45026,2114878819
128	0,391977713934	0,3913996779	1,513928971096	1,412228766432	0,048106014729	0,114834673703	24,929258346558	24,768207550049	24,768207550049	25,203044891357	24,768207550049	25,364093780518	24,752101898193	25,364093780518	45026,3137816898
129	0,391628367043	0,391118205742	1,512580798339	1,41124012626	0,048106014729	0,114834673703	24,864837646484	24,768207550049	24,768207550049	25,170833587646	24,752101898193	25,412408828735	24,735996246338	25,412408828735	45026,4158796528
130	0,391401348295	0,390910201112	1,511706369073	1,410506032877	0,048106014729	0,114834673703	24,913152694702	24,752101898193	24,752101898193	25,203044891357	24,735996246338	25,412408828735	24,735996246338	25,412408828735	45026,5179216319
131	0,391210781273	0,390725475397	1,510992637763	1,409862217043	0,048106014729	0,114834673703	24,929258346558	24,784313201904	24,784313201904	25,203044891357	24,752101898193	25,39630317688	24,752101898193	25,39630317688	45026,6200561921
132	0,390956390493	0,390509809254	1,510034315925	1,409080027229	0,048106014729	0,114834673703	24,88094329834	24,768207550049	24,768207550049	25,186939239502	24,768207550049	25,428514480591	24,768207550049	25,428514480591	45026,7219573843
133	0,390808200929	0,390349645689	1,509483506975	1,408508974845	0,048106014729	0,114834673703	24,929258346558	24,832628250122	24,832628250122	25,283569335938	24,816522598267	25,460723876953	24,816522598267	25,460723876953	45026,8239130556
134	0,390596042735	0,39015451035	1,508687821528	1,40779271193	0,048106014729	0,114834673703	24,977573394775	24,800416946411	24,800416946411	25,219148635864	24,800416946411	25,412408828735	24,800416946411	25,412408828735	45026,9258083565
135	0,390408228128	0,389978956573	1,507992616359	1,407173993146	0,048106014729	0,114834673703	24,945362091064	24,784313201904	24,784313201904	25,219148635864	24,768207550049	25,460723876953	24,768207550049	25,460723876953	45027,0277444676
136	0,390222044516	0,389804521794	1,507316339699	1,406564879385	0,048106014729	0,114834673703	24,945362091064	24,784313201904	24,784313201904	25,23525428772	24,800416946411	25,444618225098	24,784313201904	25,460723876953	45027,129599537
137	0,390021649722	0,389612063568	1,506537475949	1,405841772412	0,048106014729	0,114834673703	24,96146774292	24,800416946411	24,800416946411	25,251359939575	24,816522598267	25,460723876953	24,816522598267	25,460723876953	45027,2312804514
138	0,389916450572	0,389500989967	1,506154147188	1,405446402307	0,048106014729	0,114834673703	24,96146774292	24,800416946411	24,800416946411	25,23525428772	24,735996246338	25,39630317688	24,735996246338	25,39630317688	45027,3330823958
139	0,389729846464	0,389337051487	1,50546325198	1,404859365504	0,048106014729	0,114834673703	24,897047042847	24,752101898193	24,752101898193	25,170833587646	24,768207550049	25,412408828735	24,768207550049	25,412408828735	45027,434785162
140	0,389596390897	0,389200081209	1,504963281071	1,404399680833	0,048106014729	0,114834673703	24,913152694702	24,752101898193	24,752101898193	25,170833587646	24,719890594482	25,380199432373	24,719890594482	25,380199432373	45027,5364932292
141	0,389382046656	0,389011455328	1,504130365723	1,403684024557	0,048106014729	0,114834673703	24,945362091064	24,784313201904	24,784313201904	25,186939239502	24,768207550049	25,412408828735	24,768207550049	25,412408828735	45027,6378625463
142	0,389299882206	0,388918472569	1,503845809361	1,403351032296	0,048106014729	0,114834673703	24,913152694702	24,784313201904	24,768207550049	25,203044891357	24,768207550049	25,412408828735	24,752101898193	25,412408828735	45027,7394262847
143	0,38917446402	0,388795855519	1,503391917303	1,402905492287	0,048106014729	0,114834673703	24,929258346558	24,816522598267	24,816522598267	25,267463684082	24,800416946411	25,460723876953	24,800416946411	25,460723876953	45027,8410271528
144	0,389013328348	0,388647254476	1,502793564563	1,402355168508	0,048106014729	0,114834673703	24,96146774292	24,800416946411	24,800416946411	25,23525428772	24,784313201904	25,444618225098	24,784313201904	25,444618225098	45027,9425054861
145	0,388888417813	0,388505216508	1,50234071718	1,401836457029	0,048106014729	0,114834673703	24,929258346558	24,768207550049	24,768207550049	25,203044891357	24,768207550049	25,444618225098	24,768207550049	25,444618225098	45028,0439887384
146	0,388739086513	0,388381227206	1,501786325777	1,401392996513	0,048106014729	0,114834673703	24,945362091064	24,816522598267	24,816522598267	25,23525428772	24,800416946411	25,444618225098	24,784313201904	25,444618225098	45028,1454284144
147	0,388577882815	0,388239095988	1,501173563071	1,400852634365	0,048106014729	0,114834673703	24,945362091064	24,832628250122	24,832628250122	25,23525428772	24,784313201904	25,444618225098	24,784313201904	25,444618225098	45028,2466379977
148	0,388513292386	0,388134478225	1,500937863219	1,400484796373	0,048106014729	0,114834673703	24,977573394775	24,719890594482	24,719890594482	25,23525428772	24,719890594482	25,412408828735	24,703786849976	25,412408828735	45028,3479711921
149	0,388377546299	0,388019487721	1,500445701476	1,400064171368	0,048106014729	0,114834673703	24,88094329834	24,768207550049	24,768207550049	25,203044891357	24,768207550049	25,412408828735	24,752101898193	25,412408828735	45028,449314213
150	0,388271130121	0,387934266721	1,500037736032	1,3997440048	0,048106014729	0,114834673703	24,913152694702	24,816522598267	24,784313201904	25,203044891357	24,784313201904	25,428514480591	24,784313201904	25,428514480591	45028,5506365741
151	0,388174992346	0,387832183016	1,49965943818	1,399373597886	0,048106014729	0,114834673703	24,929258346558	24,800416946411	24,800416946411	25,203044891357	24,768207550049	25,444618225098	24,768207550049	25,444618225098	45028,6519182986
152	0,388077330713	0,38771861923	1,499298379262	1,398956491087	0,048106014729	0,114834673703	24,929258346558	24,816522598267	24,816522598267	25,219148635864	24,800416946411	25,460723876953	24,800416946411	25,476829528809	45028,7531685648
153	0,387941027667	0,387593231184	1,498780241687	1,398497601807	0,048106014729	0,114834673703	25,0419921875	24,88094329834	24,864837646484	25,299674987793	24,832628250122	25,476829528809	24,832628250122	25,476829528809	45028,8543395833
154	0,387860356685	0,387513210332	1,49853060742	1,39819828537	0,048106014729	0,114834673703	24,96146774292	24,832628250122	24,832628250122	25,283569335938	24,800416946411	25,476829528809	24,800416946411	25,476829528809	45028,9556183102
155	0,387742112879	0,387395613289	1,498079026718	1,397770388098	0,048106014729	0,114834673703	24,993677139282	24,832628250122	24,832628250122	25,267463684082	24,816522598267	25,460723876953	24,816522598267	25,476829528809	45029,0567889236
156	0,387614310552	0,38728709155	1,49759942064	1,397361415191	0,048106014729	0,114834673703	24,993677139282	24,816522598267	24,816522598267	25,283569335938	24,800416946411	25,460723876953	24,800416946411	25,460723876953	45029,1579111921
157	0,387513477673	0,387173483045	1,497227446168	1,396956911938	0,048106014729	0,114834673703	24,977573394775	24,832628250122	24,832628250122	25,267463684082	24,800416946411	25,444618225098	24,800416946411	25,444618225098	45029,2590222801
158	0,387421861344	0,387084340899	1,496901112365	1,396636757591	0,048106014729	0,114834673703	24,977573394775	24,752101898193	24,752101898193	25,219148635864	24,735996246338	25,428514480591	24,735996246338	25,428514480591	45029,3601538773
159	0,387310193097	0,386986210977	1,496488169953	1,396267301588	0,048106014729	0,114834673703	24,816522598267	24,832628250122	24,784313201904	25,219148635864	24,784313201904	25,412408828735	24,784313201904	25,412408828735	45029,4612230324
160	0,387241092039	0,386920354946	1,496234742374	1,396055196906	0,048106014729	0,114834673703	24,929258346558	24,784313201904	24,784313201904	25,219148635864	24,784313201904	25,476829528809	24,784313201904	25,476829528809	45029,5623404514
161	0,387173103726	0,386837644055	1,495947517606	1,395724222503	0,048106014729	0,114834673703	24,945362091064	24,848731994629	24,816522598267	25,203044891357	24,816522598267	25,734512329102	24,816522598267	25,734512329102	45029,6634571759
162	0,387145994385	0,386817014492	1,495848845791	1,395665894772	0,048106014729	0,114834673703	25,23525428772	25,106414794922	25,106414794922	25,541248321533	25,106414794922	25,831142425537	25,106414794922	25,831142425537	45029,7646335417
163	0,387027731809	0,386705884519	1,495390470283	1,395224763418	0,048106014729	0,114834673703	25,3157787323	25,170833587646	25,15472984314	25,573459625244	25,170833587646	25,782827377319	25,170833587646	25,798933029175	45029,8656260532
164	0,386977568149	0,386633597024	1,495224914705	1,394968483638	0,048106014729	0,114834673703	25,299674987793	25,15472984314	25,15472984314	25,557353973389	25,138624191284	25,782827377319	25,138624191284	25,782827377319	45029,9667091319
165	0,386869198963	0,386541898991	1,494835535432	1,394632230545	0,048106014729	0,114834673703	25,3157787323	25,15472984314	25,138624191284	25,557353973389	25,122518539429	25,750617980957	25,122518539429	25,766721725464	45030,0677969329
166	0,386798757412	0,386470908089	1,49459638047	1,39438237022	0,048106014729	0,114834673703	25,267463684082	25,122518539429	25,122518539429	25,541248321533	25,122518539429	25,782827377319	25,122518539429	25,782827377319	45030,1689596875
167	0,386716658329	0,386390743121	1,494295856934	1,394091431228	0,048106014729	0,114834673703	25,299674987793	25,138624191284	25,138624191284	25,557353973389	25,090307235718	25,766721725464	25,090307235718	25,782827377319	45030,2701340162
168	0,386570293542	0,386253863973	1,493732073078	1,393582086662	0,048106014729	0,114834673703	25,267463684082	25,058097839355	25,058097839355	25,476829528809	25,025888442993	25,718406677246	25,025888442993	25,734512329102	45030,3711355903
169	0,38650270541	0,386185334859	1,493481149783	1,393324643955	0,048106014729	0,114834673703	25,23525428772	25,122518539429	25,122518539429	25,557353973389	25,122518539429	25,750617980957	25,122518539429	25,766721725464	45030,4720025694
170	0,386457018983	0,386145357493	1,493289522742	1,393190048773	0,048106014729	0,114834673703	25,267463684082	25,170833587646	25,15472984314	25,541248321533	25,138624191284	25,750617980957	25,138624191284	25,750617980957	45030,5729609606
171	0,386403952854	0,386079483235	1,493096634075	1,39294705497	0,048106014729	0,114834673703	25,267463684082	25,122518539429	25,122518539429	25,557353973389	25,074203491211	25,782827377319	25,074203491211	25,782827377319	45030,6739606829
172	0,38628260412	0,385968364283	1,492644131404	1,392524049587	0,048106014729	0,114834673703	25,267463684082	25,122518539429	25,122518539429	25,525144577026	25,106414794922	25,847246170044	25,106414794922	25,847246170044	45030,7747815162
173	0,386229174134	0,385906329999	1,492433978206	1,392282562526	0,048106014729	0,114834673703	25,347990036011	25,203044891357	25,186939239502	25,589563369751	25,186939239502	25,815036773682	25,186939239502	25,831142425537	45030,875649213
174	0,386109588516	0,385800535811	1,492010316544	1,391863425059	0,048106014729	0,114834673703	25,331884384155	25,186939239502	25,186939239502	25,589563369751	25,186939239502	25,815036773682	25,186939239502	25,815036773682	45030,9764387269
175	0,386058921039	2,1207E-8	1,491822716699	6,7608E-8	0,048106014729	0,114834673703	25,347990036011	25,186939239502	25,170833587646	25,605669021606	25,15472984314	25,3157787323	25,138624191284	25,815036773682	45031,0842578819
176	0	0,222406135225	0	0,779909297553	0,049117971212	0,115821138024	25,15472984314	25,15472984314	25,15472984314	25,170833587646	25,122518539429	25,267463684082	25,090307235718	25,267463684082	45031,3406032639
177	0,392237937705	0,386078196179	1,513029346151	1,392794290441	0,049117971212	0,115821138024	25,138624191284	25,122518539429	25,074203491211	25,557353973389	25,106414794922	25,782827377319	25,106414794922	25,782827377319	45031,4422806713
178	0,386386093882	0,385894756668	1,493041129736	1,392167080585	0,049117971212	0,115821138024	25,267463684082	25,138624191284	25,138624191284	25,557353973389	25,106414794922	25,782827377319	25,106414794922	25,782827377319	45031,5432833102
179	0,386130309651	0,385738522086	1,492069046966	1,391595222405	0,049117971212	0,115821138024	25,299674987793	25,15472984314	25,15472984314	25,573459625244	25,106414794922	25,798933029175	25,106414794922	25,798933029175	45031,6441401389
180	0,385982338851	0,385614533846	1,491509369873	1,391149685245	0,049117971212	0,115821138024	25,299674987793	25,138624191284	25,122518539429	25,557353973389	25,122518539429	25,798933029175	25,122518539429	25,798933029175	45031,745018125
181	0,38586700535	0,385531847959	1,49110891855	1,390849403566	0,049117971212	0,115821138024	25,3157787323	25,186939239502	25,186939239502	25,605669021606	25,170833587646	25,847246170044	25,170833587646	25,847246170044	45031,8459270139
182	0,385779184904	0,38544012047	1,490783343279	1,390510047246	0,049117971212	0,115821138024	25,347990036011	25,203044891357	25,186939239502	25,621774673462	25,203044891357	25,831142425537	25,186939239502	25,831142425537	45031,9468207639
183	0,385645305189	0,385327718489	1,490259804367	1,390101735415	0,049117971212	0,115821138024	25,331884384155	25,203044891357	25,203044891357	25,621774673462	25,186939239502	25,847246170044	25,186939239502	25,847246170044	45032,0475406597
184	0,385544326651	0,385223148624	1,489881629371	1,389722645887	0,049117971212	0,115821138024	25,347990036011	25,186939239502	25,186939239502	25,637878417969	25,219148635864	25,831142425537	25,203044891357	25,831142425537	45032,1482174306
185	0,385465972811	0,385145584471	1,489598806426	1,389439912548	0,049117971212	0,115821138024	25,331884384155	25,203044891357	25,203044891357	25,605669021606	25,186939239502	25,847246170044	25,186939239502	25,847246170044	45032,2488856482
186	0,385378258157	0,385059053739	1,489272532715	1,389129107781	0,049117971212	0,115821138024	25,380199432373	25,138624191284	25,138624191284	25,621774673462	25,090307235718	25,782827377319	25,090307235718	25,782827377319	45032,3495616551
187	0,385288630815	0,384993210422	1,488963926196	1,388895437776	0,049117971212	0,115821138024	25,283569335938	25,170833587646	25,15472984314	25,541248321533	25,15472984314	25,798933029175	25,15472984314	25,798933029175	45032,4501635648
188	0,385237056934	0,384919532449	1,488758916512	1,388634386234	0,049117971212	0,115821138024	25,3157787323	25,15472984314	25,15472984314	25,573459625244	25,15472984314	25,782827377319	25,15472984314	25,782827377319	45032,5508112384
189	0,385165980301	0,384858899877	1,488490758865	1,388413384719	0,049117971212	0,115821138024	25,299674987793	25,15472984314	25,15472984314	25,589563369751	25,138624191284	25,798933029175	25,138624191284	25,798933029175	45032,6514751505
190	0,385086588379	0,384778799549	1,488197185431	1,388121330543	0,049117971212	0,115821138024	25,299674987793	25,186939239502	25,186939239502	25,557353973389	25,138624191284	25,815036773682	25,138624191284	25,815036773682	45032,7521106829
191	0,385018759874	0,384714210016	1,487950968646	1,387884264249	0,049117971212	0,115821138024	25,364093780518	25,23525428772	25,23525428772	25,653984069824	25,219148635864	25,847246170044	25,219148635864	25,847246170044	45032,8527791088
192	0,384947021394	0,384627593028	1,487677998124	1,387532162305	0,049117971212	0,115821138024	25,347990036011	25,219148635864	25,219148635864	25,653984069824	25,186939239502	25,831142425537	25,186939239502	25,847246170044	45032,9533382639
193	0,384884778844	0,384577278733	1,487449771599	1,387357566006	0,049117971212	0,115821138024	25,347990036011	25,219148635864	25,219148635864	25,670091629028	25,219148635864	25,847246170044	25,203044891357	25,847246170044	45033,053945544
194	0,384820334507	0,384520470032	1,487211735018	1,387133576036	0,049117971212	0,115821138024	25,364093780518	25,203044891357	25,186939239502	25,670091629028	25,186939239502	25,863351821899	25,186939239502	25,863351821899	45033,1545375232
195	0,384778414682	0,38447392938	1,487068681638	1,386989556097	0,049117971212	0,115821138024	25,364093780518	25,186939239502	25,186939239502	25,653984069824	25,219148635864	25,847246170044	25,203044891357	25,847246170044	45033,2552464815
196	0,384683395306	0,38436029502	1,486701405826	1,386556205507	0,049117971212	0,115821138024	25,380199432373	25,138624191284	25,138624191284	25,653984069824	25,090307235718	25,798933029175	25,090307235718	25,798933029175	45033,3558021296
197	0,384619517431	0,384316357514	1,486485348411	1,386418549552	0,049117971212	0,115821138024	25,3157787323	25,15472984314	25,15472984314	25,605669021606	25,170833587646	25,831142425537	25,15472984314	25,831142425537	45033,4564427315
198	0,384531107831	0,384231116166	1,486139861318	1,386084870127	0,049117971212	0,115821138024	25,331884384155	25,170833587646	25,170833587646	25,621774673462	25,15472984314	25,847246170044	25,15472984314	25,847246170044	45033,5569725694
199	0,384439184671	0,384125172565	1,485798328468	1,385690705543	0,049117971212	0,115821138024	25,331884384155	25,170833587646	25,170833587646	25,589563369751	25,15472984314	25,831142425537	25,138624191284	25,831142425537	45033,6574257292
200	0,384393178607	0,384099409828	1,485651347633	1,385595448235	0,049117971212	0,115821138024	25,331884384155	24,96146774292	24,800416946411	25,589563369751	25,15472984314	25,895561218262	25,15472984314	25,895561218262	45033,7580017014
201	0,384329420486	0,38403344868	1,485389004799	1,385358754313	0,049117971212	0,115821138024	25,412408828735	25,23525428772	25,23525428772	25,670091629028	25,219148635864	25,895561218262	25,203044891357	25,895561218262	45033,8584175694
202	0,384311874326	0,384012888631	1,48535337279	1,385273461329	0,049117971212	0,115821138024	25,380199432373	25,219148635864	25,219148635864	25,653984069824	25,219148635864	25,895561218262	25,203044891357	25,895561218262	45033,9590825463
203	0,384221224654	0,38392110625	1,485011981941	1,384922242113	0,049117971212	0,115821138024	25,380199432373	25,219148635864	25,219148635864	25,637878417969	25,203044891357	25,847246170044	25,203044891357	25,847246170044	45034,0596328704
204	0,384139066757	0,383865654116	1,484717792659	1,384719913882	0,049117971212	0,115821138024	25,364093780518	25,203044891357	25,203044891357	25,653984069824	25,186939239502	25,847246170044	25,186939239502	25,847246170044	45034,1601145718
205	0,384094226447	0,383791950075	1,484550252348	1,384441907902	0,049117971212	0,115821138024	25,380199432373	25,219148635864	25,219148635864	25,653984069824	25,23525428772	25,863351821899	25,23525428772	25,863351821899	45034,2605616088
206	0,384030258078	0,383729926389	1,484316456965	1,384222297852	0,049117971212	0,115821138024	25,364093780518	25,15472984314	25,15472984314	25,589563369751	25,15472984314	25,782827377319	25,15472984314	25,782827377319	45034,3610858681
207	0,383949364511	0,38367567548	1,484027659244	1,384038942948	0,049117971212	0,115821138024	25,3157787323	25,170833587646	25,170833587646	25,605669021606	25,15472984314	25,815036773682	25,15472984314	25,815036773682	45034,4615915741
208	0,383903303167	0,383618919124	1,483829621237	1,383823211982	0,049117971212	0,115821138024	25,3157787323	25,186939239502	25,186939239502	25,573459625244	25,186939239502	25,798933029175	25,170833587646	25,815036773682	45034,5619940856
209	0,383847633775	0,383538834478	1,483604143586	1,383501900497	0,049117971212	0,115821138024	25,3157787323	25,203044891357	25,203044891357	25,621774673462	25,186939239502	25,734512329102	25,186939239502	25,734512329102	45034,6624106134
210	0,383738876516	0,383476858477	1,483213998329	1,383311204133	0,049117971212	0,115821138024	25,283569335938	25,23525428772	25,23525428772	25,605669021606	25,219148635864	25,943876266479	25,219148635864	25,943876266479	45034,7627315625
211	0,383733655461	0,383443228654	1,483190825177	1,383164743702	0,049117971212	0,115821138024	25,460723876953	25,267463684082	25,251359939575	25,702302932739	25,251359939575	25,927772521973	25,23525428772	25,927772521973	45034,8631395833
212	0,383698118217	0,383417347233	1,483089849222	1,383069948024	0,049117971212	0,115821138024	25,412408828735	25,267463684082	25,267463684082	25,702302932739	25,267463684082	25,927772521973	25,267463684082	25,927772521973	45034,9636684259
213	0,383619403019	0,38332571511	1,482774119039	1,382716818834	0,049117971212	0,115821138024	25,412408828735	25,251359939575	25,251359939575	25,686197280884	25,251359939575	25,911666870117	25,23525428772	25,911666870117	45035,064098125
214	0,383550509639	0,383257172007	1,482521929501	1,382465510691	0,049117971212	0,115821138024	25,39630317688	25,251359939575	25,251359939575	25,686197280884	25,23525428772	25,927772521973	25,23525428772	25,927772521973	45035,164527338
215	0,38349266339	0,383217176627	1,482300835522	1,382305848618	0,049117971212	0,115821138024	25,428514480591	25,299674987793	25,299674987793	25,718406677246	25,267463684082	25,911666870117	25,251359939575	25,911666870117	45035,2648602431
216	0,383412952653	0,383112563318	1,481999778226	1,381920932896	0,049117971212	0,115821138024	25,412408828735	25,203044891357	25,203044891357	25,621774673462	25,170833587646	25,847246170044	25,170833587646	25,847246170044	45035,3651425694
217	0,383362692734	0,383082869476	1,48185961213	1,381825936206	0,049117971212	0,115821138024	25,364093780518	25,219148635864	25,219148635864	25,637878417969	25,219148635864	25,863351821899	25,203044891357	25,863351821899	45035,4655601273
218	0,383299277602	0,383023474154	1,481593998343	1,381600414987	0,049117971212	0,115821138024	25,380199432373	25,23525428772	25,23525428772	25,653984069824	25,23525428772	25,879457473755	25,23525428772	25,879457473755	45035,5658508796
219	0,383222007431	0,382942063885	1,481298826136	1,381297854566	0,049117971212	0,115821138024	25,347990036011	25,23525428772	25,090307235718	25,653984069824	25,219148635864	25,847246170044	25,203044891357	25,847246170044	45035,6660803241
220	0,38316559731	0,382876225655	1,48108907187	1,381049258171	0,049117971212	0,115821138024	25,364093780518	25,203044891357	25,203044891357	25,637878417969	25,170833587646	25,911666870117	25,170833587646	25,911666870117	45035,7662708102
221	0,383104312388	0,382827154971	1,480875129792	1,380862826521	0,049117971212	0,115821138024	25,39630317688	25,251359939575	25,251359939575	25,686197280884	25,23525428772	25,895561218262	25,23525428772	25,895561218262	45035,8664499884
222	0,38305377405	0,382765102464	1,480685287963	1,380627833781	0,049117971212	0,115821138024	25,412408828735	25,23525428772	25,23525428772	25,686197280884	25,219148635864	25,879457473755	25,219148635864	25,879457473755	45035,9666406944
223	0,38300909407	0,382718611192	1,480547502911	1,380439203381	0,049117971212	0,115821138024	25,380199432373	25,23525428772	25,23525428772	25,670091629028	25,203044891357	25,879457473755	25,203044891357	25,879457473755	45036,0669271412
224	0,382924476888	0,382643675831	1,48021235835	1,380155012778	0,049117971212	0,115821138024	25,39630317688	25,23525428772	25,23525428772	25,653984069824	25,219148635864	25,847246170044	25,219148635864	25,847246170044	45036,1670306366
225	0,382885766364	0,382614008478	1,480077998374	1,380031331547	0,049117971212	0,115821138024	25,380199432373	25,23525428772	25,23525428772	25,653984069824	25,251359939575	25,911666870117	25,23525428772	25,911666870117	45036,2671898727
226	0,382884497007	1,3789E-8	1,480083382438	4,3943E-8	0,049117971212	0,115821138024	25,39630317688	25,219148635864	25,219148635864	25,621774673462	25,186939239502	25,347990036011	25,186939239502	25,863351821899	45036,3744887037
227	0	0,220252771897	0	0,772280629455	0,047746792436	0,117241896689	25,15472984314	25,170833587646	25,15472984314	25,170833587646	25,170833587646	25,347990036011	25,15472984314	25,347990036011	45036,6290930903
228	0,389069936416	0,382948571857	1,50134124337	1,381157463046	0,047746792436	0,117241896689	25,23525428772	25,203044891357	25,186939239502	25,653984069824	25,170833587646	25,847246170044	25,170833587646	25,847246170044	45036,7302043287
229	0,383252962898	0,382809022381	1,481478699862	1,380654538391	0,047746792436	0,117241896689	25,347990036011	25,283569335938	25,267463684082	25,718406677246	25,283569335938	25,911666870117	25,267463684082	25,911666870117	45036,8306706597
230	0,383077462998	0,382721206286	1,480823893871	1,380339593526	0,047746792436	0,117241896689	25,428514480591	25,267463684082	25,267463684082	25,670091629028	25,251359939575	25,895561218262	25,251359939575	25,895561218262	45036,9311521875
231	0,38294368802	0,382624343709	1,480334358487	1,379983539031	0,047746792436	0,117241896689	25,428514480591	25,267463684082	25,267463684082	25,686197280884	25,251359939575	25,927772521973	25,251359939575	25,927772521973	45037,0315660648
232	0,38285256057	0,382552019338	1,479978642781	1,379718608074	0,047746792436	0,117241896689	25,428514480591	25,267463684082	25,267463684082	25,702302932739	25,251359939575	25,911666870117	25,251359939575	25,911666870117	45037,1318620718
233	0,382789111308	0,382502953742	1,479745594371	1,379537618808	0,047746792436	0,117241896689	25,412408828735	25,299674987793	25,299674987793	25,718406677246	25,283569335938	25,911666870117	25,267463684082	25,911666870117	45037,2321898727
234	0,382727480178	0,382433196911	1,4795107872	1,379277640061	0,047746792436	0,117241896689	25,428514480591	25,283569335938	25,267463684082	25,718406677246	25,203044891357	25,847246170044	25,203044891357	25,847246170044	45037,3324599306
235	0,382644468319	0,382366043437	1,479217004312	1,379058889566	0,047746792436	0,117241896689	25,380199432373	25,251359939575	25,251359939575	25,686197280884	25,219148635864	25,879457473755	25,219148635864	25,879457473755	45037,4326715972
236	0,38260505718	0,382340135738	1,479050598825	1,378984314219	0,047746792436	0,117241896689	25,39630317688	25,251359939575	25,251359939575	25,718406677246	25,219148635864	25,911666870117	25,219148635864	25,911666870117	45037,5329453588
237	0,382562232397	0,382273046272	1,478888264025	1,378741166926	0,047746792436	0,117241896689	25,428514480591	25,251359939575	25,251359939575	25,670091629028	25,251359939575	25,879457473755	25,251359939575	25,879457473755	45037,6331769097
238	0,382499032311	0,382226506467	1,478655401498	1,378556088463	0,047746792436	0,117241896689	25,412408828735	25,283569335938	25,283569335938	25,718406677246	25,267463684082	25,911666870117	25,251359939575	25,911666870117	45037,7333652083
239	0,382488206302	0,382218698297	1,478634538111	1,378526697231	0,047746792436	0,117241896689	25,412408828735	25,347990036011	25,331884384155	25,782827377319	25,331884384155	25,97608757019	25,3157787323	25,97608757019	45037,833713287
240	0,38242037911	0,382165851218	1,478361215168	1,378297264297	0,047746792436	0,117241896689	25,492933273315	25,347990036011	25,347990036011	25,766721725464	25,3157787323	26,008296966553	25,299674987793	26,008296966553	45037,9338195602
241	0,382397823075	0,38211934278	1,478293368559	1,378128221263	0,047746792436	0,117241896689	25,492933273315	25,347990036011	25,331884384155	25,766721725464	25,299674987793	25,97608757019	25,299674987793	25,992191314697	45038,0339953241
242	0,382366655824	0,382070189654	1,478174135961	1,377920629551	0,047746792436	0,117241896689	25,476829528809	25,3157787323	25,3157787323	25,750617980957	25,299674987793	25,97608757019	25,299674987793	25,97608757019	45038,1341479977
243	0,38232310551	0,382045662262	1,478025950268	1,377845919992	0,047746792436	0,117241896689	25,492933273315	25,331884384155	25,331884384155	25,766721725464	25,331884384155	25,97608757019	25,3157787323	25,992191314697	45038,2344523958
244	0,382261474005	0,382019820897	1,4778158622	1,377743351713	0,047746792436	0,117241896689	25,476829528809	25,331884384155	25,331884384155	25,750617980957	25,23525428772	25,943876266479	25,219148635864	25,943876266479	45038,3347343171
245	0,382201411355	0,381934600955	1,477569341407	1,377436679584	0,047746792436	0,117241896689	25,428514480591	25,299674987793	25,299674987793	25,702302932739	25,283569335938	25,927772521973	25,283569335938	25,943876266479	45038,4348692477
246	0,382198820598	0,381941090275	1,477544466372	1,377463664104	0,047746792436	0,117241896689	25,444618225098	25,3157787323	25,283569335938	25,750617980957	25,3157787323	25,943876266479	25,3157787323	25,943876266479	45038,5350983218
247	0,382179061127	0,381948817913	1,477458243077	1,377480893473	0,047746792436	0,117241896689	25,476829528809	25,331884384155	25,331884384155	25,766721725464	25,331884384155	25,959981918335	25,331884384155	25,959981918335	45038,6352450463
248	0,382133782893	0,381855793193	1,477287354245	1,377118350488	0,047746792436	0,117241896689	25,460723876953	25,331884384155	25,331884384155	25,750617980957	25,331884384155	25,97608757019	25,331884384155	25,97608757019	45038,7353031944
249	0,382129719666	0,381880350681	1,477301185093	1,377190066994	0,047746792436	0,117241896689	25,492933273315	25,380199432373	25,380199432373	25,847246170044	25,380199432373	26,008296966553	25,380199432373	26,024402618408	45038,8354901968
250	0,382093189247	0,381819651774	1,47717274741	1,37695146401	0,047746792436	0,117241896689	25,525144577026	25,39630317688	25,39630317688	25,798933029175	25,380199432373	26,008296966553	25,380199432373	26,008296966553	45038,9356762037
251	0,382052970708	0,381806695593	1,477030088328	1,376892151786	0,047746792436	0,117241896689	25,509038925171	25,412408828735	25,39630317688	25,831142425537	25,380199432373	26,024402618408	25,380199432373	26,024402618408	45039,0358448611
252	0,382054408344	0,38176022827	1,477053164566	1,376730376907	0,047746792436	0,117241896689	25,525144577026	25,380199432373	25,380199432373	25,831142425537	25,364093780518	26,040506362915	25,364093780518	26,040506362915	45039,1361913889
253	0,381999349262	0,381773108579	1,476875281801	1,376759345059	0,047746792436	0,117241896689	25,541248321533	25,380199432373	25,380199432373	25,831142425537	25,347990036011	26,040506362915	25,331884384155	26,040506362915	45039,2364943981
254	0,38194163207	0,381659500709	1,476628090508	1,376323305465	0,047746792436	0,117241896689	25,525144577026	25,364093780518	25,364093780518	25,847246170044	25,299674987793	25,959981918335	25,299674987793	25,959981918335	45039,336587338
255	0,381909621694	0,381678892808	1,476536211173	1,37640535898	0,047746792436	0,117241896689	25,444618225098	25,331884384155	25,331884384155	25,798933029175	25,299674987793	25,97608757019	25,299674987793	25,97608757019	45039,4367641667
256	0,381869512611	0,381585861308	1,476349616537	1,376046658934	0,047746792436	0,117241896689	25,509038925171	25,364093780518	25,364093780518	25,815036773682	25,331884384155	26,008296966553	25,331884384155	26,008296966553	45039,5367852662
257	0,38188171359	0,381651706319	1,47641620221	1,37631639019	0,047746792436	0,117241896689	25,492933273315	25,347990036011	25,347990036011	25,782827377319	25,331884384155	26,008296966553	25,3157787323	26,008296966553	45039,6370139236
258	0,381843041792	0,381541949234	1,476253921786	1,375860216585	0,047746792436	0,117241896689	25,525144577026	25,347990036011	25,347990036011	25,782827377319	25,347990036011	25,992191314697	25,347990036011	25,992191314697	45039,7371365393
259	0,381806376541	0,381588446651	1,47614870108	1,376023884616	0,047746792436	0,117241896689	25,509038925171	25,412408828735	25,412408828735	25,879457473755	25,412408828735	26,104927062988	25,39630317688	26,104927062988	45039,8373088773
260	0,381803518097	0,381527710872	1,476134692282	1,375773017638	0,047746792436	0,117241896689	25,605669021606	25,412408828735	25,412408828735	25,863351821899	25,39630317688	26,072717666626	25,39630317688	26,088821411133	45039,937441956
261	0,381754913124	0,381491581321	1,475957705807	1,375637193414	0,047746792436	0,117241896689	25,573459625244	25,39630317688	25,380199432373	25,863351821899	25,412408828735	26,056612014771	25,412408828735	26,072717666626	45040,0375497222
262	0,381768192804	0,381488929007	1,4760419427	1,375620872163	0,047746792436	0,117241896689	25,573459625244	25,39630317688	25,39630317688	25,847246170044	25,428514480591	26,040506362915	25,412408828735	26,040506362915	45040,1378699537
263	0,381672575523	0,381425651326	1,475685283671	1,375381686748	0,047746792436	0,117241896689	25,557353973389	25,428514480591	25,428514480591	25,831142425537	25,444618225098	26,024402618408	25,428514480591	26,024402618408	45040,2380066088
264	0,381649814336	0,381380530401	1,475599218212	1,375199630782	0,047746792436	0,117241896689	25,589563369751	25,412408828735	25,412408828735	25,863351821899	25,3157787323	26,008296966553	25,3157787323	26,008296966553	45040,3381231597
265	0,381598271383	0,38132109566	1,475417682668	1,375003711956	0,047746792436	0,117241896689	25,509038925171	25,380199432373	25,380199432373	25,798933029175	25,347990036011	25,637878417969	25,058097839355	25,637878417969	45040,4382525116
266	0,381378120587	0,381095027107	1,474679987658	1,374139078558	0,047746792436	0,117241896689	25,15472984314	25,203044891357	25,106414794922	25,573459625244	25,106414794922	25,766721725464	25,090307235718	25,782827377319	45040,538367662
267	0,381392559112	0,381193243286	1,474807731907	1,374480239236	0,047746792436	0,117241896689	25,267463684082	25,39630317688	25,219148635864	25,943876266479	25,347990036011	25,97608757019	25,347990036011	25,992191314697	45040,6385932639
268	0,3814148233	0,381176460692	1,474786304798	1,374415739214	0,047746792436	0,117241896689	25,492933273315	25,331884384155	25,331884384155	25,798933029175	25,347990036011	25,97608757019	25,331884384155	25,992191314697	45040,7386049421
269	0,381439966945	0,381193221032	1,474893438544	1,374468592864	0,047746792436	0,117241896689	25,509038925171	25,39630317688	25,39630317688	25,879457473755	25,39630317688	26,056612014771	25,380199432373	26,056612014771	45040,8386959144
270	0,381446285812	0,381177709812	1,4749126882	1,374395654964	0,047746792436	0,117241896689	25,557353973389	25,39630317688	25,39630317688	25,831142425537	25,380199432373	26,040506362915	25,380199432373	26,040506362915	45040,9388973148
271	0,381386810247	0,381126022207	1,474704343689	1,374174940216	0,047746792436	0,117241896689	25,557353973389	25,412408828735	25,412408828735	25,815036773682	25,39630317688	26,040506362915	25,39630317688	26,040506362915	45041,0390360185
272	0,381362440141	0,381097629829	1,47463186692	1,37405694165	0,047746792436	0,117241896689	25,525144577026	25,364093780518	25,364093780518	25,815036773682	25,364093780518	26,008296966553	25,364093780518	26,024402618408	45041,1391904514
273	0,381316848881	0,381069244235	1,474460210795	1,373947714551	0,047746792436	0,117241896689	25,525144577026	25,39630317688	25,39630317688	25,847246170044	25,39630317688	26,056612014771	25,380199432373	26,056612014771	45041,2393490394
274	0,381293237613	0,381030425709	1,474381082575	1,373790832287	0,047746792436	0,117241896689	25,557353973389	25,364093780518	25,364093780518	25,831142425537	25,299674987793	25,992191314697	25,299674987793	25,992191314697	45041,3395058449
275	0,380263474245	0,379964846463	1,470204384486	1,369820297919	0,047746792436	0,117241896689	25,509038925171	24,478315353394	24,027374267578	25,573459625244	24,365579605103	25,412408828735	24,365579605103	25,412408828735	45041,4379540741
276	0,380741819019	0,380295518154	1,47253686152	1,371194008154	0,047746792436	0,117241896689	25,025888442993	24,897047042847	24,864837646484	25,3157787323	24,784313201904	25,557353973389	24,784313201904	25,557353973389	45041,5381317245
277	0,380489663093	1,0611E-8	1,471646006306	3,3859E-8	0,047746792436	0,117241896689	25,025888442993	24,897047042847	24,897047042847	25,299674987793	24,784313201904	24,929258346558	24,784313201904	25,492933273315	45041,6452208565
278	0	0,219284996633	0	0,768780045993	0,051095768809	0,119704909623	25,267463684082	25,251359939575	25,251359939575	25,267463684082	25,251359939575	25,412408828735	25,23525428772	25,428514480591	45041,9019062963
279	0,387134830245	0,380810885682	1,494453493699	1,372829750032	0,051095768809	0,119704909623	25,283569335938	25,283569335938	25,251359939575	25,702302932739	25,23525428772	25,895561218262	25,23525428772	25,911666870117	45042,0027687269
280	0,381125896456	0,380713989622	1,473928317092	1,372493609268	0,051095768809	0,119704909623	25,412408828735	25,267463684082	25,267463684082	25,718406677246	25,267463684082	25,911666870117	25,251359939575	25,911666870117	45042,1030389931
281	0,380984797711	0,380688171356	1,473424822168	1,372394549645	0,051095768809	0,119704909623	25,428514480591	25,283569335938	25,283569335938	25,718406677246	25,251359939575	25,927772521973	25,251359939575	25,927772521973	45042,2034217477
282	0,380871421029	0,380611910791	1,472994076038	1,372085212761	0,051095768809	0,119704909623	25,412408828735	25,267463684082	25,267463684082	25,718406677246	25,251359939575	25,879457473755	25,23525428772	25,879457473755	45042,3035730208
283	0,380864788903	0,380586130039	1,47295868877	1,372009209384	0,051095768809	0,119704909623	25,39630317688	25,283569335938	25,283569335938	25,734512329102	25,283569335938	25,911666870117	25,267463684082	25,927772521973	45042,4038673843
284	0,380779224031	0,380527988078	1,472625526613	1,371790688534	0,051095768809	0,119704909623	25,460723876953	25,283569335938	25,283569335938	25,718406677246	25,267463684082	25,911666870117	25,267463684082	25,911666870117	45042,5040111921
285	0,380768337967	0,380515061569	1,472594179803	1,371751516013	0,051095768809	0,119704909623	25,428514480591	25,267463684082	25,251359939575	25,718406677246	25,251359939575	25,927772521973	25,251359939575	25,943876266479	45042,6042152778
286	0,380715263862	0,380444081262	1,472393374814	1,371457282358	0,051095768809	0,119704909623	25,444618225098	24,897047042847	24,88094329834	25,718406677246	25,267463684082	25,911666870117	25,267463684082	25,911666870117	45042,7043587731
287	0,380668176785	0,380423380916	1,472245134036	1,371361377165	0,051095768809	0,119704909623	25,412408828735	25,347990036011	25,331884384155	25,718406677246	25,299674987793	25,97608757019	25,299674987793	25,97608757019	45042,8045145833
288	0,380667461342	0,380401445224	1,472244331483	1,371275904276	0,051095768809	0,119704909623	25,476829528809	25,3157787323	25,299674987793	25,750617980957	25,299674987793	25,959981918335	25,299674987793	25,959981918335	45042,9047423611
289	0,380601310644	0,380358818935	1,472006585262	1,371089207764	0,051095768809	0,119704909623	25,460723876953	25,283569335938	25,283569335938	25,750617980957	25,283569335938	25,943876266479	25,267463684082	25,943876266479	45043,0049154398
290	0,38058764926	0,380332947261	1,471980950949	1,370990645277	0,051095768809	0,119704909623	25,444618225098	25,299674987793	25,299674987793	25,718406677246	25,283569335938	25,97608757019	25,283569335938	25,97608757019	45043,1051537269
291	0,380515264163	0,380261922874	1,471700699475	1,370709748944	0,051095768809	0,119704909623	25,460723876953	25,3157787323	25,299674987793	25,750617980957	25,283569335938	25,943876266479	25,283569335938	25,943876266479	45043,205264213
292	0,380550159151	0,380283841611	1,47186928264	1,370785582695	0,051095768809	0,119704909623	25,460723876953	25,283569335938	25,283569335938	25,750617980957	25,267463684082	25,911666870117	25,267463684082	25,911666870117	45043,3056153704
293	0,380453761195	0,380224447988	1,471501542712	1,370551558634	0,051095768809	0,119704909623	25,412408828735	25,267463684082	25,267463684082	25,702302932739	25,251359939575	25,943876266479	25,251359939575	25,943876266479	45043,4057728241
294	0,380488623229	0,380228315302	1,471629186624	1,370580611604	0,051095768809	0,119704909623	25,444618225098	25,23525428772	25,23525428772	25,734512329102	25,23525428772	25,927772521973	25,23525428772	25,927772521973	45043,5060831597
295	0,380411967909	0,380167624026	1,471337040053	1,37032818947	0,051095768809	0,119704909623	25,444618225098	25,267463684082	25,267463684082	25,718406677246	25,251359939575	25,927772521973	25,251359939575	25,927772521973	45043,6061943287
296	0,380417046899	0,380180545452	1,471369814975	1,370363007777	0,051095768809	0,119704909623	25,428514480591	25,267463684082	25,267463684082	25,718406677246	25,267463684082	25,911666870117	25,267463684082	25,911666870117	45043,7063725347
297	0,380377110532	0,380153431443	1,471214289398	1,370257969814	0,051095768809	0,119704909623	25,428514480591	25,3157787323	25,3157787323	25,718406677246	25,3157787323	25,959981918335	25,3157787323	25,959981918335	45043,8064912037
298	0,38040697844	0,380157262515	1,471343821027	1,370251085758	0,051095768809	0,119704909623	25,460723876953	25,331884384155	25,331884384155	25,766721725464	25,331884384155	25,943876266479	25,3157787323	25,943876266479	45043,9067113657
299	0,380365014855	0,380114698955	1,471202637916	1,370067281956	0,051095768809	0,119704909623	25,444618225098	25,3157787323	25,299674987793	25,750617980957	25,299674987793	25,97608757019	25,299674987793	25,97608757019	45044,0069115856
300	0,380352337855	0,380104348041	1,471171742468	1,37003485047	0,051095768809	0,119704909623	25,476829528809	25,3157787323	25,3157787323	25,782827377319	25,3157787323	25,959981918335	25,3157787323	25,959981918335	45044,1072185069
301	0,380286300958	0,38004368241	1,470922690012	1,369785944134	0,051095768809	0,119704909623	25,460723876953	25,3157787323	25,3157787323	25,750617980957	25,299674987793	25,959981918335	25,299674987793	25,959981918335	45044,2074000116
302	0,380260181541	0,380015260997	1,470830636052	1,369658058433	0,051095768809	0,119704909623	25,460723876953	25,3157787323	25,3157787323	25,750617980957	25,299674987793	25,911666870117	25,299674987793	25,911666870117	45044,3075089931
303	0,380229923104	0,379979046039	1,470742678118	1,369511259276	0,051095768809	0,119704909623	25,428514480591	25,283569335938	25,283569335938	25,702302932739	25,23525428772	25,863351821899	25,23525428772	25,863351821899	45044,407686956
304	0,380173353058	0,379935139899	1,470530403657	1,369340950898	0,051095768809	0,119704909623	25,39630317688	25,267463684082	25,251359939575	25,686197280884	25,251359939575	25,943876266479	25,23525428772	25,943876266479	45044,5077562963
305	0,380189125492	0,379963531642	1,470599158155	1,369447313769	0,051095768809	0,119704909623	25,428514480591	25,299674987793	25,299674987793	25,718406677246	25,283569335938	25,927772521973	25,267463684082	25,927772521973	45044,607926956
306	0,380199319254	0,379963568306	1,470610348935	1,369419914462	0,051095768809	0,119704909623	25,444618225098	25,267463684082	25,267463684082	25,718406677246	25,267463684082	25,911666870117	25,267463684082	25,927772521973	45044,7081185995
307	0,380192126782	0,37995713239	1,470581624577	1,369386932986	0,051095768809	0,119704909623	25,428514480591	25,364093780518	25,347990036011	25,702302932739	25,3157787323	25,97608757019	25,3157787323	25,97608757019	45044,8082992477
308	0,380170332177	0,379927399763	1,470509904166	1,369255899233	0,051095768809	0,119704909623	25,476829528809	25,3157787323	25,3157787323	25,766721725464	25,3157787323	25,97608757019	25,299674987793	25,97608757019	45044,9084863426
309	0,380154250813	0,379909283699	1,470484668429	1,369169391496	0,051095768809	0,119704909623	25,460723876953	25,3157787323	25,3157787323	25,766721725464	25,283569335938	25,97608757019	25,283569335938	25,992191314697	45045,0087468171
310	0,380132028401	0,37990024294	1,470414219543	1,369122796533	0,051095768809	0,119704909623	25,460723876953	25,331884384155	25,331884384155	25,782827377319	25,299674987793	25,943876266479	25,299674987793	25,959981918335	45045,1090255903
311	0,380082509939	0,379846002418	1,470242640513	1,368909480459	0,051095768809	0,119704909623	25,460723876953	25,299674987793	25,267463684082	25,734512329102	25,267463684082	25,927772521973	25,267463684082	25,927772521973	45045,2092337963
312	0,380079011673	0,379838213746	1,470252838986	1,368882611039	0,051095768809	0,119704909623	25,428514480591	25,299674987793	25,299674987793	25,734512329102	25,283569335938	25,879457473755	25,283569335938	25,879457473755	45045,3095629745
313	0,380045708916	0,379825397653	1,470144625583	1,368822887998	0,051095768809	0,119704909623	25,364093780518	25,251359939575	25,251359939575	25,702302932739	25,251359939575	25,911666870117	25,251359939575	25,911666870117	45045,4098159259
314	0,38006985372	0,379846011107	1,470220258586	1,368912871629	0,051095768809	0,119704909623	25,412408828735	25,267463684082	25,267463684082	25,734512329102	25,23525428772	25,911666870117	25,23525428772	25,911666870117	45045,5101719444
315	0,380023515511	0,379786626385	1,470033512325	1,368658058721	0,051095768809	0,119704909623	25,412408828735	25,283569335938	25,283569335938	25,702302932739	25,267463684082	25,927772521973	25,251359939575	25,927772521973	45045,6103266667
316	0,380007337612	0,379778836654	1,469972160658	1,368597871903	0,051095768809	0,119704909623	25,412408828735	25,283569335938	25,267463684082	25,718406677246	25,23525428772	25,911666870117	25,23525428772	25,911666870117	45045,7105549537
317	0,37998201176	0,379588999163	1,469886309346	1,367884745583	0,051095768809	0,119704909623	25,428514480591	25,364093780518	25,364093780518	25,718406677246	25,299674987793	25,97608757019	25,299674987793	25,97608757019	45045,8107154282
318	0,379715958883	0,379335710844	1,469008374183	1,366914671795	0,051095768809	0,119704909623	25,476829528809	25,331884384155	25,331884384155	25,750617980957	25,331884384155	25,97608757019	25,3157787323	25,97608757019	45045,9110513889
319	0,379593158013	0,379311257203	1,468567615094	1,366807779782	0,051095768809	0,119704909623	25,460723876953	25,331884384155	25,331884384155	25,766721725464	25,299674987793	26,008296966553	25,299674987793	26,008296966553	45046,0113339005
320	0,379580652837	0,379285444234	1,468522991063	1,366697003829	0,051095768809	0,119704909623	25,476829528809	25,3157787323	25,3157787323	25,750617980957	25,299674987793	25,97608757019	25,299674987793	25,97608757019	45046,111550162
321	0,379537771445	0,379297122262	1,468403963878	1,366723358526	0,051095768809	0,119704909623	25,492933273315	25,3157787323	25,3157787323	25,734512329102	25,299674987793	25,992191314697	25,299674987793	25,992191314697	45046,2118630671
322	0,379502359091	0,379266069305	1,46827266653	1,366588201251	0,051095768809	0,119704909623	25,476829528809	25,331884384155	25,331884384155	25,782827377319	25,3157787323	25,911666870117	25,3157787323	25,911666870117	45046,3121290741
323	0,379453950344	0,379249288194	1,468089651672	1,366527406005	0,051095768809	0,119704909623	25,412408828735	25,299674987793	25,299674987793	25,702302932739	25,251359939575	25,959981918335	25,251359939575	25,959981918335	45046,4122765394
324	0,379467705711	0,379240207806	1,4681442015	1,366483342281	0,051095768809	0,119704909623	25,444618225098	25,283569335938	25,283569335938	25,734512329102	25,267463684082	25,927772521973	25,267463684082	25,927772521973	45046,5124204051
325	0,379479225171	0,379241592138	1,468200853277	1,366465113786	0,051095768809	0,119704909623	25,428514480591	25,299674987793	25,283569335938	25,734512329102	25,267463684082	25,927772521973	25,267463684082	25,927772521973	45046,6126988657
326	0,379451768198	0,379219533103	1,468112170048	1,366371355113	0,051095768809	0,119704909623	25,428514480591	25,267463684082	25,267463684082	25,750617980957	25,267463684082	25,911666870117	25,267463684082	25,911666870117	45046,7130359606
327	0,379426229688	0,379211842133	1,468011448184	1,366325586729	0,051095768809	0,119704909623	25,444618225098	25,347990036011	25,347990036011	25,718406677246	25,331884384155	25,97608757019	25,3157787323	25,97608757019	45046,8132546296
328	0,379425249848	3,1591E-8	1,468012372958	1,00948E-7	0,051095768809	0,119704909623	25,476829528809	25,347990036011	25,347990036011	25,750617980957	25,3157787323	25,476829528809	25,3157787323	25,97608757019	45046,9204837616
329	4,83202360062053E-13	0,219206282119	1,81132634458023E-12	0,768332593778	0,050392959267	0,118719704449	25,3157787323	25,3157787323	25,3157787323	25,331884384155	25,299674987793	25,476829528809	25,267463684082	25,476829528809	45047,1738545949
330	0,385960290112	0,379331934872	1,490485204101	1,366663139086	0,050392959267	0,118719704449	25,331884384155	25,3157787323	25,299674987793	25,782827377319	25,299674987793	26,008296966553	25,299674987793	26,008296966553	45047,2750236227
331	0,379655408806	0,379237682439	1,468900182323	1,366300722189	0,050392959267	0,118719704449	25,460723876953	25,251359939575	25,251359939575	25,702302932739	25,267463684082	25,927772521973	25,267463684082	25,927772521973	45047,3753995949
332	0,37944717143	0,3791769581	1,468133988722	1,366063145924	0,050392959267	0,118719704449	25,412408828735	25,299674987793	25,267463684082	25,734512329102	25,251359939575	25,927772521973	25,251359939575	25,927772521973	45047,4756511227
333	0,379449207343	0,379198871751	1,468173700778	1,366126764679	0,050392959267	0,118719704449	25,444618225098	25,299674987793	25,299674987793	25,734512329102	25,267463684082	25,911666870117	25,267463684082	25,927772521973	45047,5761008912
334	0,37936474038	0,379112376621	1,46784887023	1,365791000946	0,050392959267	0,118719704449	25,428514480591	25,283569335938	25,283569335938	25,718406677246	25,267463684082	25,943876266479	25,267463684082	25,943876266479	45047,6763433449
335	0,379359240473	0,379111139158	1,467837964267	1,365764431356	0,050392959267	0,118719704449	25,444618225098	25,299674987793	25,299674987793	25,734512329102	25,267463684082	26,008296966553	25,267463684082	26,008296966553	45047,7766755556
336	0,379322638846	0,37903358624	1,467700789001	1,365464880113	0,050392959267	0,118719704449	25,525144577026	25,364093780518	25,347990036011	25,815036773682	25,331884384155	25,97608757019	25,331884384155	25,992191314697	45047,8770141088
337	0,379237108263	0,378981897999	1,467397249345	1,365229694974	0,050392959267	0,118719704449	25,476829528809	25,347990036011	25,347990036011	25,766721725464	25,347990036011	25,992191314697	25,347990036011	25,992191314697	45047,977272037
338	0,379194447295	0,378917345977	1,467261366917	1,364984966299	0,050392959267	0,118719704449	25,509038925171	25,331884384155	25,3157787323	25,798933029175	25,3157787323	25,992191314697	25,3157787323	25,992191314697	45048,077591169
339	0,379132708152	0,37890700905	1,467049327343	1,364921709145	0,050392959267	0,118719704449	25,476829528809	25,3157787323	25,3157787323	25,782827377319	25,3157787323	25,97608757019	25,3157787323	25,97608757019	45048,1779072454
340	0,379116769233	0,378901834757	1,466995850041	1,364867650505	0,050392959267	0,118719704449	25,492933273315	25,347990036011	25,347990036011	25,782827377319	25,331884384155	26,008296966553	25,3157787323	26,008296966553	45048,2781530671
341	0,379176100721	0,378928952159	1,467256289098	1,364984520206	0,050392959267	0,118719704449	25,525144577026	25,283569335938	25,267463684082	25,718406677246	25,283569335938	25,943876266479	25,283569335938	25,943876266479	45048,378657419
342	0,379110211602	0,378881196932	1,467004713104	1,364821037581	0,050392959267	0,118719704449	25,444618225098	25,299674987793	25,299674987793	25,702302932739	25,3157787323	25,831142425537	25,122518539429	25,847246170044	45048,4790386921
343	0,379070458279	0,37872226447	1,466906092143	1,364150302015	0,050392959267	0,118719704449	25,460723876953	25,15472984314	25,15472984314	25,653984069824	25,15472984314	25,831142425537	25,15472984314	25,831142425537	45048,579464838
344	0,378924014776	0,378662917048	1,466398438813	1,36391738119	0,050392959267	0,118719704449	25,331884384155	25,203044891357	25,186939239502	25,653984069824	25,203044891357	25,879457473755	25,203044891357	25,879457473755	45048,6799510532
345	0,378839604398	0,378606081218	1,466097445831	1,363690577948	0,050392959267	0,118719704449	25,331884384155	25,186939239502	25,170833587646	25,605669021606	25,138624191284	25,879457473755	25,138624191284	25,879457473755	45048,7802890972
346	0,378801272147	0,378575107309	1,465954656875	1,363548503544	0,050392959267	0,118719704449	25,380199432373	25,186939239502	25,186939239502	25,637878417969	25,15472984314	26,008296966553	25,15472984314	26,024402618408	45048,8805592593
347	0,378844115421	0,378612541082	1,466107614277	1,363702069724	0,050392959267	0,118719704449	25,509038925171	25,331884384155	25,331884384155	25,782827377319	25,3157787323	25,97608757019	25,299674987793	25,97608757019	45048,9808767477
348	0,378816860075	0,37853504708	1,466008324381	1,363384407339	0,050392959267	0,118719704449	25,492933273315	25,299674987793	25,299674987793	25,750617980957	25,299674987793	25,97608757019	25,299674987793	25,97608757019	45049,0812280671
349	0,378762575947	0,37849626246	1,465812126324	1,363239950199	0,050392959267	0,118719704449	25,476829528809	25,3157787323	25,299674987793	25,750617980957	25,283569335938	25,959981918335	25,283569335938	25,959981918335	45049,1815889815
350	0,378721994427	0,378482066909	1,465677074604	1,363169183618	0,050392959267	0,118719704449	25,476829528809	25,299674987793	25,299674987793	25,766721725464	25,283569335938	25,992191314697	25,283569335938	25,992191314697	45049,2819547338
351	0,378724175026	0,378493668214	1,465683425561	1,363210244737	0,050392959267	0,118719704449	25,492933273315	25,267463684082	25,267463684082	25,750617980957	25,267463684082	25,959981918335	25,267463684082	25,959981918335	45049,3823638773
352	0,37868601777	0,378433037552	1,465542286759	1,36298151184	0,050392959267	0,118719704449	25,428514480591	25,251359939575	25,15472984314	25,734512329102	25,299674987793	25,943876266479	25,283569335938	25,943876266479	45049,4827272338
353	0,37869187582	0,378454953745	1,465589202523	1,363058529166	0,050392959267	0,118719704449	25,444618225098	25,283569335938	25,283569335938	25,734512329102	25,283569335938	25,959981918335	25,283569335938	25,959981918335	45049,5833028241
354	0,378646989973	0,378395513074	1,465435902462	1,362795313256	0,050392959267	0,118719704449	25,444618225098	25,347990036011	25,347990036011	25,718406677246	25,3157787323	25,959981918335	25,3157787323	25,959981918335	45049,6837214352
355	0,378601075211	0,378369606433	1,4652712425	1,362668779111	0,050392959267	0,118719704449	25,460723876953	25,3157787323	25,3157787323	25,766721725464	25,283569335938	26,040506362915	25,283569335938	26,056612014771	45049,7841140162
356	0,378580612803	0,378334777717	1,465178907757	1,362526811285	0,050392959267	0,118719704449	25,557353973389	25,364093780518	25,364093780518	25,831142425537	25,364093780518	26,040506362915	25,364093780518	26,040506362915	45049,8844069213
357	0,378592619657	0,378337365815	1,46526976616	1,362521809336	0,050392959267	0,118719704449	25,557353973389	25,380199432373	25,364093780518	25,831142425537	25,364093780518	26,040506362915	25,364093780518	26,040506362915	45049,9849462963
358	0,378538988793	0,378292174952	1,465079559128	1,362322206797	0,050392959267	0,118719704449	25,525144577026	25,364093780518	25,364093780518	25,815036773682	25,347990036011	26,040506362915	25,347990036011	26,040506362915	45050,0853974537
359	0,378454162052	0,378190083192	1,46475805276	1,361923974421	0,050392959267	0,118719704449	25,509038925171	25,364093780518	25,347990036011	25,782827377319	25,331884384155	25,992191314697	25,331884384155	25,992191314697	45050,1857467361
360	0,378427574666	0,378194017055	1,464700099689	1,36193854054	0,050392959267	0,118719704449	25,476829528809	25,380199432373	25,380199432373	25,815036773682	25,347990036011	26,024402618408	25,347990036011	26,024402618408	45050,286204456
361	0,378400625314	0,378168113381	1,464597313238	1,361831877779	0,050392959267	0,118719704449	25,541248321533	25,331884384155	25,331884384155	25,766721725464	25,3157787323	26,008296966553	25,3157787323	26,008296966553	45050,3866600231
362	0,378374338252	0,3779098769	1,464498077538	1,360903118842	0,050392959267	0,118719704449	25,492933273315	25,347990036011	25,347990036011	25,782827377319	25,299674987793	26,008296966553	25,299674987793	26,008296966553	45050,4870035185
363	0,377726722902	0,377425471411	1,462212832062	1,359096744485	0,050392959267	0,118719704449	25,476829528809	25,347990036011	25,331884384155	25,815036773682	25,331884384155	25,992191314697	25,3157787323	26,008296966553	45050,5875522454
364	0,377732845628	0,377230470012	1,462230675444	1,358320435608	0,050392959267	0,118719704449	25,492933273315	25,364093780518	25,347990036011	25,798933029175	25,347990036011	26,040506362915	25,347990036011	26,040506362915	45050,6881070833
365	0,377587061636	0,377235646847	1,461682833086	1,358344206169	0,050392959267	0,118719704449	25,509038925171	25,364093780518	25,364093780518	25,831142425537	25,380199432373	26,104927062988	25,364093780518	26,104927062988	45050,7886246412
366	0,377490993079	0,37715684502	1,46132154435	1,358009861446	0,050392959267	0,118719704449	25,573459625244	25,412408828735	25,412408828735	25,847246170044	25,39630317688	26,056612014771	25,380199432373	26,056612014771	45050,8890176389
367	0,377375207828	0,37710904677	1,460918530976	1,357807685014	0,050392959267	0,118719704449	25,541248321533	25,380199432373	25,364093780518	25,831142425537	25,347990036011	26,040506362915	25,347990036011	26,056612014771	45050,9893275694
368	0,377343064367	0,377079366702	1,460811081677	1,357652859152	0,050392959267	0,118719704449	25,557353973389	25,412408828735	25,412408828735	25,847246170044	25,347990036011	26,040506362915	25,347990036011	26,056612014771	45051,0897105787
369	0,377315157483	0,377059959133	1,460739412869	1,357576101707	0,050392959267	0,118719704449	25,541248321533	25,412408828735	25,39630317688	25,815036773682	25,364093780518	26,056612014771	25,364093780518	26,056612014771	45051,190191956
370	0,37730036219	0,377050843139	1,460706354162	1,357533812563	0,050392959267	0,118719704449	25,589563369751	25,380199432373	25,380199432373	25,847246170044	25,364093780518	26,056612014771	25,364093780518	26,056612014771	45051,2908068634
371	0,377231037753	0,37700182014	1,460419853467	1,35735128355	0,050392959267	0,118719704449	25,525144577026	25,331884384155	25,331884384155	25,815036773682	25,347990036011	26,024402618408	25,331884384155	26,024402618408	45051,3912253704
372	0,377232089814	0,377030230106	1,460428226051	1,357441362139	0,050392959267	0,118719704449	25,509038925171	25,380199432373	25,380199432373	25,815036773682	25,364093780518	26,056612014771	25,347990036011	26,056612014771	45051,4916391667
373	0,377236411203	0,377013503251	1,460411132913	1,357380291488	0,050392959267	0,118719704449	25,541248321533	25,380199432373	25,380199432373	25,815036773682	25,39630317688	26,056612014771	25,39630317688	26,072717666626	45051,5919653704
374	0,377232516766	0,377001869731	1,460397059913	1,35731645544	0,050392959267	0,118719704449	25,557353973389	25,412408828735	25,412408828735	25,847246170044	25,39630317688	26,072717666626	25,380199432373	26,072717666626	45051,692317581
375	0,377221016175	0,376979875334	1,460359790884	1,357217005311	0,050392959267	0,118719704449	25,573459625244	25,428514480591	25,412408828735	25,847246170044	25,460723876953	26,104927062988	25,460723876953	26,121032714844	45051,7926994907
376	0,377249076094	0,376994026168	1,460532740469	1,357242414641	0,050392959267	0,118719704449	25,605669021606	25,444618225098	25,444618225098	25,879457473755	25,412408828735	26,137136459351	25,412408828735	26,137136459351	45051,8933503125
377	0,377192693274	0,376956600665	1,460318801189	1,357082455988	0,050392959267	0,118719704449	25,605669021606	25,428514480591	25,428514480591	25,911666870117	25,412408828735	26,104927062988	25,412408828735	26,104927062988	45051,9938690162
378	0,377194767262	0,37695663203	1,460340754571	1,357060673258	0,050392959267	0,118719704449	25,605669021606	25,428514480591	25,428514480591	25,895561218262	25,428514480591	26,088821411133	25,428514480591	26,088821411133	45052,0945547917
379	0,377119633493	6,3804E-8	1,460047681232	2,04341E-7	0,050392959267	0,118719704449	25,605669021606	25,444618225098	25,444618225098	25,879457473755	25,428514480591	25,605669021606	25,428514480591	26,121032714844	45052,2020410532
380	7,62951094834821E-13	0,219103927783	2,86069018460263E-12	0,767820731493	0,055000443012	0,12321382761	25,347990036011	25,347990036011	25,331884384155	25,347990036011	25,380199432373	25,557353973389	25,331884384155	25,573459625244	45052,4547935532
381	0,38416063974	0,377061287091	1,484344229822	1,357426039106	0,055000443012	0,12321382761	25,412408828735	25,412408828735	25,380199432373	25,863351821899	25,364093780518	26,072717666626	25,364093780518	26,072717666626	45052,5563677778
382	0,377408895379	0,376898410386	1,461083994168	1,356792807375	0,055000443012	0,12321382761	25,589563369751	25,39630317688	25,39630317688	25,831142425537	25,364093780518	26,072717666626	25,364093780518	26,088821411133	45052,6568737384
383	0,377187078468	0,376871400009	1,460283739414	1,356670019324	0,055000443012	0,12321382761	25,573459625244	25,39630317688	25,39630317688	25,863351821899	25,364093780518	26,121032714844	25,331884384155	26,121032714844	45052,7574791319
384	0,377125095703	0,37683911637	1,460075226991	1,356523276848	0,055000443012	0,12321382761	25,653984069824	25,444618225098	25,428514480591	25,911666870117	25,428514480591	26,121032714844	25,412408828735	26,121032714844	45052,8581462963
385	0,377083051398	0,376837753015	1,459975601171	1,356501936257	0,055000443012	0,12321382761	25,637878417969	25,444618225098	25,428514480591	25,895561218262	25,412408828735	26,104927062988	25,39630317688	26,104927062988	45052,9589582639
386	0,377008844584	0,376755110791	1,459688949338	1,356155440546	0,055000443012	0,12321382761	25,605669021606	25,444618225098	25,444618225098	25,911666870117	25,428514480591	26,104927062988	25,412408828735	26,104927062988	45053,0595633681
387	0,376935795174	0,376695768244	1,459411863397	1,355916932133	0,055000443012	0,12321382761	25,605669021606	25,444618225098	25,444618225098	25,911666870117	25,428514480591	26,121032714844	25,428514480591	26,121032714844	45053,1600428241
388	0,376934032049	0,376678921646	1,459444607537	1,355835381018	0,055000443012	0,12321382761	25,589563369751	25,444618225098	25,444618225098	25,927772521973	25,428514480591	26,137136459351	25,412408828735	26,137136459351	45053,2606335069
389	0,376890945159	0,376645265756	1,459280418339	1,355679151852	0,055000443012	0,12321382761	25,621774673462	25,364093780518	25,347990036011	25,879457473755	25,364093780518	26,072717666626	25,347990036011	26,072717666626	45053,3612440625
390	0,37683152907	0,376596159254	1,459063650562	1,355501391603	0,055000443012	0,12321382761	25,557353973389	25,412408828735	25,39630317688	25,863351821899	25,380199432373	26,056612014771	25,364093780518	26,072717666626	45053,4617032523
391	0,376838374088	0,376597576863	1,459105765186	1,355489593261	0,055000443012	0,12321382761	25,557353973389	25,39630317688	25,39630317688	25,895561218262	25,39630317688	26,072717666626	25,380199432373	26,072717666626	45053,562315706
392	0,376789309602	0,376560141182	1,458950382311	1,355321890762	0,055000443012	0,12321382761	25,557353973389	25,444618225098	25,39630317688	25,879457473755	25,412408828735	26,088821411133	25,380199432373	26,121032714844	45053,6629599653
393	0,376787120639	0,376532926717	1,458944102095	1,355217501255	0,055000443012	0,12321382761	25,605669021606	25,444618225098	25,412408828735	25,911666870117	25,428514480591	26,185451507568	25,380199432373	26,185451507568	45053,7636734491
394	0,376769326965	0,376511053969	1,458913306584	1,355077878014	0,055000443012	0,12321382761	25,670091629028	25,492933273315	25,460723876953	25,97608757019	25,476829528809	26,169347763062	25,460723876953	26,169347763062	45053,8643717014
395	0,376699064032	0,376482601827	1,458650014463	1,354950303153	0,055000443012	0,12321382761	25,653984069824	25,460723876953	25,460723876953	25,943876266479	25,460723876953	26,153242111206	25,460723876953	26,153242111206	45053,9649119676
396	0,376706971731	0,376442531846	1,458715054029	1,354798816938	0,055000443012	0,12321382761	25,637878417969	25,444618225098	25,428514480591	25,943876266479	25,476829528809	26,137136459351	25,460723876953	26,169347763062	45054,0655715741
397	0,376662777382	0,376437395491	1,458571232261	1,354764319049	0,055000443012	0,12321382761	25,621774673462	25,444618225098	25,444618225098	25,943876266479	25,460723876953	26,137136459351	25,444618225098	26,137136459351	45054,1662578241
398	0,376651400304	0,376376657589	1,458553205423	1,354500551324	0,055000443012	0,12321382761	25,589563369751	25,460723876953	25,444618225098	25,927772521973	25,444618225098	26,137136459351	25,428514480591	26,153242111206	45054,2669586574
399	0,376601550296	0,376365040601	1,458375637389	1,354446800607	0,055000443012	0,12321382761	25,605669021606	25,39630317688	25,364093780518	25,895561218262	25,39630317688	26,104927062988	25,380199432373	26,104927062988	45054,3677130903
400	0,376551989504	0,376325011735	1,458192572557	1,354293091419	0,055000443012	0,12321382761	25,573459625244	25,412408828735	25,380199432373	25,863351821899	25,347990036011	26,040506362915	25,347990036011	26,072717666626	45054,4683532523
401	0,376598756834	0,376330161444	1,458388957126	1,354314028721	0,055000443012	0,12321382761	25,589563369751	25,412408828735	25,412408828735	25,879457473755	25,444618225098	26,121032714844	25,364093780518	26,121032714844	45054,5692013194
402	0,060780211718		0,216440130479		0,055000443012	0,12321382761	25,589563369751	25,637878417969	25,525144577026	25,637878417969					45054,5816053472
