TesterID:	Maccor#2														
Channel Number:	54														
TestName:	KAI_Zelltest_regulaer_fix_no_degass_flag.000														
TestDesc:	Regular cycling: formation, followed by pulse, C-rate quick charge and cycling t														
StartDateTime:	45007,4417798727														
Comment:															
															
									Charge			Discharge			
Cycle	AH-IN	AH-OUT	WH-IN	WH-OUT	ACR	DCIR	T1_Start	T1_End	T1_Min	T1_Max	T1_Start	T1_End	T1_Min	T1_Max	Date
0		2,78062E-7		7,0512E-8	0	0					24,052160263062	24,068225860596	24,052160263062	24,068225860596	45007,6085655556
1	0,516281323243	0,440482327808	1,92474887645	1,61436890779	0	0	24,052160263062	24,164617538452	24,036094665527	24,5823097229	24,132486343384	24,244941711426	24,068225860596	24,26100730896	45008,0442482176
2	0,444346989904	0,441853558919	1,670015126444	1,620241853451	0	0	24,132486343384	24,164617538452	24,068225860596	24,196746826172	24,148551940918	24,244941711426	24,036094665527	24,244941711426	45008,4551975
3	0,457720667791	3,60503E-7	1,724680940469	1,159156E-6	0	0	24,132486343384	24,148551940918	24,068225860596	24,196746826172	24,164617538452	24,164617538452	24,116422653198	24,325267791748	45008,9406050231
4	1,20800590015513E-13	3,58585E-7	4,53388456428665E-13	1,164453E-6	0,047636352479	0,131526619196	24,196746826172	24,196746826172	24,196746826172	24,196746826172	24,196746826172	24,277072906494	24,164617538452	24,453788757324	45009,2430462269
5	0,44839380465	0,44689695649	1,698284101415	1,639839338984	0,047636352479	0,131526619196	24,277072906494	24,212812423706	24,196746826172	24,325267791748	24,180681228638	24,148551940918	23,875444412231	24,244941711426	45009,5073422801
6	0,44689075467	0,445749376341	1,692145800475	1,635802175684	0,047636352479	0,131526619196	23,971836090088	23,923641204834	23,9075756073	24,020030975342	23,93970489502	24,244941711426	23,9075756073	24,26100730896	45009,7772874537
7	0,445804828367	0,444877041802	1,687648369307	1,632744355821	0,047636352479	0,131526619196	24,100357055664	24,003965377808	23,987899780273	24,100357055664	24,003965377808	24,196746826172	23,987899780273	24,212812423706	45010,0463204051
8	0,444904399171	0,42252694439	1,683953752901	1,522891774911	0,047636352479	0,131526619196	24,068225860596	23,971836090088	23,971836090088	24,100357055664	23,971836090088	24,710830688477	23,971836090088	24,710830688477	45010,2331165972
9	0,422855280787	0,421615079232	1,607494493812	1,519931678208	0,047636352479	0,131526619196	24,180681228638	23,891510009766	23,891510009766	24,180681228638	23,9075756073	24,646570205688	23,9075756073	24,646570205688	45010,4136646644
10	0,421871847009	0,42095251237	1,603619339912	1,517785712718	0,047636352479	0,131526619196	24,116422653198	23,923641204834	23,891510009766	24,132486343384	23,9075756073	24,630504608154	23,9075756073	24,630504608154	45010,5935415394
11	0,421218388007	0,361370162939	1,601019678103	1,2718081396	0,047636352479	0,131526619196	24,116422653198	23,93970489502	23,9075756073	24,116422653198	23,923641204834	25,851453781128	23,923641204834	25,851453781128	45010,7516180093
12	0,361727344692	0,361773101147	1,39046794317	1,273498753307	0,047636352479	0,131526619196	24,61443901062	23,955770492554	23,955770492554	24,61443901062	23,955770492554	25,899648666382	23,955770492554	25,899648666382	45010,8935986806
13	0,362067480177	0,361395957256	1,39140671335	1,272291989838	0,047636352479	0,131526619196	24,485919952393	23,971836090088	23,93970489502	24,485919952393	23,971836090088	25,883583068848	23,971836090088	25,883583068848	45011,0356420139
14	0,361585182223	0,437469610937	1,38939980114	1,606698219438	0,047636352479	0,131526619196	24,469854354858	23,93970489502	23,923641204834	24,469854354858	23,923641204834	24,148551940918	23,9075756073	24,148551940918	45011,3203832407
15	0,437314531372	0,437987493874	1,654768248662	1,608624823312	0,047636352479	0,131526619196	24,003965377808	23,827249526978	23,811183929443	24,003965377808	23,827249526978	24,068225860596	23,811183929443	24,068225860596	45011,5841191204
16	0,437888017588	3,27219E-7	1,656621979255	1,038198E-6	0,047636352479	0,131526619196	23,93970489502	23,859378814697	23,843313217163	23,971836090088	23,843313217163	23,971836090088	23,811183929443	24,116422653198	45011,8551475232
17	0,382159411062	0,382918826248	1,454030664992	1,385412342601	0,047636352479	0,131526619196	23,971836090088	24,389528274536	23,923641204834	24,421657562256	24,052160263062	24,100357055664	23,891510009766	24,100357055664	45011,9994476968
18	0,381923011088	0,382314432291	1,452650115262	1,383050550145	0,047636352479	0,131526619196	23,955770492554	24,389528274536	23,9075756073	24,389528274536	24,068225860596	24,08429145813	23,891510009766	24,100357055664	45012,1504472685
19	0,381684059258	0,381948472204	1,451472056706	1,381646156746	0,047636352479	0,131526619196	23,955770492554	24,389528274536	23,923641204834	24,40559387207	24,08429145813	24,132486343384	23,843313217163	24,132486343384	45012,3013228588
20	0,35495048008	0,345614910118	1,378258658322	1,242320720463	0,047636352479	0,131526619196	24,003965377808	25,192785263062	23,987899780273	25,208848953247	24,43772315979	24,003965377808	23,762989044189	24,43772315979	45012,424125463
21	0,34470230249	0,334979320241	1,33805791067	1,204823427872	0,047636352479	0,131526619196	23,9075756073	25,112459182739	23,891510009766	25,144588470459	24,341333389282	23,987899780273	23,811183929443	24,341333389282	45012,5436076736
22	0,334076966597	3,23203E-7	1,297154242522	9,85625E-7	0,047636352479	0,131526619196	23,891510009766	25,080327987671	23,875444412231	25,096393585205	24,293138504028	23,859378814697	23,779054641724	24,293138504028	45012,6672564468
23	8,26530352737723E-14	0,234746072629	3,09332711128777E-13	0,823708639064	0,047027312219	0,113356135786	23,843313217163	23,859378814697	23,843313217163	23,859378814697	23,827249526978	24,003965377808	23,811183929443	24,020030975342	45012,9366413542
24	0,410182672958	0,403143326495	1,58211883802	1,455158125676	0,047027312219	0,113356135786	23,891510009766	23,875444412231	23,859378814697	24,341333389282	23,859378814697	24,534114837646	23,843313217163	24,534114837646	45013,0431706944
25	0,403313295766	0,402361927458	1,55834361835	1,452523393683	0,047027312219	0,113356135786	24,052160263062	23,875444412231	23,859378814697	24,325267791748	23,843313217163	24,550178527832	23,843313217163	24,550178527832	45013,1486978819
26	0,402482062098	0,401703162	1,555152705404	1,450251620703	0,047027312219	0,113356135786	24,068225860596	23,875444412231	23,875444412231	24,341333389282	23,843313217163	24,550178527832	23,843313217163	24,550178527832	45013,2539928588
27	0,40177273819	0,401081871851	1,552442872802	1,448082404346	0,047027312219	0,113356135786	24,068225860596	23,762989044189	23,746925354004	24,325267791748	23,746925354004	24,469854354858	23,73085975647	24,469854354858	45013,3591564468
28	0,401145964579	0,400556232668	1,550078845742	1,446285485597	0,047027312219	0,113356135786	23,955770492554	23,795118331909	23,795118331909	24,277072906494	23,762989044189	24,485919952393	23,762989044189	24,485919952393	45013,4640902431
29	0,400649202882	0,40009769461	1,548168592184	1,444689325296	0,047027312219	0,113356135786	23,971836090088	23,827249526978	23,827249526978	24,26100730896	23,811183929443	24,518049240112	23,811183929443	24,534114837646	45013,5689942824
30	0,400125863959	0,399591397723	1,546144044107	1,442900483078	0,047027312219	0,113356135786	24,003965377808	23,795118331909	23,795118331909	24,293138504028	23,779054641724	24,485919952393	23,779054641724	24,485919952393	45013,6737015394
31	0,399575331196	0,399078642031	1,544057236572	1,441061477833	0,047027312219	0,113356135786	23,955770492554	23,795118331909	23,795118331909	24,26100730896	23,795118331909	24,566244125366	23,795118331909	24,5823097229	45013,7780922685
32	0,399166308881	0,398691076441	1,54248695904	1,439709316872	0,047027312219	0,113356135786	24,068225860596	23,859378814697	23,859378814697	24,341333389282	23,843313217163	24,534114837646	23,827249526978	24,534114837646	45013,8825515162
33	0,398688977532	0,398241547562	1,540692713563	1,438120677986	0,047027312219	0,113356135786	24,036094665527	23,843313217163	23,843313217163	24,341333389282	23,811183929443	24,518049240112	23,811183929443	24,518049240112	45013,9868811806
34	0,398256238875	0,397820556872	1,539052534864	1,436619127177	0,047027312219	0,113356135786	24,003965377808	23,859378814697	23,859378814697	24,325267791748	23,827249526978	24,534114837646	23,827249526978	24,534114837646	45014,0910745602
35	0,397818360642	0,397421413074	1,537353352508	1,435231336565	0,047027312219	0,113356135786	24,020030975342	23,843313217163	23,843313217163	24,325267791748	23,827249526978	24,518049240112	23,827249526978	24,518049240112	45014,1951028009
36	0,397414153487	0,397033922082	1,535813103976	1,433859554684	0,047027312219	0,113356135786	24,020030975342	23,875444412231	23,875444412231	24,325267791748	23,843313217163	24,40559387207	23,843313217163	24,40559387207	45014,2990153472
37	0,396994944937	0,396636092045	1,534205570475	1,43245474914	0,047027312219	0,113356135786	23,891510009766	23,779054641724	23,762989044189	24,212812423706	23,762989044189	24,469854354858	23,762989044189	24,469854354858	45014,4027453356
38	0,396648619582	0,39632484	1,532856453577	1,431415592247	0,047027312219	0,113356135786	23,955770492554	23,779054641724	23,779054641724	24,277072906494	23,779054641724	24,485919952393	23,762989044189	24,485919952393	45014,5064399769
39	0,396339007603	0,396041930105	1,531602424954	1,430513898894	0,047027312219	0,113356135786	24,003965377808	23,859378814697	23,859378814697	24,309204101562	23,843313217163	24,518049240112	23,843313217163	24,518049240112	45014,610023588
40	0,396038930767	0,395743588676	1,530410982674	1,429461326533	0,047027312219	0,113356135786	24,003965377808	23,843313217163	23,843313217163	24,309204101562	23,827249526978	24,485919952393	23,811183929443	24,485919952393	45014,7134853009
41	0,395691523289	0,39540904204	1,529050310861	1,428277736633	0,047027312219	0,113356135786	23,987899780273	23,93970489502	23,923641204834	24,325267791748	23,9075756073	24,550178527832	23,9075756073	24,550178527832	45014,8167591898
42	0,395401409483	0,395141643999	1,527926191701	1,427358694555	0,047027312219	0,113356135786	24,052160263062	23,923641204834	23,923641204834	24,341333389282	23,9075756073	24,550178527832	23,891510009766	24,550178527832	45014,9199993634
43	0,395144004377	0,39489368214	1,526938923679	1,426509058572	0,047027312219	0,113356135786	24,068225860596	23,9075756073	23,9075756073	24,357397079468	23,9075756073	24,566244125366	23,9075756073	24,566244125366	45015,0232998148
44	0,39486663648	0,394627560561	1,525849998952	1,425580994543	0,047027312219	0,113356135786	24,052160263062	23,923641204834	23,923641204834	24,341333389282	23,875444412231	24,550178527832	23,875444412231	24,550178527832	45015,1264563542
45	0,394590307289	0,394370628091	1,524758810409	1,424696513362	0,047027312219	0,113356135786	24,052160263062	23,93970489502	23,923641204834	24,357397079468	23,875444412231	24,5823097229	23,875444412231	24,5823097229	45015,2295045486
46	0,394355817444	0,394126406809	1,523830551964	1,423845776337	0,047027312219	0,113356135786	24,100357055664	23,93970489502	23,93970489502	24,389528274536	23,762989044189	24,453788757324	23,762989044189	24,453788757324	45015,332467419
47	0,394041383566	0,3938216123	1,522635291019	1,422756208012	0,047027312219	0,113356135786	23,971836090088	23,827249526978	23,827249526978	24,293138504028	23,795118331909	24,501985549927	23,795118331909	24,501985549927	45015,4352959144
48	0,393819270639	0,393642056635	1,521764719618	1,422190379676	0,047027312219	0,113356135786	24,003965377808	23,875444412231	23,875444412231	24,325267791748	23,859378814697	24,518049240112	23,843313217163	24,518049240112	45015,5380837963
49	0,393602309803	0,393418609241	1,520856057819	1,421441419201	0,047027312219	0,113356135786	24,036094665527	23,9075756073	23,9075756073	24,357397079468	23,859378814697	24,566244125366	23,859378814697	24,566244125366	45015,6407157755
50	0,393402849713	0,393200332113	1,520024203797	1,420666177217	0,047027312219	0,113356135786	24,052160263062	23,891510009766	23,891510009766	24,341333389282	23,93970489502	24,550178527832	23,93970489502	24,550178527832	45015,7432451968
51	0,393213512416	0,393016909134	1,519314042886	1,420031653091	0,047027312219	0,113356135786	24,036094665527	23,955770492554	23,955770492554	24,421657562256	23,923641204834	24,61443901062	23,923641204834	24,61443901062	45015,8459311921
52	0,392926509339	0,392731501847	1,518197398626	1,418984403264	0,047027312219	0,113356135786	24,116422653198	23,93970489502	23,93970489502	24,389528274536	23,891510009766	24,598375320435	23,891510009766	24,598375320435	45015,9483303704
53	0,392730724157	0,392551923716	1,517460988979	1,418375935286	0,047027312219	0,113356135786	24,100357055664	23,955770492554	23,93970489502	24,40559387207	23,9075756073	24,598375320435	23,9075756073	24,598375320435	45016,0508201157
54	0,392512657695	0,392337485713	1,516615786163	1,417633911763	0,047027312219	0,113356135786	24,116422653198	23,93970489502	23,93970489502	24,373462677002	23,923641204834	24,5823097229	23,923641204834	24,5823097229	45016,1532655903
55	0,392285119783	0,392124394323	1,515726096463	1,416888299912	0,047027312219	0,113356135786	24,08429145813	23,93970489502	23,93970489502	24,373462677002	23,9075756073	24,61443901062	23,9075756073	24,61443901062	45016,2556308333
56	0,392052255598	0,391873851568	1,51481437266	1,415987337992	0,047027312219	0,113356135786	24,116422653198	23,827249526978	23,811183929443	24,373462677002	23,827249526978	24,485919952393	23,827249526978	24,485919952393	45016,3578385648
57	0,391821534253	0,391677427902	1,513954881818	1,415292012634	0,047027312219	0,113356135786	24,003965377808	23,859378814697	23,859378814697	24,277072906494	23,875444412231	24,518049240112	23,875444412231	24,518049240112	45016,4599665857
58	0,391632262144	0,391464382073	1,51319184737	1,414570349908	0,047027312219	0,113356135786	24,068225860596	23,795118331909	23,779054641724	24,309204101562	23,762989044189	24,5823097229	23,762989044189	24,5823097229	45016,5620908912
59	0,391444728385	0,391329984003	1,512489025139	1,414130458178	0,047027312219	0,113356135786	24,068225860596	23,9075756073	23,9075756073	24,341333389282	23,891510009766	24,550178527832	23,891510009766	24,550178527832	45016,6641635301
60	0,391273695185	0,391122103564	1,51177451993	1,413380115391	0,047027312219	0,113356135786	24,068225860596	23,891510009766	23,875444412231	24,325267791748	23,859378814697	24,630504608154	23,859378814697	24,630504608154	45016,7661311574
61	0,391058617519	0,390914124158	1,510958749144	1,412638159576	0,047027312219	0,113356135786	24,100357055664	23,923641204834	23,923641204834	24,389528274536	23,9075756073	24,550178527832	23,891510009766	24,550178527832	45016,8680094329
62	0,390893698586	0,390752737323	1,510349013944	1,41205435817	0,047027312219	0,113356135786	24,068225860596	23,923641204834	23,9075756073	24,373462677002	23,9075756073	24,566244125366	23,891510009766	24,566244125366	45016,9699459375
63	0,390662046459	0,390524053331	1,509435152317	1,411226795182	0,047027312219	0,113356135786	24,052160263062	23,9075756073	23,9075756073	24,373462677002	23,875444412231	24,550178527832	23,875444412231	24,550178527832	45017,0716983218
64	0,390469792997	0,390341896638	1,508702570135	1,410588425311	0,047027312219	0,113356135786	24,068225860596	23,9075756073	23,9075756073	24,373462677002	23,875444412231	24,550178527832	23,875444412231	24,550178527832	45017,1734181482
65	0,390299699788	0,390164917204	1,50805455172	1,409963037102	0,047027312219	0,113356135786	24,036094665527	23,923641204834	23,9075756073	24,357397079468	23,875444412231	24,550178527832	23,875444412231	24,550178527832	45017,2751679977
66	0,390076090371	0,389935041524	1,5071924691	1,409108093623	0,047027312219	0,113356135786	24,068225860596	23,827249526978	23,827249526978	24,244941711426	23,811183929443	24,485919952393	23,811183929443	24,485919952393	45017,3767507292
67	0,38990552407	0,389816328028	1,506564256755	1,408719300138	0,047027312219	0,113356135786	24,020030975342	23,891510009766	23,875444412231	24,293138504028	23,843313217163	24,518049240112	23,843313217163	24,518049240112	45017,4783453241
68	0,389761699957	0,389658649987	1,505952718862	1,408190622911	0,047027312219	0,113356135786	24,020030975342	23,9075756073	23,9075756073	24,341333389282	23,875444412231	24,550178527832	23,859378814697	24,566244125366	45017,5798202431
69	0,389630803184	0,389516687464	1,505442010788	1,407689735885	0,047027312219	0,113356135786	24,068225860596	23,891510009766	23,891510009766	24,341333389282	23,859378814697	24,550178527832	23,859378814697	24,550178527832	45017,681389213
70	0,389444138807	0,389328049503	1,504717862855	1,407011023734	0,047027312219	0,113356135786	24,052160263062	23,891510009766	23,891510009766	24,293138504028	23,875444412231	24,61443901062	23,859378814697	24,61443901062	45017,7828325116
71	0,389247108718	0,38913937636	1,503957642919	1,406331218493	0,047027312219	0,113356135786	24,100357055664	23,923641204834	23,923641204834	24,389528274536	23,891510009766	24,598375320435	23,891510009766	24,598375320435	45017,8841508333
72	0,389114334328	0,389003784479	1,503475841623	1,405873228387	0,047027312219	0,113356135786	24,08429145813	23,93970489502	23,93970489502	24,373462677002	23,93970489502	24,566244125366	23,93970489502	24,566244125366	45017,9856056829
73	0,388949566071	2,98407E-7	1,502848593032	9,50543E-7	0,047027312219	0,113356135786	24,08429145813	23,93970489502	23,93970489502	24,357397079468	23,93970489502	24,08429145813	23,923641204834	24,5823097229	45018,0940416435
74	3,17896289514509E-14	0,221959249761	1,19032478357193E-13	0,778992319108	0,045447271317	0,109852075577	23,875444412231	23,875444412231	23,859378814697	23,875444412231	23,843313217163	23,971836090088	23,746925354004	23,971836090088	45018,3515292361
75	0,394568659182	0,389188464845	1,52211741361	1,406451144222	0,045447271317	0,109852075577	23,843313217163	23,827249526978	23,811183929443	24,244941711426	23,827249526978	24,501985549927	23,827249526978	24,501985549927	45018,4536145255
76	0,389149515359	0,388879868718	1,503512158746	1,405410460658	0,045447271317	0,109852075577	24,003965377808	23,827249526978	23,827249526978	24,293138504028	23,811183929443	24,501985549927	23,811183929443	24,501985549927	45018,5550131829
77	0,388856436186	0,388625345268	1,502377503618	1,404516190621	0,045447271317	0,109852075577	24,036094665527	23,843313217163	23,843313217163	24,309204101562	23,827249526978	24,485919952393	23,827249526978	24,485919952393	45018,656402963
78	0,388563588107	0,388390256511	1,50129480254	1,403670870224	0,045447271317	0,109852075577	23,987899780273	23,795118331909	23,779054641724	24,244941711426	23,795118331909	24,550178527832	23,795118331909	24,550178527832	45018,7577719329
79	0,388288868892	0,38814219123	1,50024675647	1,402790188613	0,045447271317	0,109852075577	24,068225860596	23,875444412231	23,859378814697	24,293138504028	23,859378814697	24,518049240112	23,843313217163	24,518049240112	45018,8589505093
80	0,388084666315	0,387948555726	1,499490350639	1,402103974731	0,045447271317	0,109852075577	24,036094665527	23,859378814697	23,859378814697	24,293138504028	23,843313217163	24,518049240112	23,843313217163	24,518049240112	45018,9600799653
81	0,387887218668	0,387761238305	1,498752687744	1,40144009561	0,045447271317	0,109852075577	24,020030975342	23,859378814697	23,843313217163	24,293138504028	23,843313217163	24,518049240112	23,843313217163	24,518049240112	45019,0611894792
82	0,387691406586	0,387576500718	1,49801184235	1,40077741805	0,045447271317	0,109852075577	24,003965377808	23,859378814697	23,843313217163	24,293138504028	23,843313217163	24,501985549927	23,827249526978	24,501985549927	45019,1622519329
83	0,38749328074	0,387381529838	1,497255094687	1,40008908025	0,045447271317	0,109852075577	23,987899780273	23,859378814697	23,859378814697	24,293138504028	23,827249526978	24,518049240112	23,827249526978	24,518049240112	45019,2632304514
84	0,387300539641	0,387168402628	1,496535838665	1,399294508064	0,045447271317	0,109852075577	24,003965377808	23,746925354004	23,746925354004	24,212812423706	23,746925354004	24,43772315979	23,746925354004	24,43772315979	45019,3641562153
85	0,387108098138	0,387032789131	1,495840279148	1,398842494388	0,045447271317	0,109852075577	23,9075756073	23,779054641724	23,779054641724	24,228876113892	23,73085975647	24,43772315979	23,73085975647	24,43772315979	45019,4650694213
86	0,386964588905	0,38687265142	1,495269492317	1,398259926556	0,045447271317	0,109852075577	23,93970489502	23,779054641724	23,779054641724	24,212812423706	23,746925354004	24,453788757324	23,746925354004	24,453788757324	45019,5659639005
87	0,386785607029	0,386705981151	1,494552673267	1,397676664073	0,045447271317	0,109852075577	24,003965377808	23,811183929443	23,811183929443	24,26100730896	23,779054641724	24,421657562256	23,779054641724	24,421657562256	45019,6666343287
88	0,386633038475	0,386540631211	1,493999024306	1,39707124666	0,045447271317	0,109852075577	23,955770492554	23,779054641724	23,779054641724	24,244941711426	23,746925354004	24,534114837646	23,746925354004	24,534114837646	45019,7673696875
89	0,386452077642	0,386377885054	1,493308178719	1,396477800504	0,045447271317	0,109852075577	24,036094665527	23,811183929443	23,811183929443	24,277072906494	23,811183929443	24,485919952393	23,811183929443	24,485919952393	45019,8679956597
90	0,386302547703	0,38621900494	1,492759122153	1,3959049259	0,045447271317	0,109852075577	23,987899780273	23,811183929443	23,811183929443	24,277072906494	23,811183929443	24,485919952393	23,811183929443	24,485919952393	45019,9686043866
91	0,386142151999	0,386067909468	1,492166475912	1,395349104868	0,045447271317	0,109852075577	24,003965377808	23,827249526978	23,811183929443	24,26100730896	23,795118331909	24,453788757324	23,795118331909	24,453788757324	45020,0692526157
92	0,385963847105	0,385889667141	1,491490735556	1,39470257089	0,045447271317	0,109852075577	23,971836090088	23,811183929443	23,811183929443	24,26100730896	23,795118331909	24,453788757324	23,795118331909	24,453788757324	45020,1697293634
93	0,385798302292	0,385744966048	1,490873251872	1,394190724654	0,045447271317	0,109852075577	23,971836090088	23,811183929443	23,795118331909	24,26100730896	23,779054641724	24,43772315979	23,779054641724	24,453788757324	45020,2701958449
94	0,385673308826	0,385582279444	1,490363313141	1,393569047728	0,045447271317	0,109852075577	23,971836090088	23,714794158936	23,714794158936	24,148551940918	23,698728561401	24,40559387207	23,698728561401	24,40559387207	45020,371783206
95	0,385518899425	0,385478908046	1,4898401828	1,393224325611	0,045447271317	0,109852075577	23,923641204834	23,779054641724	23,762989044189	24,212812423706	23,762989044189	24,421657562256	23,762989044189	24,421657562256	45020,472200081
96	0,385437299557	0,385378145096	1,489508279499	1,392895658024	0,045447271317	0,109852075577	23,93970489502	23,779054641724	23,779054641724	24,212812423706	23,779054641724	24,40559387207	23,779054641724	24,40559387207	45020,5727095833
97	0,385286079182	0,38522960975	1,488925217255	1,392333407314	0,045447271317	0,109852075577	23,923641204834	23,73085975647	23,73085975647	24,196746826172	23,714794158936	24,43772315979	23,714794158936	24,43772315979	45020,6731255903
98	0,385164851204	0,385118524497	1,488489734491	1,391953761802	0,045447271317	0,109852075577	23,955770492554	23,795118331909	23,779054641724	24,228876113892	23,746925354004	24,485919952393	23,746925354004	24,485919952393	45020,7735681366
99	0,385035338189	0,384982898281	1,487983493832	1,391460236616	0,045447271317	0,109852075577	23,987899780273	23,827249526978	23,827249526978	24,26100730896	23,795118331909	24,453788757324	23,795118331909	24,453788757324	45020,8738998611
100	0,38489878806	0,384845986073	1,48747757018	1,390962605148	0,045447271317	0,109852075577	23,971836090088	23,811183929443	23,811183929443	24,228876113892	23,779054641724	24,453788757324	23,762989044189	24,469854354858	45020,9742254514
101	0,384762828607	0,38471423862	1,486975992685	1,390477455254	0,045447271317	0,109852075577	23,955770492554	23,811183929443	23,811183929443	24,244941711426	23,779054641724	24,43772315979	23,779054641724	24,43772315979	45021,0745248148
102	0,384643618554	0,384591588297	1,486533308016	1,390033826908	0,045447271317	0,109852075577	23,93970489502	23,795118331909	23,795118331909	24,228876113892	23,779054641724	24,453788757324	23,779054641724	24,453788757324	45021,1748346181
103	0,38445957134	0,384415907152	1,485823190268	1,389387396982	0,045447271317	0,109852075577	23,9075756073	23,811183929443	23,811183929443	24,228876113892	23,762989044189	24,40559387207	23,762989044189	24,40559387207	45021,274904294
104	0,384362548038	0,384307371214	1,485494561687	1,388986319623	0,045447271317	0,109852075577	23,923641204834	23,714794158936	23,714794158936	24,132486343384	23,714794158936	24,389528274536	23,698728561401	24,389528274536	45021,3751522222
105	0,384210335297	0,384188579516	1,484906393428	1,388570169166	0,045447271317	0,109852075577	23,891510009766	23,779054641724	23,762989044189	24,212812423706	23,746925354004	24,389528274536	23,746925354004	24,389528274536	45021,4752124653
106	0,384145451643	0,384126599278	1,48463911548	1,388382309762	0,045447271317	0,109852075577	23,9075756073	23,779054641724	23,779054641724	24,228876113892	23,762989044189	24,421657562256	23,762989044189	24,421657562256	45021,5753750694
107	0,384039886165	0,383996072756	1,484224605864	1,387895970302	0,045447271317	0,109852075577	23,891510009766	23,762989044189	23,762989044189	24,196746826172	23,746925354004	24,421657562256	23,698728561401	24,421657562256	45021,6754863889
108	0,383904311167	0,383882462344	1,483726379793	1,387473663939	0,045447271317	0,109852075577	23,9075756073	23,762989044189	23,762989044189	24,164617538452	23,73085975647	24,469854354858	23,73085975647	24,469854354858	45021,7756970139
109	0,383805724465	0,383764883528	1,483336995883	1,387054116291	0,045447271317	0,109852075577	23,987899780273	23,779054641724	23,779054641724	24,212812423706	23,746925354004	24,43772315979	23,746925354004	24,43772315979	45021,8757780208
110	0,383691401278	0,383662797706	1,482941679133	1,386691819781	0,045447271317	0,109852075577	23,955770492554	23,779054641724	23,779054641724	24,228876113892	23,762989044189	24,40559387207	23,762989044189	24,421657562256	45021,9759015741
111	0,383538310359	0,383519527993	1,482344344951	1,38616083613	0,045447271317	0,109852075577	23,923641204834	23,762989044189	23,762989044189	24,228876113892	23,746925354004	24,421657562256	23,746925354004	24,421657562256	45022,0758285532
112	0,383431642093	0,383395518982	1,481959579155	1,385710384355	0,045447271317	0,109852075577	23,93970489502	23,762989044189	23,762989044189	24,212812423706	23,746925354004	24,421657562256	23,746925354004	24,421657562256	45022,1757601157
113	0,383299163918	0,383277954788	1,4814580813	1,38528407945	0,045447271317	0,109852075577	23,93970489502	23,762989044189	23,762989044189	24,228876113892	23,762989044189	24,421657562256	23,762989044189	24,421657562256	45022,2756528125
114	0,383179854032	0,383148739272	1,481027194183	1,384796129098	0,045447271317	0,109852075577	23,923641204834	23,682662963867	23,682662963867	24,132486343384	23,666597366333	24,373462677002	23,650533676147	24,389528274536	45022,3755633218
115	0,383073951334	0,383059563217	1,480621032209	1,384504601529	0,045447271317	0,109852075577	23,891510009766	23,762989044189	23,746925354004	24,180681228638	23,73085975647	24,421657562256	23,73085975647	24,421657562256	45022,4753766204
116	0,382981695665	0,382966721397	1,480249457721	1,38416771156	0,045447271317	0,109852075577	23,923641204834	23,762989044189	23,746925354004	24,212812423706	23,746925354004	24,40559387207	23,73085975647	24,421657562256	45022,5751206019
117	0,382911971036	0,382881388918	1,479994470808	1,383872608117	0,045447271317	0,109852075577	23,891510009766	23,779054641724	23,762989044189	24,180681228638	23,73085975647	24,389528274536	23,73085975647	24,389528274536	45022,675002581
118	0,382776069485	0,382766452668	1,479468452822	1,383444583677	0,045447271317	0,109852075577	23,923641204834	23,746925354004	23,746925354004	24,196746826172	23,746925354004	24,469854354858	23,746925354004	24,469854354858	45022,7747557639
119	0,382693411368	0,382661836814	1,479145867854	1,383061107462	0,045447271317	0,109852075577	23,971836090088	23,795118331909	23,779054641724	24,244941711426	23,779054641724	24,421657562256	23,779054641724	24,421657562256	45022,8745020023
120	0,382563837476	0,382549464502	1,478684161387	1,382649104904	0,045447271317	0,109852075577	23,923641204834	23,795118331909	23,795118331909	24,196746826172	23,795118331909	24,43772315979	23,795118331909	24,43772315979	45022,9742232407
121	0,382461621579	0,382446165798	1,478276731206	1,382276152408	0,045447271317	0,109852075577	23,93970489502	23,795118331909	23,795118331909	24,228876113892	23,795118331909	24,421657562256	23,795118331909	24,421657562256	45023,0738871991
122	0,382370604561	0,382350578198	1,477943750859	1,381930945067	0,045447271317	0,109852075577	23,93970489502	23,811183929443	23,795118331909	24,212812423706	23,779054641724	24,421657562256	23,762989044189	24,421657562256	45023,1735369329
123	0,380851287308	0,372473418445	1,471617649972	1,344444474025	0,045447271317	0,109852075577	23,93970489502	23,714794158936	23,682662963867	24,228876113892	23,73085975647	24,40559387207	23,73085975647	24,40559387207	45025,4683933912
124	0,375493661073	2,63439E-7	1,452207270759	8,34029E-7	0,045447271317	0,109852075577	23,923641204834	23,779054641724	23,779054641724	24,180681228638	23,746925354004	23,923641204834	23,746925354004	24,421657562256	45025,5731651042
125	6,35792579029017E-14	0,211658219242	2,38188166690027E-13	0,742948708379	0,048309151083	0,11029111594	23,73085975647	23,73085975647	23,73085975647	23,73085975647	23,746925354004	23,955770492554	23,746925354004	23,955770492554	45025,8235106713
126	0,382218120282	0,378185027786	1,475875486301	1,367377146202	0,048309151083	0,11029111594	23,843313217163	23,795118331909	23,795118331909	24,228876113892	23,779054641724	24,43772315979	23,779054641724	24,453788757324	45025,9225584722
127	0,378081681677	0,378177280653	1,461749068876	1,367341723935	0,048309151083	0,11029111594	23,93970489502	23,762989044189	23,762989044189	24,228876113892	23,762989044189	24,421657562256	23,762989044189	24,421657562256	45026,0210494097
128	0,378053289289	0,378152744995	1,461603704721	1,367248557859	0,048309151083	0,11029111594	23,93970489502	23,779054641724	23,779054641724	24,228876113892	23,762989044189	24,421657562256	23,746925354004	24,421657562256	45026,1194708912
129	0,378042925795	0,378134675768	1,46155565991	1,367174462279	0,048309151083	0,11029111594	23,93970489502	23,762989044189	23,762989044189	24,228876113892	23,746925354004	24,43772315979	23,746925354004	24,43772315979	45026,2178852431
130	0,378049994668	0,378121647743	1,461591663293	1,367104322698	0,048309151083	0,11029111594	23,955770492554	23,795118331909	23,795118331909	24,26100730896	23,762989044189	24,373462677002	23,762989044189	24,373462677002	45026,3162997801
131	0,378007345287	0,378095862964	1,461434163229	1,367013271919	0,048309151083	0,11029111594	23,891510009766	23,779054641724	23,779054641724	24,196746826172	23,746925354004	24,43772315979	23,746925354004	24,453788757324	45026,4146854745
132	0,378041986491	0,3781023934	1,461536820708	1,367044921779	0,048309151083	0,11029111594	23,955770492554	23,779054641724	23,779054641724	24,228876113892	23,762989044189	24,43772315979	23,762989044189	24,43772315979	45026,5131409375
133	0,378002111963	0,378061029583	1,461378516963	1,366872039186	0,048309151083	0,11029111594	23,987899780273	23,827249526978	23,811183929443	24,26100730896	23,795118331909	24,421657562256	23,795118331909	24,421657562256	45026,6115241435
134	0,377993621862	0,37806228273	1,461371960414	1,36687205316	0,048309151083	0,11029111594	23,955770492554	23,811183929443	23,811183929443	24,244941711426	23,795118331909	24,469854354858	23,795118331909	24,469854354858	45026,7099992477
135	0,377970868057	0,378014558656	1,46126740238	1,366680290093	0,048309151083	0,11029111594	23,987899780273	23,9075756073	23,9075756073	24,26100730896	23,891510009766	24,518049240112	23,875444412231	24,518049240112	45026,8084084259
136	0,377920134122	0,377957688707	1,461085062362	1,366429089794	0,048309151083	0,11029111594	24,020030975342	23,875444412231	23,859378814697	24,293138504028	23,843313217163	24,485919952393	23,843313217163	24,485919952393	45026,9068056019
137	0,377870443897	0,37791118069	1,460939497426	1,36624277808	0,048309151083	0,11029111594	23,987899780273	23,843313217163	23,843313217163	24,26100730896	23,811183929443	24,485919952393	23,811183929443	24,485919952393	45027,0052437847
138	0,377778391721	0,377829857099	1,460618892416	1,365936263212	0,048309151083	0,11029111594	23,971836090088	23,843313217163	23,843313217163	24,293138504028	23,827249526978	24,501985549927	23,827249526978	24,501985549927	45027,1036257986
139	0,37773472254	0,377771687164	1,460448953032	1,365715434618	0,048309151083	0,11029111594	24,003965377808	23,9075756073	23,9075756073	24,309204101562	23,859378814697	24,518049240112	23,859378814697	24,518049240112	45027,2019349884
140	0,377690528982	0,377739400555	1,460283187676	1,365571653241	0,048309151083	0,11029111594	24,003965377808	23,875444412231	23,859378814697	24,309204101562	23,843313217163	24,389528274536	23,843313217163	24,389528274536	45027,3002455208
141	0,377660415763	0,377698040977	1,46020723803	1,365393600856	0,048309151083	0,11029111594	23,9075756073	23,779054641724	23,779054641724	24,212812423706	23,762989044189	24,453788757324	23,762989044189	24,453788757324	45027,3986917593
142	0,377600736495	0,377649016918	1,459972644202	1,365231732727	0,048309151083	0,11029111594	23,971836090088	23,811183929443	23,811183929443	24,277072906494	23,779054641724	24,453788757324	23,779054641724	24,453788757324	45027,4971064699
143	0,377531091891	0,377580540576	1,459722253565	1,364982094794	0,048309151083	0,11029111594	23,971836090088	23,875444412231	23,875444412231	24,244941711426	23,827249526978	24,485919952393	23,827249526978	24,485919952393	45027,5954420023
144	0,377478591174	0,377503034704	1,459503735586	1,364684193503	0,048309151083	0,11029111594	23,987899780273	23,843313217163	23,843313217163	24,277072906494	23,811183929443	24,469854354858	23,811183929443	24,469854354858	45027,6937113657
145	0,377426373437	0,37747331119	1,459328932403	1,364563991631	0,048309151083	0,11029111594	23,971836090088	23,859378814697	23,843313217163	24,26100730896	23,9075756073	24,501985549927	23,9075756073	24,501985549927	45027,7920384028
146	0,377380143278	0,377397143238	1,459156706487	1,36425232174	0,048309151083	0,11029111594	24,036094665527	23,875444412231	23,875444412231	24,293138504028	23,843313217163	24,485919952393	23,843313217163	24,485919952393	45027,8903545718
147	0,377309350788	0,377341603791	1,458933667272	1,364018162659	0,048309151083	0,11029111594	24,003965377808	23,843313217163	23,843313217163	24,277072906494	23,811183929443	24,469854354858	23,811183929443	24,469854354858	45027,9886933102
148	0,377224248781	0,377256325568	1,458637244008	1,363698423201	0,048309151083	0,11029111594	23,987899780273	23,827249526978	23,811183929443	24,228876113892	23,811183929443	24,501985549927	23,811183929443	24,501985549927	45028,0869950579
149	0,377164379345	0,377202057492	1,45841033236	1,36349250988	0,048309151083	0,11029111594	24,003965377808	23,843313217163	23,843313217163	24,293138504028	23,811183929443	24,501985549927	23,811183929443	24,501985549927	45028,1852781366
150	0,377130942622	0,377168471962	1,458287823218	1,36338374128	0,048309151083	0,11029111594	24,020030975342	23,875444412231	23,859378814697	24,293138504028	23,843313217163	24,501985549927	23,843313217163	24,501985549927	45028,2836457523
151	0,377042467499	0,377065110526	1,457954766341	1,36296015251	0,048309151083	0,11029111594	24,020030975342	23,779054641724	23,779054641724	24,212812423706	23,762989044189	24,469854354858	23,762989044189	24,469854354858	45028,381879838
152	0,376987095763	0,377026462816	1,457769730893	1,362811496305	0,048309151083	0,11029111594	23,971836090088	23,811183929443	23,811183929443	24,228876113892	23,795118331909	24,453788757324	23,795118331909	24,453788757324	45028,4801745255
153	0,376946964722	0,376995406467	1,457602181112	1,362722766127	0,048309151083	0,11029111594	23,987899780273	23,875444412231	23,859378814697	24,293138504028	23,859378814697	24,485919952393	23,859378814697	24,485919952393	45028,5783992477
154	0,376895350202	0,376939855787	1,457378463514	1,362527517454	0,048309151083	0,11029111594	24,003965377808	23,859378814697	23,859378814697	24,277072906494	23,827249526978	24,501985549927	23,827249526978	24,518049240112	45028,6765881481
155	0,376859611363	0,376905028553	1,457241874979	1,362386496157	0,048309151083	0,11029111594	24,003965377808	23,843313217163	23,843313217163	24,309204101562	23,811183929443	24,5823097229	23,811183929443	24,5823097229	45028,7747409259
156	0,376804674485	0,376831392117	1,457032954532	1,362100350526	0,048309151083	0,11029111594	24,08429145813	23,891510009766	23,891510009766	24,357397079468	23,891510009766	24,534114837646	23,875444412231	24,534114837646	45028,8729335417
157	0,376750386482	0,376786217146	1,456877931881	1,361920533661	0,048309151083	0,11029111594	24,036094665527	23,891510009766	23,891510009766	24,325267791748	23,875444412231	24,534114837646	23,859378814697	24,534114837646	45028,9712049768
158	0,376648169634	0,376681553821	1,456479314041	1,36150651643	0,048309151083	0,11029111594	24,036094665527	23,891510009766	23,891510009766	24,325267791748	23,843313217163	24,518049240112	23,843313217163	24,534114837646	45029,0692777662
159	0,376599479474	0,376631175314	1,456314109026	1,361327798636	0,048309151083	0,11029111594	24,036094665527	23,859378814697	23,859378814697	24,325267791748	23,859378814697	24,518049240112	23,859378814697	24,518049240112	45029,1674199537
160	0,376518052835	0,376566663981	1,456018293722	1,361081272717	0,048309151083	0,11029111594	24,020030975342	23,875444412231	23,859378814697	24,325267791748	23,859378814697	24,518049240112	23,859378814697	24,518049240112	45029,2655283102
161	0,376463915061	0,376499440149	1,455817527467	1,360809809936	0,048309151083	0,11029111594	24,036094665527	23,811183929443	23,795118331909	24,228876113892	23,779054641724	24,40559387207	23,779054641724	24,40559387207	45029,3636335532
162	0,376415050457	0,376456810256	1,45566146405	1,360667508453	0,048309151083	0,11029111594	23,923641204834	23,875444412231	23,859378814697	24,293138504028	23,827249526978	24,469854354858	23,827249526978	24,469854354858	45029,4617522569
163	0,3763596641	0,376420662904	1,455449186896	1,360579186616	0,048309151083	0,11029111594	23,987899780273	23,859378814697	23,859378814697	24,309204101562	23,843313217163	24,566244125366	23,843313217163	24,566244125366	45029,559843287
164	0,376358300674	0,376406415216	1,455395476082	1,36051359776	0,048309151083	0,11029111594	24,052160263062	23,9075756073	23,875444412231	24,309204101562	23,9075756073	24,79115486145	23,9075756073	24,79115486145	45029,6580657639
165	0,376339892868	0,376393455857	1,455300189787	1,360482214639	0,048309151083	0,11029111594	24,293138504028	24,148551940918	24,148551940918	24,5823097229	24,132486343384	24,823286056519	24,116422653198	24,823286056519	45029,7561407292
166	0,376317328825	0,376349614782	1,45521538056	1,360306090468	0,048309151083	0,11029111594	24,389528274536	24,180681228638	24,164617538452	24,61443901062	24,164617538452	24,807220458984	24,164617538452	24,807220458984	45029,8542918287
167	0,376259356326	0,376285057463	1,455021732384	1,360049591438	0,048309151083	0,11029111594	24,293138504028	24,180681228638	24,180681228638	24,5823097229	24,164617538452	24,79115486145	24,164617538452	24,79115486145	45029,9524408796
168	0,376137048866	0,376185562706	1,454553368987	1,359672043413	0,048309151083	0,11029111594	24,309204101562	24,164617538452	24,164617538452	24,598375320435	24,148551940918	24,775091171265	24,148551940918	24,775091171265	45030,050351956
169	0,3761133708	0,37615460766	1,454497011735	1,359565554111	0,048309151083	0,11029111594	24,293138504028	24,180681228638	24,164617538452	24,5823097229	24,164617538452	24,79115486145	24,148551940918	24,79115486145	45030,1483888426
170	0,376062527005	0,376100348698	1,454313985981	1,359366803421	0,048309151083	0,11029111594	24,309204101562	24,180681228638	24,180681228638	24,5823097229	24,148551940918	24,79115486145	24,148551940918	24,79115486145	45030,2464400347
171	0,37599209682	0,376008594503	1,454046332128	1,3589909234	0,048309151083	0,11029111594	24,293138504028	24,068225860596	24,068225860596	24,5823097229	24,020030975342	24,694765090942	24,020030975342	24,694765090942	45030,3444696065
172	0,375900507412	0,375975035041	1,453742223509	1,358910509711	0,048309151083	0,11029111594	24,244941711426	24,164617538452	24,164617538452	24,550178527832	24,164617538452	24,79115486145	24,148551940918	24,79115486145	45030,4424204977
173	0,375940844989	0,375995714193	1,453817613513	1,35903900299	0,048309151083	0,11029111594	24,341333389282	24,196746826172	24,196746826172	24,598375320435	24,180681228638	24,839351654053	24,164617538452	24,839351654053	45030,5405137616
174	0,375878895214	0,375931138014	1,453572336195	1,35879565603	0,048309151083	0,11029111594	24,325267791748	24,228876113892	24,228876113892	24,61443901062	24,196746826172	24,823286056519	24,196746826172	24,823286056519	45030,6384505787
175	0,375839440202	3,34012E-7	1,45341826882	1,057542E-6	0,048309151083	0,11029111594	24,341333389282	24,212812423706	24,212812423706	24,646570205688	24,196746826172	24,341333389282	24,196746826172	24,807220458984	45030,74346
176	6,35792579029017E-15	0,211111977834	2,38202719049355E-14	0,740929756368	0,050047338009	0,115821138024	24,196746826172	24,196746826172	24,196746826172	24,212812423706	24,212812423706	24,373462677002	24,180681228638	24,373462677002	45030,9933353009
177	0,380915266415	0,376464537891	1,471051783426	1,360567321217	0,050047338009	0,115821138024	24,244941711426	24,228876113892	24,196746826172	24,678701400757	24,212812423706	24,855417251587	24,212812423706	24,871482849121	45031,0921369907
178	0,376355605141	0,376244978369	1,455391386576	1,359756060944	0,050047338009	0,115821138024	24,357397079468	24,244941711426	24,244941711426	24,646570205688	24,196746826172	24,839351654053	24,196746826172	24,839351654053	45031,19019625
179	0,376177602992	0,376135196277	1,45471460106	1,359370675377	0,050047338009	0,115821138024	24,373462677002	24,228876113892	24,228876113892	24,678701400757	24,212812423706	24,855417251587	24,212812423706	24,855417251587	45031,2883193171
180	0,376019126092	0,376018988229	1,454125081484	1,358964423714	0,050047338009	0,115821138024	24,341333389282	24,164617538452	24,164617538452	24,566244125366	24,164617538452	24,823286056519	24,148551940918	24,839351654053	45031,3863590162
181	0,375913685719	0,375931146281	1,453711785636	1,358695856497	0,050047338009	0,115821138024	24,357397079468	24,228876113892	24,228876113892	24,630504608154	24,196746826172	24,855417251587	24,196746826172	24,855417251587	45031,4842790741
182	0,37587340438	0,375884610501	1,45354569646	1,358527915254	0,050047338009	0,115821138024	24,373462677002	24,244941711426	24,228876113892	24,646570205688	24,212812423706	24,855417251587	24,212812423706	24,855417251587	45031,5822869676
183	0,375797958089	0,375807110989	1,453270467076	1,358230735877	0,050047338009	0,115821138024	24,389528274536	24,228876113892	24,228876113892	24,61443901062	24,212812423706	24,823286056519	24,212812423706	24,823286056519	45031,6803172338
184	0,375677500639	0,375690864583	1,452827631882	1,357792339875	0,050047338009	0,115821138024	24,357397079468	24,212812423706	24,212812423706	24,61443901062	24,180681228638	24,887546539307	24,180681228638	24,887546539307	45031,7782385764
185	0,375641490065	0,375666309636	1,452716971229	1,35771846286	0,050047338009	0,115821138024	24,40559387207	24,277072906494	24,277072906494	24,694765090942	24,26100730896	24,903612136841	24,26100730896	24,919677734375	45031,8762574074
186	0,375558611544	0,37558886459	1,452400462756	1,357419539303	0,050047338009	0,115821138024	24,421657562256	24,277072906494	24,277072906494	24,710830688477	24,244941711426	24,919677734375	24,244941711426	24,919677734375	45031,9742195718
187	0,375479019462	0,375503533596	1,452091413915	1,357122566954	0,050047338009	0,115821138024	24,421657562256	24,277072906494	24,277072906494	24,710830688477	24,26100730896	24,919677734375	24,26100730896	24,919677734375	45032,0720682523
188	0,375426405345	0,375454480926	1,451919139689	1,356941513966	0,050047338009	0,115821138024	24,43772315979	24,293138504028	24,293138504028	24,710830688477	24,277072906494	24,919677734375	24,26100730896	24,919677734375	45032,1700331481
189	0,375358616448	0,375386057141	1,451671372442	1,356693908594	0,050047338009	0,115821138024	24,40559387207	24,293138504028	24,293138504028	24,710830688477	24,26100730896	24,919677734375	24,26100730896	24,919677734375	45032,2679806366
190	0,375257368617	0,375277543456	1,451282895387	1,356266420828	0,050047338009	0,115821138024	24,43772315979	24,212812423706	24,212812423706	24,646570205688	24,196746826172	24,839351654053	24,196746826172	24,839351654053	45032,3658114699
191	0,375193129457	0,375229749869	1,451086928759	1,356110332748	0,050047338009	0,115821138024	24,357397079468	24,244941711426	24,244941711426	24,662635803223	24,196746826172	24,871482849121	24,196746826172	24,871482849121	45032,463687581
192	0,375136725756	0,375172939894	1,450868427237	1,355908412062	0,050047338009	0,115821138024	24,373462677002	24,244941711426	24,244941711426	24,678701400757	24,212812423706	24,871482849121	24,212812423706	24,871482849121	45032,5615363194
193	0,375041202887	0,375074805946	1,450468598321	1,355528323465	0,050047338009	0,115821138024	24,40559387207	24,26100730896	24,244941711426	24,710830688477	24,228876113892	24,855417251587	24,228876113892	24,855417251587	45032,6591616667
194	0,375027552733	0,375068352226	1,45047589683	1,355517219617	0,050047338009	0,115821138024	24,389528274536	24,244941711426	24,244941711426	24,678701400757	24,212812423706	24,935741424561	24,212812423706	24,935741424561	45032,7570527431
195	0,374944688045	0,374983123597	1,450146055855	1,355204900972	0,050047338009	0,115821138024	24,469854354858	24,341333389282	24,325267791748	24,75902557373	24,309204101562	24,935741424561	24,293138504028	24,935741424561	45032,854794456
196	0,374918220883	0,374948200148	1,450061000801	1,355052327958	0,050047338009	0,115821138024	24,453788757324	24,309204101562	24,309204101562	24,742959976196	24,293138504028	24,935741424561	24,277072906494	24,935741424561	45032,952606956
197	0,374867069819	0,374904335969	1,449874729808	1,354892066531	0,050047338009	0,115821138024	24,43772315979	24,309204101562	24,309204101562	24,75902557373	24,309204101562	24,935741424561	24,309204101562	24,935741424561	45033,0504248264
198	0,374777561674	0,374808670166	1,449527015979	1,354517885869	0,050047338009	0,115821138024	24,453788757324	24,309204101562	24,309204101562	24,75902557373	24,277072906494	24,919677734375	24,277072906494	24,935741424561	45033,148071088
199	0,374725174282	0,374771245722	1,449344435912	1,354392123073	0,050047338009	0,115821138024	24,453788757324	24,325267791748	24,325267791748	24,75902557373	24,293138504028	24,967872619629	24,277072906494	24,967872619629	45033,2458010995
200	0,374678090221	0,374702790993	1,449158524585	1,354118514963	0,050047338009	0,115821138024	24,469854354858	24,26100730896	24,26100730896	24,79115486145	24,212812423706	24,887546539307	24,212812423706	24,887546539307	45033,3434908796
201	0,374642778448	0,37468984011	1,449076859073	1,354107603904	0,050047338009	0,115821138024	24,389528274536	24,293138504028	24,293138504028	24,710830688477	24,277072906494	24,903612136841	24,26100730896	24,903612136841	45033,4413436111
202	0,374614756943	0,374638167765	1,448957482687	1,353922171347	0,050047338009	0,115821138024	24,43772315979	24,309204101562	24,309204101562	24,75902557373	24,26100730896	24,903612136841	24,26100730896	24,903612136841	45033,5392535995
203	0,374515889065	0,374543926986	1,448599476322	1,353546077335	0,050047338009	0,115821138024	24,421657562256	24,293138504028	24,277072906494	24,710830688477	24,244941711426	24,887546539307	24,244941711426	24,887546539307	45033,6370907292
204	0,37439977427	0,374441832472	1,448167845586	1,353153692133	0,050047338009	0,115821138024	24,43772315979	24,277072906494	24,26100730896	24,678701400757	24,228876113892	24,919677734375	24,08429145813	24,919677734375	45033,7347297917
205	0,374391846357	0,374440578691	1,448148539806	1,353181837128	0,050047338009	0,115821138024	24,453788757324	24,357397079468	24,357397079468	24,79115486145	24,325267791748	24,967872619629	24,325267791748	24,967872619629	45033,8324296875
206	0,374326740283	0,374360490867	1,447879865112	1,352866389766	0,050047338009	0,115821138024	24,485919952393	24,357397079468	24,341333389282	24,75902557373	24,309204101562	24,967872619629	24,309204101562	24,967872619629	45033,9300349421
207	0,374272864709	0,374311401959	1,447693738135	1,352669211252	0,050047338009	0,115821138024	24,485919952393	24,325267791748	24,325267791748	24,775091171265	24,293138504028	24,967872619629	24,293138504028	24,967872619629	45034,027679213
208	0,374205104086	0,374241662082	1,447460793707	1,352405282753	0,050047338009	0,115821138024	24,501985549927	24,325267791748	24,325267791748	24,742959976196	24,325267791748	24,935741424561	24,325267791748	24,935741424561	45034,1253136458
209	0,37413836864	0,374184819045	1,447225994402	1,352190230789	0,050047338009	0,115821138024	24,469854354858	24,309204101562	24,309204101562	24,75902557373	24,309204101562	24,935741424561	24,293138504028	24,935741424561	45034,2229535995
210	0,374097960344	0,374138331166	1,447089039584	1,352006813613	0,050047338009	0,115821138024	24,469854354858	24,325267791748	24,325267791748	24,775091171265	24,293138504028	24,855417251587	24,293138504028	24,871482849121	45034,3205936458
211	0,374007395201	0,374058260082	1,446769336589	1,351730689807	0,050047338009	0,115821138024	24,40559387207	24,26100730896	24,26100730896	24,678701400757	24,212812423706	24,919677734375	24,212812423706	24,919677734375	45034,4182128935
212	0,373981676011	0,374044022145	1,446654212315	1,351713242474	0,050047338009	0,115821138024	24,40559387207	24,309204101562	24,309204101562	24,726896286011	24,277072906494	24,935741424561	24,277072906494	24,935741424561	45034,5158273264
213	0,373931609595	0,373974207031	1,446419746343	1,351467205911	0,050047338009	0,115821138024	24,453788757324	24,293138504028	24,293138504028	24,742959976196	24,293138504028	24,935741424561	24,293138504028	24,935741424561	45034,6132835301
214	0,373901923288	0,373945952833	1,446331755708	1,351363850891	0,050047338009	0,115821138024	24,453788757324	24,325267791748	24,196746826172	24,823286056519	24,389528274536	24,967872619629	24,389528274536	24,967872619629	45034,7108919907
215	0,373841849348	0,373886415097	1,446143818426	1,351131209952	0,050047338009	0,115821138024	24,501985549927	24,421657562256	24,421657562256	24,775091171265	24,373462677002	25,016067504883	24,373462677002	25,016067504883	45034,808472963
216	0,373789318708	0,373829599401	1,445955461378	1,350899360641	0,050047338009	0,115821138024	24,501985549927	24,389528274536	24,373462677002	24,807220458984	24,357397079468	25,016067504883	24,357397079468	25,016067504883	45034,9060774421
217	0,373751213431	0,373790894256	1,445821655267	1,350749116557	0,050047338009	0,115821138024	24,518049240112	24,373462677002	24,373462677002	24,79115486145	24,357397079468	25,000001907349	24,357397079468	25,000001907349	45035,0037289699
218	0,373680414276	0,373717270112	1,445582057199	1,350439093581	0,050047338009	0,115821138024	24,501985549927	24,341333389282	24,341333389282	24,75902557373	24,341333389282	24,967872619629	24,341333389282	24,967872619629	45035,1013439931
219	0,373587692095	0,373646168792	1,445242556897	1,35018683055	0,050047338009	0,115821138024	24,485919952393	24,389528274536	24,389528274536	24,79115486145	24,357397079468	25,016067504883	24,357397079468	25,016067504883	45035,1988139583
220	0,373559963068	0,373603652283	1,445099237082	1,35001808538	0,050047338009	0,115821138024	24,534114837646	24,373462677002	24,373462677002	24,807220458984	24,357397079468	24,935741424561	24,357397079468	24,951807022095	45035,2962879861
221	0,373471847772	0,373515742515	1,444831429076	1,349672662268	0,050047338009	0,115821138024	24,40559387207	24,309204101562	24,309204101562	24,694765090942	24,26100730896	24,951807022095	24,26100730896	24,951807022095	45035,3938180671
222	0,373436966122	0,37349890567	1,444707621435	1,349653690073	0,050047338009	0,115821138024	24,43772315979	24,341333389282	24,341333389282	24,75902557373	24,293138504028	24,983936309814	24,293138504028	24,983936309814	45035,4913248032
223	0,373414546312	0,373458996119	1,444585172518	1,349513974777	0,050047338009	0,115821138024	24,485919952393	24,341333389282	24,341333389282	24,775091171265	24,228876113892	24,967872619629	24,228876113892	24,967872619629	45035,5888541435
224	0,373379914906	0,373433107919	1,444499109419	1,349402708501	0,050047338009	0,115821138024	24,485919952393	24,325267791748	24,325267791748	24,75902557373	24,293138504028	24,935741424561	24,277072906494	24,935741424561	45035,6865423843
225	0,373295247969	0,373364639627	1,444168251278	1,34913723166	0,050047338009	0,115821138024	24,469854354858	24,325267791748	24,309204101562	24,726896286011	24,277072906494	25,000001907349	24,26100730896	25,000001907349	45035,7840218403
226	0,373233238698	3,90174E-7	1,443910680381	1,23639E-6	0,050047338009	0,115821138024	24,534114837646	24,373462677002	24,373462677002	24,823286056519	24,357397079468	24,501985549927	24,357397079468	25,000001907349	45035,8883363773
227	6,35792579029017E-15	0,209518739289	2,38260928486666E-14	0,735271538489	0,050153873861	0,1163713485	24,309204101562	24,309204101562	24,293138504028	24,309204101562	24,309204101562	24,43772315979	24,293138504028	24,43772315979	45036,1370171875
228	0,378398312519	0,373830912526	1,461895007445	1,350634308084	0,050153873861	0,1163713485	24,309204101562	24,293138504028	24,26100730896	24,742959976196	24,277072906494	24,951807022095	24,277072906494	24,967872619629	45036,2352565162
229	0,373752615012	0,373675928548	1,445919363041	1,350132882493	0,050153873861	0,1163713485	24,469854354858	24,357397079468	24,341333389282	24,775091171265	24,277072906494	24,935741424561	24,26100730896	24,935741424561	45036,3328755208
230	0,373589511516	0,373570037719	1,445260616779	1,349765075146	0,050153873861	0,1163713485	24,453788757324	24,325267791748	24,325267791748	24,75902557373	24,309204101562	24,951807022095	24,293138504028	24,951807022095	45036,4304247454
231	0,373481172428	0,373497587671	1,444855975297	1,34952948214	0,050153873861	0,1163713485	24,469854354858	24,341333389282	24,325267791748	24,75902557373	24,325267791748	24,967872619629	24,325267791748	24,967872619629	45036,5279842477
232	0,373410990485	0,373409918657	1,444570637057	1,349206596801	0,050153873861	0,1163713485	24,469854354858	24,341333389282	24,341333389282	24,79115486145	24,325267791748	24,951807022095	24,325267791748	24,951807022095	45036,6255028356
233	0,373309948627	0,373332340941	1,444231576523	1,348889747409	0,050153873861	0,1163713485	24,469854354858	24,325267791748	24,309204101562	24,775091171265	24,293138504028	24,951807022095	24,293138504028	24,951807022095	45036,7230759954
234	0,373206347944	0,373244508105	1,443836110502	1,348567077597	0,050153873861	0,1163713485	24,469854354858	24,40559387207	24,389528274536	24,823286056519	24,357397079468	25,032133102417	24,357397079468	25,032133102417	45036,820480625
235	0,37317816357	0,373207080902	1,44372237622	1,348423481473	0,050153873861	0,1163713485	24,550178527832	24,373462677002	24,373462677002	24,839351654053	24,357397079468	25,000001907349	24,357397079468	25,000001907349	45036,9179667477
236	0,373110894813	0,373139883984	1,44350146464	1,348166277218	0,050153873861	0,1163713485	24,534114837646	24,357397079468	24,357397079468	24,807220458984	24,341333389282	25,032133102417	24,341333389282	25,032133102417	45037,0154914236
237	0,373081298952	0,373130904686	1,443399818554	1,348160832613	0,050153873861	0,1163713485	24,550178527832	24,40559387207	24,389528274536	24,823286056519	24,389528274536	25,032133102417	24,389528274536	25,032133102417	45037,1130804167
238	0,372990623813	0,373035264952	1,443026417352	1,347811760062	0,050153873861	0,1163713485	24,566244125366	24,421657562256	24,421657562256	24,839351654053	24,40559387207	25,032133102417	24,40559387207	25,032133102417	45037,2104516667
239	0,372961862366	0,373001661196	1,442943168562	1,347700093699	0,050153873861	0,1163713485	24,550178527832	24,421657562256	24,421657562256	24,823286056519	24,40559387207	24,967872619629	24,40559387207	24,967872619629	45037,3079410069
240	0,372873623345	0,372931935095	1,442632342109	1,347427647791	0,050153873861	0,1163713485	24,485919952393	24,357397079468	24,357397079468	24,775091171265	24,341333389282	25,016067504883	24,341333389282	25,016067504883	45037,4054071644
241	0,372851828361	0,372920324463	1,442536543636	1,347472778123	0,050153873861	0,1163713485	24,518049240112	24,421657562256	24,421657562256	24,823286056519	24,453788757324	25,016067504883	24,43772315979	25,016067504883	45037,5028897454
242	0,37275795034	0,372818293741	1,442126146718	1,347097635185	0,050153873861	0,1163713485	24,566244125366	24,453788757324	24,453788757324	24,871482849121	24,43772315979	25,064264297485	24,43772315979	25,064264297485	45037,6001075579
243	0,372748735621	0,372798881299	1,442103941639	1,347026973994	0,050153873861	0,1163713485	24,566244125366	24,453788757324	24,453788757324	24,855417251587	24,421657562256	25,064264297485	24,421657562256	25,064264297485	45037,6974082639
244	0,372687914593	0,372761445833	1,441882730555	1,346916557944	0,050153873861	0,1163713485	24,5823097229	24,518049240112	24,485919952393	24,887546539307	24,550178527832	25,160654067993	24,534114837646	25,160654067993	45037,7946457292
245	0,372707456413	0,372752387694	1,441938315869	1,346861982306	0,050153873861	0,1163713485	24,694765090942	24,550178527832	24,550178527832	24,983936309814	24,518049240112	25,160654067993	24,518049240112	25,160654067993	45037,8919974653
246	0,37264746934	0,372708523307	1,441737960279	1,346683424403	0,050153873861	0,1163713485	24,646570205688	24,550178527832	24,550178527832	24,967872619629	24,534114837646	25,144588470459	24,518049240112	25,144588470459	45037,9893743981
247	0,372595910055	0,372650310772	1,441563430754	1,346436758839	0,050153873861	0,1163713485	24,646570205688	24,518049240112	24,518049240112	24,951807022095	24,501985549927	25,128522872925	24,485919952393	25,128522872925	45038,0866717245
248	0,372554556377	0,372606495977	1,441403783993	1,346262890328	0,050153873861	0,1163713485	24,61443901062	24,518049240112	24,518049240112	24,951807022095	24,501985549927	25,112459182739	24,485919952393	25,112459182739	45038,1839402894
249	0,372548126614	0,372594813923	1,441408173036	1,346221266669	0,050153873861	0,1163713485	24,646570205688	24,501985549927	24,501985549927	24,951807022095	24,469854354858	25,112459182739	24,453788757324	25,112459182739	45038,281407662
250	0,372427520311	0,372497939903	1,440966282458	1,345866363219	0,050153873861	0,1163713485	24,630504608154	24,469854354858	24,469854354858	24,839351654053	24,43772315979	25,096393585205	24,421657562256	25,096393585205	45038,3786594329
251	0,37244170233	0,372530235623	1,440994694451	1,346085073858	0,050153873861	0,1163713485	24,61443901062	24,518049240112	24,518049240112	24,935741424561	24,501985549927	25,176717758179	24,501985549927	25,192785263062	45038,4760221528
252	0,372448127864	0,372540551145	1,440956891739	1,346168370286	0,050153873861	0,1163713485	24,710830688477	24,566244125366	24,566244125366	25,016067504883	24,550178527832	25,240980148315	24,550178527832	25,240980148315	45038,5733564931
253	0,372438454842	0,372490232613	1,440862257664	1,345971277279	0,050153873861	0,1163713485	24,75902557373	24,598375320435	24,598375320435	25,064264297485	24,5823097229	25,224912643433	24,5823097229	25,224912643433	45038,6705915972
254	0,372391287945	0,372437210478	1,440723891925	1,34573278871	0,050153873861	0,1163713485	24,742959976196	24,5823097229	24,5823097229	25,016067504883	24,566244125366	25,305240631104	24,550178527832	25,305240631104	45038,7678282523
255	0,372343281962	0,372388196169	1,440559997385	1,345528086072	0,050153873861	0,1163713485	24,775091171265	24,630504608154	24,630504608154	25,048198699951	24,5823097229	25,257043838501	24,5823097229	25,257043838501	45038,8650859722
256	0,372286384878	0,372344171347	1,4403606873	1,345351560009	0,050153873861	0,1163713485	24,75902557373	24,61443901062	24,61443901062	25,064264297485	24,598375320435	25,240980148315	24,598375320435	25,240980148315	45038,9622792824
257	0,372255740217	0,372305477435	1,440254088155	1,345218381089	0,050153873861	0,1163713485	24,79115486145	24,61443901062	24,61443901062	25,064264297485	24,598375320435	25,257043838501	24,598375320435	25,257043838501	45039,0595091088
258	0,372195409832	0,372253795341	1,440034749667	1,345001445627	0,050153873861	0,1163713485	24,775091171265	24,630504608154	24,630504608154	25,048198699951	24,61443901062	25,273111343384	24,598375320435	25,273111343384	45039,1566903935
259	0,37217644041	0,37222410425	1,439982331923	1,344890445707	0,050153873861	0,1163713485	24,79115486145	24,630504608154	24,630504608154	25,048198699951	24,61443901062	25,273111343384	24,61443901062	25,273111343384	45039,253928912
260	0,372123688468	0,37216083738	1,43978303614	1,344644277536	0,050153873861	0,1163713485	24,79115486145	24,550178527832	24,550178527832	25,064264297485	24,518049240112	25,208848953247	24,518049240112	25,208848953247	45039,3511291898
261	0,372093790049	0,372172515618	1,439687650441	1,344749783434	0,050153873861	0,1163713485	24,726896286011	24,598375320435	24,598375320435	25,032133102417	24,566244125366	25,257043838501	24,566244125366	25,273111343384	45039,4484032986
262	0,372056913747	0,372123399581	1,439497966818	1,34456120908	0,050153873861	0,1163713485	24,79115486145	24,646570205688	24,630504608154	25,048198699951	24,61443901062	25,289175033569	24,61443901062	25,289175033569	45039,5455009606
263	0,372056709305	0,372118250084	1,439491128809	1,344574950343	0,050153873861	0,1163713485	24,775091171265	24,630504608154	24,630504608154	25,080327987671	24,598375320435	25,321304321289	24,598375320435	25,321304321289	45039,6426722338
264	0,372021063563	0,372056241657	1,43934569049	1,344295135367	0,050153873861	0,1163713485	24,823286056519	24,646570205688	24,646570205688	25,080327987671	24,61443901062	25,273111343384	24,61443901062	25,273111343384	45039,7398058333
265	0,372019747127	0,372083366478	1,439394691498	1,344427945476	0,050153873861	0,1163713485	24,775091171265	24,694765090942	24,694765090942	25,176717758179	24,678701400757	25,385566711426	24,678701400757	25,385566711426	45039,8371264005
266	0,371959709529	0,37200068017	1,43914145797	1,344058986861	0,050153873861	0,1163713485	24,871482849121	24,694765090942	24,694765090942	25,160654067993	24,678701400757	25,337368011475	24,662635803223	25,337368011475	45039,9343143403
267	0,37189489691	0,37194773518	1,438922675244	1,343857864594	0,050153873861	0,1163713485	24,839351654053	24,662635803223	24,646570205688	25,144588470459	24,630504608154	25,337368011475	24,630504608154	25,337368011475	45040,0314469792
268	0,371860070017	0,371923184474	1,438812527859	1,34374696389	0,050153873861	0,1163713485	24,839351654053	24,662635803223	24,662635803223	25,096393585205	24,646570205688	25,305240631104	24,646570205688	25,321304321289	45040,1286653241
269	0,371807646301	0,371870289285	1,438622913336	1,343559304446	0,050153873861	0,1163713485	24,823286056519	24,678701400757	24,678701400757	25,096393585205	24,662635803223	25,321304321289	24,662635803223	25,321304321289	45040,2257934722
270	0,371763119293	0,371819799089	1,43844503813	1,343358573899	0,050153873861	0,1163713485	24,823286056519	24,710830688477	24,710830688477	25,144588470459	24,678701400757	25,240980148315	24,678701400757	25,240980148315	45040,322894456
271	0,371728039396	0,371777253967	1,438340840675	1,343235145692	0,050153873861	0,1163713485	24,75902557373	24,630504608154	24,630504608154	25,064264297485	24,630504608154	24,951807022095	24,630504608154	25,112459182739	45040,4200527894
272	0,371478253487	0,371428459222	1,437559064368	1,341665382329	0,050153873861	0,1163713485	24,164617538452	24,309204101562	24,08429145813	24,5823097229	24,309204101562	24,951807022095	24,293138504028	24,951807022095	45040,5172156713
273	0,371330230429	0,371477547495	1,437173135583	1,341915085726	0,050153873861	0,1163713485	24,43772315979	24,678701400757	24,341333389282	24,79115486145	24,61443901062	25,176717758179	24,598375320435	25,176717758179	45040,6144056366
274	0,371469558154	0,371566648103	1,437519253176	1,342358850489	0,050153873861	0,1163713485	24,678701400757	24,566244125366	24,566244125366	24,967872619629	24,550178527832	25,176717758179	24,550178527832	25,176717758179	45040,7116008681
275	0,371485036168	0,371575723617	1,437539195642	1,342428062348	0,050153873861	0,1163713485	24,694765090942	24,694765090942	24,646570205688	25,000001907349	24,678701400757	25,289175033569	24,678701400757	25,289175033569	45040,8087907755
276	0,371461477095	0,371517543722	1,437393107806	1,342161609973	0,050153873861	0,1163713485	24,79115486145	24,646570205688	24,646570205688	25,080327987671	24,61443901062	25,257043838501	24,61443901062	25,257043838501	45040,9057933218
277	0,371444193145	5,19451E-7	1,437374301456	1,647331E-6	0,050153873861	0,1163713485	24,75902557373	24,646570205688	24,646570205688	25,080327987671	24,61443901062	24,75902557373	24,598375320435	25,273111343384	45041,0099476968
278	1,20800590015513E-13	0,208452529134	4,52830615987769E-13	0,731423483352	0,049799747765	0,118719704449	24,5823097229	24,5823097229	24,5823097229	24,598375320435	24,5823097229	24,742959976196	24,566244125366	24,742959976196	45041,2577321065
279	0,376707910732	0,371985179334	1,45560909395	1,343732790329	0,049799747765	0,118719704449	24,630504608154	24,534114837646	24,534114837646	25,048198699951	24,534114837646	24,518049240112	24,518049240112	25,064264297485	45041,3555694213
280	0,371390118521	0,371228216352	1,437395971863	1,340873384647	0,049799747765	0,118719704449	23,007928848267	23,666597366333	22,895473480225	23,971836090088	23,746925354004	24,5823097229	23,746925354004	24,5823097229	45041,4531843171
281	0,371154839757	0,371143075459	1,436681660694	1,340540389429	0,049799747765	0,118719704449	24,212812423706	23,795118331909	23,795118331909	24,389528274536	23,875444412231	24,630504608154	23,875444412231	24,646570205688	45041,5504395255
282	0,37099644542	0,37100478803	1,436094879663	1,34004013244	0,049799747765	0,118719704449	24,068225860596	23,795118331909	23,795118331909	24,389528274536	23,779054641724	24,469854354858	23,779054641724	24,469854354858	45041,647649919
283	0,371020550251	0,371018445353	1,436252248954	1,340300564578	0,049799747765	0,118719704449	24,08429145813	24,646570205688	24,036094665527	24,646570205688	24,646570205688	24,967872619629	24,630504608154	24,967872619629	45041,7482112269
284	0,371085436053	0,371184369339	1,43638524747	1,340590611035	0,049799747765	0,118719704449	24,485919952393	24,357397079468	24,357397079468	24,79115486145	24,341333389282	24,983936309814	24,325267791748	24,983936309814	45041,8453666088
285	0,371121110223	0,371172745567	1,43645310208	1,340584535595	0,049799747765	0,118719704449	24,501985549927	24,357397079468	24,357397079468	24,807220458984	24,325267791748	24,983936309814	24,309204101562	24,983936309814	45041,9425773727
286	0,371069605352	0,371114639636	1,436263952888	1,340360726411	0,049799747765	0,118719704449	24,501985549927	24,357397079468	24,341333389282	24,775091171265	24,309204101562	25,016067504883	24,309204101562	25,016067504883	45042,0397626042
287	0,371023061516	0,371075833824	1,43605814634	1,340225156922	0,049799747765	0,118719704449	24,518049240112	24,373462677002	24,373462677002	24,79115486145	24,357397079468	25,000001907349	24,357397079468	25,000001907349	45042,1368985532
288	0,370988582338	0,371040963779	1,435940518632	1,340106323694	0,049799747765	0,118719704449	24,534114837646	24,357397079468	24,357397079468	24,79115486145	24,341333389282	25,000001907349	24,341333389282	25,000001907349	45042,2340925231
289	0,37093366339	0,371000909694	1,435734817227	1,340015246438	0,049799747765	0,118719704449	24,534114837646	24,421657562256	24,40559387207	24,775091171265	24,373462677002	25,016067504883	24,373462677002	25,016067504883	45042,3312129861
290	0,370887938108	0,370949241799	1,43553096838	1,339808682081	0,049799747765	0,118719704449	24,566244125366	24,40559387207	24,40559387207	24,823286056519	24,40559387207	25,048198699951	24,389528274536	25,048198699951	45042,4282573611
291	0,37086036658	0,370935077612	1,435426216758	1,339793849996	0,049799747765	0,118719704449	24,566244125366	24,43772315979	24,43772315979	24,839351654053	24,421657562256	25,080327987671	24,40559387207	25,096393585205	45042,5253213194
292	0,370838636853	0,370898897836	1,43532103734	1,339683127983	0,049799747765	0,118719704449	24,598375320435	24,43772315979	24,43772315979	24,855417251587	24,43772315979	25,080327987671	24,421657562256	25,080327987671	45042,6224025347
293	0,370826755629	0,370871720245	1,43529585119	1,339522917994	0,049799747765	0,118719704449	24,5823097229	24,453788757324	24,309204101562	24,79115486145	24,421657562256	25,048198699951	24,421657562256	25,048198699951	45042,7196146065
294	0,370739729038	0,37080718518	1,434990175148	1,339291472869	0,049799747765	0,118719704449	24,566244125366	24,485919952393	24,485919952393	24,871482849121	24,469854354858	25,096393585205	24,469854354858	25,096393585205	45042,8166588194
295	0,370719133959	0,370760688399	1,434901622051	1,339081932107	0,049799747765	0,118719704449	24,61443901062	24,453788757324	24,43772315979	24,887546539307	24,40559387207	25,064264297485	24,40559387207	25,064264297485	45042,9137570486
296	0,370650524875	0,370694814352	1,434687041281	1,338799998228	0,049799747765	0,118719704449	24,5823097229	24,389528274536	24,389528274536	24,871482849121	24,373462677002	25,016067504883	24,357397079468	25,032133102417	45043,01083625
297	0,370581479918	0,37064315239	1,43446979936	1,338596151799	0,049799747765	0,118719704449	24,534114837646	24,421657562256	24,421657562256	24,823286056519	24,389528274536	25,048198699951	24,389528274536	25,048198699951	45043,1079059028
298	0,370563308806	0,370617292165	1,434408778827	1,338511534134	0,049799747765	0,118719704449	24,5823097229	24,421657562256	24,421657562256	24,855417251587	24,389528274536	25,032133102417	24,373462677002	25,032133102417	45043,2050905787
299	0,370541932651	0,370599230568	1,434350845711	1,338425487684	0,049799747765	0,118719704449	24,5823097229	24,40559387207	24,40559387207	24,871482849121	24,373462677002	25,000001907349	24,357397079468	25,000001907349	45043,3023355671
300	0,370439962324	0,370517869464	1,433963632944	1,338131820576	0,049799747765	0,118719704449	24,501985549927	24,373462677002	24,373462677002	24,807220458984	24,373462677002	25,032133102417	24,373462677002	25,032133102417	45043,399369838
301	0,370425498537	0,370497165938	1,433864020377	1,338072142334	0,049799747765	0,118719704449	24,566244125366	24,40559387207	24,40559387207	24,839351654053	24,373462677002	25,048198699951	24,373462677002	25,048198699951	45043,4963889352
302	0,370412053696	0,370486861437	1,433817650344	1,338068430321	0,049799747765	0,118719704449	24,5823097229	24,43772315979	24,43772315979	24,871482849121	24,421657562256	25,080327987671	24,421657562256	25,080327987671	45043,5934371759
303	0,370375073376	0,370452063662	1,433657391917	1,337926486959	0,049799747765	0,118719704449	24,5823097229	24,43772315979	24,43772315979	24,871482849121	24,40559387207	25,080327987671	24,40559387207	25,080327987671	45043,6903594444
304	0,370374438839	0,37044809801	1,433664332998	1,337933180032	0,049799747765	0,118719704449	24,598375320435	24,43772315979	24,43772315979	24,887546539307	24,43772315979	25,144588470459	24,43772315979	25,144588470459	45043,7874114699
305	0,37034532742	0,370405526611	1,433550120161	1,337765704472	0,049799747765	0,118719704449	24,678701400757	24,518049240112	24,518049240112	24,935741424561	24,485919952393	25,112459182739	24,485919952393	25,112459182739	45043,8844128472
306	0,370300647315	0,370351234161	1,433414824671	1,337523530757	0,049799747765	0,118719704449	24,630504608154	24,453788757324	24,453788757324	24,903612136841	24,453788757324	25,112459182739	24,43772315979	25,112459182739	45043,9814726042
307	0,370204692077	0,370284062255	1,433063856779	1,337266938245	0,049799747765	0,118719704449	24,61443901062	24,485919952393	24,485919952393	24,903612136841	24,469854354858	25,128522872925	24,469854354858	25,128522872925	45044,0783328704
308	0,370199785094	0,370271182156	1,43306559293	1,337221059398	0,049799747765	0,118719704449	24,646570205688	24,469854354858	24,469854354858	24,903612136841	24,453788757324	25,080327987671	24,453788757324	25,080327987671	45044,1753354282
309	0,370157597717	0,370227275381	1,432930612285	1,33704313423	0,049799747765	0,118719704449	24,5823097229	24,485919952393	24,469854354858	24,887546539307	24,453788757324	25,080327987671	24,453788757324	25,080327987671	45044,2722851273
310	0,37011625747	0,370171721943	1,432775247005	1,336803822409	0,049799747765	0,118719704449	24,598375320435	24,389528274536	24,389528274536	24,855417251587	24,373462677002	25,016067504883	24,373462677002	25,016067504883	45044,3692613542
311	0,370043540327	0,370094234724	1,432570155498	1,336452323576	0,049799747765	0,118719704449	24,518049240112	24,341333389282	24,341333389282	24,75902557373	24,293138504028	24,983936309814	24,293138504028	24,983936309814	45044,4662257407
312	0,370033113714	0,370129126385	1,432558704916	1,336643844766	0,049799747765	0,118719704449	24,501985549927	24,421657562256	24,421657562256	24,823286056519	24,389528274536	25,064264297485	24,389528274536	25,064264297485	45044,563320787
313	0,370026970808	0,370123982398	1,432442267272	1,336707370979	0,049799747765	0,118719704449	24,598375320435	24,469854354858	24,469854354858	24,919677734375	24,43772315979	25,096393585205	24,43772315979	25,096393585205	45044,660283044
314	0,370008010893	0,370085196722	1,432339631194	1,336524655099	0,049799747765	0,118719704449	24,598375320435	24,485919952393	24,485919952393	24,903612136841	24,453788757324	25,176717758179	24,43772315979	25,176717758179	45044,7571105903
315	0,369986755833	0,370056793534	1,432244413614	1,336451770685	0,049799747765	0,118719704449	24,710830688477	24,550178527832	24,550178527832	24,983936309814	24,534114837646	25,176717758179	24,534114837646	25,176717758179	45044,8539231366
316	0,369983770657	0,37005541365	1,432272553602	1,336427086378	0,049799747765	0,118719704449	24,678701400757	24,518049240112	24,518049240112	24,935741424561	24,501985549927	25,144588470459	24,485919952393	25,144588470459	45044,9509212037
317	0,369953655281	0,370018010187	1,432194838494	1,336260867386	0,049799747765	0,118719704449	24,662635803223	24,518049240112	24,518049240112	24,935741424561	24,469854354858	25,144588470459	24,469854354858	25,144588470459	45045,0479650579
318	0,369885500153	0,369950846967	1,431938636834	1,33600985333	0,049799747765	0,118719704449	24,646570205688	24,501985549927	24,501985549927	24,935741424561	24,469854354858	25,112459182739	24,469854354858	25,112459182739	45045,1448587037
319	0,369819779053	0,36988497144	1,431715516457	1,335721470919	0,049799747765	0,118719704449	24,630504608154	24,453788757324	24,453788757324	24,887546539307	24,43772315979	25,080327987671	24,421657562256	25,080327987671	45045,2417559838
320	0,369791900538	0,369853986509	1,431643900225	1,335623057206	0,049799747765	0,118719704449	24,5823097229	24,453788757324	24,453788757324	24,887546539307	24,421657562256	25,080327987671	24,421657562256	25,080327987671	45045,3387457176
321	0,369743247487	0,369842348327	1,431439236969	1,33562624312	0,049799747765	0,118719704449	24,5823097229	24,469854354858	24,453788757324	24,887546539307	24,453788757324	25,096393585205	24,453788757324	25,096393585205	45045,4356161574
322	0,369735431314	0,369802319461	1,43135773005	1,335478826135	0,049799747765	0,118719704449	24,630504608154	24,469854354858	24,469854354858	24,903612136841	24,453788757324	25,112459182739	24,453788757324	25,112459182739	45045,5324549306
323	0,369756527984	0,369839731406	1,431464296481	1,335626970156	0,049799747765	0,118719704449	24,646570205688	24,485919952393	24,485919952393	24,919677734375	24,469854354858	25,128522872925	24,453788757324	25,128522872925	45045,6295029282
324	0,369697625878	0,369751935232	1,431222879841	1,335269189244	0,049799747765	0,118719704449	24,646570205688	24,485919952393	24,485919952393	24,935741424561	24,453788757324	25,112459182739	24,453788757324	25,112459182739	45045,7263562384
325	0,369648436075	0,369711866524	1,431072090886	1,335109716089	0,049799747765	0,118719704449	24,61443901062	24,518049240112	24,518049240112	24,983936309814	24,501985549927	25,160654067993	24,501985549927	25,176717758179	45045,823199294
326	0,369620393111	0,369686034696	1,430988629436	1,334994275916	0,049799747765	0,118719704449	24,694765090942	24,534114837646	24,534114837646	24,951807022095	24,485919952393	25,176717758179	24,469854354858	25,176717758179	45045,9200857292
327	0,369598768829	0,369664058103	1,430926308096	1,33491927496	0,049799747765	0,118719704449	24,678701400757	24,518049240112	24,518049240112	24,951807022095	24,501985549927	25,176717758179	24,485919952393	25,176717758179	45046,0170347569
328	0,369533622057	4,5778E-7	1,43067936615	1,454457E-6	0,049799747765	0,118719704449	24,678701400757	24,501985549927	24,485919952393	24,967872619629	24,501985549927	24,694765090942	24,485919952393	25,176717758179	45046,1208865625
329	0	0,207495326249	0	0,727953991088	0,051765903831	0,120809152722	24,501985549927	24,501985549927	24,501985549927	24,501985549927	24,453788757324	24,646570205688	24,421657562256	24,662635803223	45046,3677916204
330	0,375155929363	0,370225896557	1,450125672316	1,336914786443	0,051765903831	0,120809152722	24,518049240112	24,518049240112	24,469854354858	24,951807022095	24,485919952393	25,192785263062	24,469854354858	25,192785263062	45046,4654065741
331	0,370143939298	0,370039949905	1,432902235607	1,336250250024	0,051765903831	0,120809152722	24,678701400757	24,501985549927	24,501985549927	24,951807022095	24,501985549927	25,160654067993	24,485919952393	25,160654067993	45046,5623430787
332	0,369929245395	0,369910778471	1,432094880771	1,335796543674	0,051765903831	0,120809152722	24,646570205688	24,518049240112	24,518049240112	24,951807022095	24,501985549927	25,176717758179	24,485919952393	25,176717758179	45046,6592168287
333	0,369820005464	0,369821714739	1,431699771715	1,335476227389	0,051765903831	0,120809152722	24,678701400757	24,534114837646	24,518049240112	24,935741424561	24,501985549927	25,224912643433	24,501985549927	25,224912643433	45046,7560871875
334	0,369744645947	0,369759739162	1,431402172443	1,335280547604	0,051765903831	0,120809152722	24,742959976196	24,598375320435	24,598375320435	25,016067504883	24,566244125366	25,192785263062	24,550178527832	25,192785263062	45046,8529517014
335	0,369660113939	0,369665374191	1,431099984238	1,334894726737	0,051765903831	0,120809152722	24,726896286011	24,566244125366	24,566244125366	25,000001907349	24,518049240112	25,208848953247	24,518049240112	25,208848953247	45046,9498136921
336	0,369548010313	0,369577561277	1,430705286772	1,334544834122	0,051765903831	0,120809152722	24,710830688477	24,550178527832	24,550178527832	24,983936309814	24,534114837646	25,192785263062	24,518049240112	25,192785263062	45047,0466263889
337	0,369521303025	0,369543991216	1,430637166745	1,334419248002	0,051765903831	0,120809152722	24,694765090942	24,550178527832	24,534114837646	24,967872619629	24,518049240112	25,176717758179	24,518049240112	25,176717758179	45047,1435642708
338	0,369397390279	0,369434225866	1,430156631059	1,334007457623	0,051765903831	0,120809152722	24,662635803223	24,566244125366	24,550178527832	25,000001907349	24,534114837646	25,160654067993	24,518049240112	25,160654067993	45047,2403109375
339	0,369340468976	0,369383809847	1,429978617919	1,333826627091	0,051765903831	0,120809152722	24,678701400757	24,534114837646	24,534114837646	24,967872619629	24,469854354858	25,128522872925	24,453788757324	25,128522872925	45047,3371279977
340	0,369262287703	0,369338622797	1,42964817785	1,333711500632	0,051765903831	0,120809152722	24,646570205688	24,534114837646	24,518049240112	24,967872619629	24,534114837646	25,176717758179	24,518049240112	25,176717758179	45047,4338291551
341	0,369275840573	0,36931531782	1,429706365054	1,333623903887	0,051765903831	0,120809152722	24,678701400757	24,550178527832	24,550178527832	24,983936309814	24,534114837646	25,176717758179	24,518049240112	25,176717758179	45047,5306998843
342	0,369162631696	0,369222378298	1,429266495943	1,333248786616	0,051765903831	0,120809152722	24,694765090942	24,534114837646	24,534114837646	24,983936309814	24,501985549927	25,160654067993	24,501985549927	25,176717758179	45047,6273388426
343	0,369161408822	0,36922361915	1,429280226814	1,33330340627	0,051765903831	0,120809152722	24,694765090942	24,566244125366	24,566244125366	24,983936309814	24,550178527832	25,208848953247	24,550178527832	25,208848953247	45047,7240966435
344	0,369155463169	0,369218548495	1,429255406696	1,333293287471	0,051765903831	0,120809152722	24,710830688477	24,630504608154	24,630504608154	25,064264297485	24,598375320435	25,273111343384	24,598375320435	25,273111343384	45047,820958287
345	0,36912986173	0,369170683911	1,429189539023	1,333064080618	0,051765903831	0,120809152722	24,79115486145	24,5823097229	24,5823097229	25,032133102417	24,550178527832	25,240980148315	24,550178527832	25,240980148315	45047,9178815394
346	0,36903585108	0,369088012225	1,428854835632	1,332738841155	0,051765903831	0,120809152722	24,75902557373	24,5823097229	24,5823097229	25,032133102417	24,5823097229	25,240980148315	24,566244125366	25,240980148315	45048,0146864699
347	0,368936671769	0,368980838576	1,428482717278	1,332305019221	0,051765903831	0,120809152722	24,710830688477	24,534114837646	24,534114837646	24,983936309814	24,518049240112	25,192785263062	24,518049240112	25,192785263062	45048,1113807986
348	0,368916426912	0,368973053719	1,42846799527	1,332284460763	0,051765903831	0,120809152722	24,694765090942	24,550178527832	24,550178527832	24,983936309814	24,550178527832	25,224912643433	24,550178527832	25,224912643433	45048,2082133449
349	0,36886343347	0,368925295102	1,428241416028	1,332121687822	0,051765903831	0,120809152722	24,726896286011	24,5823097229	24,5823097229	24,983936309814	24,550178527832	25,176717758179	24,550178527832	25,176717758179	45048,3049368634
350	0,368806446743	0,368876193265	1,428039629804	1,331932140716	0,051765903831	0,120809152722	24,646570205688	24,518049240112	24,518049240112	24,935741424561	24,501985549927	25,176717758179	24,501985549927	25,176717758179	45048,4016803356
351	0,368789395779	0,368766390403	1,427970522828	1,331434377546	0,051765903831	0,120809152722	24,662635803223	24,5823097229	24,5823097229	24,983936309814	24,116422653198	25,000001907349	24,100357055664	25,000001907349	45048,4984139931
352	0,3686167542	0,368670827391	1,427495030569	1,330940937871	0,051765903831	0,120809152722	24,485919952393	24,325267791748	24,325267791748	24,742959976196	24,277072906494	24,935741424561	24,277072906494	24,935741424561	45048,5952189815
353	0,368538207729	0,368597173361	1,427243774054	1,330685861618	0,051765903831	0,120809152722	24,469854354858	24,325267791748	24,325267791748	24,75902557373	24,277072906494	24,951807022095	24,277072906494	24,951807022095	45048,6919726505
354	0,368467673267	0,368532654615	1,426999772018	1,330437464543	0,051765903831	0,120809152722	24,421657562256	24,277072906494	24,277072906494	24,726896286011	24,293138504028	24,967872619629	24,293138504028	24,983936309814	45048,7886728935
355	0,368439788433	0,368511956386	1,426893416919	1,330362045149	0,051765903831	0,120809152722	24,453788757324	24,293138504028	24,293138504028	24,742959976196	24,26100730896	25,176717758179	24,26100730896	25,176717758179	45048,8854164005
356	0,368449617289	0,368548140827	1,426831730861	1,330644320921	0,051765903831	0,120809152722	24,678701400757	24,550178527832	24,550178527832	24,983936309814	24,518049240112	25,160654067993	24,518049240112	25,176717758179	45048,9820606482
357	0,368471735868	0,368528740675	1,426880183006	1,330569074081	0,051765903831	0,120809152722	24,694765090942	24,534114837646	24,518049240112	24,967872619629	24,485919952393	25,160654067993	24,485919952393	25,176717758179	45049,0787939815
358	0,368409269325	0,368465470837	1,426657456687	1,330309375613	0,051765903831	0,120809152722	24,678701400757	24,501985549927	24,501985549927	24,935741424561	24,469854354858	25,128522872925	24,453788757324	25,128522872925	45049,1754772917
359	0,368360178223	0,368433195251	1,426500356643	1,330196128872	0,051765903831	0,120809152722	24,646570205688	24,534114837646	24,534114837646	24,983936309814	24,485919952393	25,144588470459	24,485919952393	25,144588470459	45049,2721447222
360	0,36834282847	0,36841254068	1,426385924113	1,330188063431	0,051765903831	0,120809152722	24,694765090942	24,566244125366	24,566244125366	24,983936309814	24,534114837646	25,160654067993	24,534114837646	25,160654067993	45049,3687737963
361	0,368257951613	0,368340152304	1,42604601819	1,329933078676	0,051765903831	0,120809152722	24,694765090942	24,566244125366	24,550178527832	24,967872619629	24,518049240112	25,208848953247	24,518049240112	25,208848953247	45049,4652082523
362	0,368284067484	0,368349109349	1,426158742751	1,329983485806	0,051765903831	0,120809152722	24,710830688477	24,566244125366	24,566244125366	25,000001907349	24,534114837646	25,192785263062	24,518049240112	25,192785263062	45049,5618715394
363	0,368257225571	0,368314334887	1,426090978625	1,329813020122	0,051765903831	0,120809152722	24,710830688477	24,550178527832	24,534114837646	24,983936309814	24,534114837646	25,240980148315	24,518049240112	25,240980148315	45049,6585694444
364	0,368180941985	0,368254938721	1,425796530782	1,32957493963	0,051765903831	0,120809152722	24,710830688477	24,550178527832	24,550178527832	25,000001907349	24,534114837646	25,208848953247	24,534114837646	25,224912643433	45049,7551325463
365	0,368173307281	0,368254911169	1,425760601604	1,329590895582	0,051765903831	0,120809152722	24,75902557373	24,630504608154	24,630504608154	25,096393585205	24,61443901062	25,273111343384	24,61443901062	25,273111343384	45049,8516718403
366	0,368125665437	0,368183876609	1,425585178895	1,329297362629	0,051765903831	0,120809152722	24,775091171265	24,630504608154	24,61443901062	25,064264297485	24,630504608154	25,240980148315	24,61443901062	25,240980148315	45049,9481662153
367	0,368125749975	0,368182555428	1,425635208814	1,329291109854	0,051765903831	0,120809152722	24,75902557373	24,61443901062	24,598375320435	25,048198699951	24,5823097229	25,240980148315	24,5823097229	25,240980148315	45050,0448975347
368	0,368047386449	0,368116708302	1,425357393402	1,329002275521	0,051765903831	0,120809152722	24,726896286011	24,566244125366	24,566244125366	25,016067504883	24,550178527832	25,208848953247	24,550178527832	25,208848953247	45050,1415496296
369	0,36797406866	0,368046974146	1,425115595779	1,328719940691	0,051765903831	0,120809152722	24,710830688477	24,550178527832	24,550178527832	24,967872619629	24,550178527832	25,224912643433	24,550178527832	25,240980148315	45050,2381144676
370	0,367967865264	0,368054702206	1,425098654604	1,328845229775	0,051765903831	0,120809152722	24,726896286011	24,61443901062	24,61443901062	25,032133102417	24,566244125366	25,240980148315	24,566244125366	25,240980148315	45050,3347272801
371	0,367965184296	0,368046945111	1,42505397616	1,328836073841	0,051765903831	0,120809152722	24,742959976196	24,61443901062	24,598375320435	25,048198699951	24,5823097229	25,257043838501	24,5823097229	25,273111343384	45050,4313735301
372	0,367945481305	0,368025029554	1,424936587394	1,328789341013	0,051765903831	0,120809152722	24,775091171265	24,630504608154	24,630504608154	25,064264297485	24,61443901062	25,305240631104	24,61443901062	25,305240631104	45050,5279773611
373	0,367923435888	0,367997910034	1,424868800068	1,328670005936	0,051765903831	0,120809152722	24,79115486145	24,630504608154	24,630504608154	25,064264297485	24,61443901062	25,289175033569	24,61443901062	25,289175033569	45050,6246647685
374	0,367870554654	0,367944851872	1,424659610973	1,328481786073	0,051765903831	0,120809152722	24,807220458984	24,646570205688	24,646570205688	25,096393585205	24,646570205688	25,321304321289	24,646570205688	25,337368011475	45050,7211530556
375	0,367870948972	0,367952641392	1,424665233542	1,328535302513	0,051765903831	0,120809152722	24,839351654053	24,726896286011	24,726896286011	25,144588470459	24,710830688477	25,353435516357	24,710830688477	25,353435516357	45050,8177215394
376	0,367834915555	0,367881638195	1,424515945378	1,328210783946	0,051765903831	0,120809152722	24,871482849121	24,694765090942	24,678701400757	25,128522872925	24,646570205688	25,305240631104	24,646570205688	25,305240631104	45050,9142164583
377	0,367791154822	0,367854503627	1,424411184409	1,328080821022	0,051765903831	0,120809152722	24,807220458984	24,646570205688	24,646570205688	25,080327987671	24,646570205688	25,321304321289	24,646570205688	25,321304321289	45051,0108250347
378	0,367764194116	0,367811905949	1,424333396453	1,327894653291	0,051765903831	0,120809152722	24,823286056519	24,630504608154	24,630504608154	25,096393585205	24,598375320435	25,289175033569	24,598375320435	25,289175033569	45051,1074734028
379	0,367696615432	5,03557E-7	1,424104893921	1,601866E-6	0,051765903831	0,120809152722	24,775091171265	24,630504608154	24,61443901062	25,096393585205	24,61443901062	24,807220458984	24,61443901062	25,305240631104	45051,2110783565
380	0	0,206348626234	0	0,723861641188	0,050919335335	0,121735289693	24,646570205688	24,646570205688	24,646570205688	24,646570205688	24,630504608154	24,807220458984	24,61443901062	24,823286056519	45051,457084838
381	0,373438131133	0,368350569129	1,44387957628	1,329873156778	0,050919335335	0,121735289693	24,710830688477	24,726896286011	24,662635803223	25,160654067993	24,710830688477	25,369499206543	24,694765090942	25,369499206543	45051,5543041551
382	0,368292272099	0,368214925326	1,42621924009	1,329459319983	0,050919335335	0,121735289693	24,887546539307	24,775091171265	24,775091171265	25,192785263062	24,742959976196	25,417694091797	24,742959976196	25,417694091797	45051,6509567014
383	0,368126254585	0,36811669495	1,425549203579	1,329120281599	0,050919335335	0,121735289693	24,935741424561	24,79115486145	24,775091171265	25,257043838501	24,742959976196	25,417694091797	24,742959976196	25,417694091797	45051,7475230556
384	0,367957731378	0,367955256194	1,424902248277	1,328437430649	0,050919335335	0,121735289693	24,951807022095	24,775091171265	24,775091171265	25,257043838501	24,75902557373	25,385566711426	24,742959976196	25,385566711426	45051,8438868287
385	0,36791096615	0,367941068482	1,424825688434	1,32835848927	0,050919335335	0,121735289693	24,887546539307	24,75902557373	24,75902557373	25,176717758179	24,726896286011	25,417694091797	24,726896286011	25,417694091797	45051,9404633796
386	0,36784446689	0,36787900114	1,424580101369	1,328133038993	0,050919335335	0,121735289693	24,919677734375	24,742959976196	24,742959976196	25,208848953247	24,726896286011	25,385566711426	24,710830688477	25,401630401611	45052,0370565278
387	0,367775263172	0,367822238214	1,424347036632	1,327910398427	0,050919335335	0,121735289693	24,903612136841	24,726896286011	24,726896286011	25,192785263062	24,726896286011	25,385566711426	24,710830688477	25,385566711426	45052,133643287
388	0,367713986328	0,367770561418	1,424125123385	1,327710814012	0,050919335335	0,121735289693	24,887546539307	24,75902557373	24,75902557373	25,192785263062	24,742959976196	25,385566711426	24,726896286011	25,401630401611	45052,2302126042
389	0,367642567694	0,367702115169	1,423846984543	1,327470509804	0,050919335335	0,121735289693	24,871482849121	24,742959976196	24,742959976196	25,176717758179	24,726896286011	25,369499206543	24,726896286011	25,369499206543	45052,3266630671
390	0,367611385681	0,367682751045	1,423723030678	1,32743436146	0,050919335335	0,121735289693	24,871482849121	24,742959976196	24,726896286011	25,176717758179	24,710830688477	25,401630401611	24,710830688477	25,401630401611	45052,4232023264
391	0,367582067255	0,367667253387	1,423605355521	1,327419967653	0,050919335335	0,121735289693	24,903612136841	24,775091171265	24,775091171265	25,192785263062	24,75902557373	25,401630401611	24,742959976196	25,401630401611	45052,5197160995
392	0,367575148616	0,36764524225	1,423563659059	1,327353900962	0,050919335335	0,121735289693	24,919677734375	24,775091171265	24,775091171265	25,240980148315	24,75902557373	25,401630401611	24,75902557373	25,401630401611	45052,6162764815
393	0,367552162962	0,367625886181	1,423486458231	1,327295888357	0,050919335335	0,121735289693	24,903612136841	24,79115486145	24,79115486145	25,208848953247	24,75902557373	25,417694091797	24,75902557373	25,43376159668	45052,7128031944
394	0,367504736191	0,367574282925	1,42330530842	1,327077617656	0,050919335335	0,121735289693	24,903612136841	24,855417251587	24,823286056519	25,208848953247	24,855417251587	25,481956481934	24,839351654053	25,498020172119	45052,8092556944
395	0,367439686286	0,367500613637	1,423066672628	1,326756830499	0,050919335335	0,121735289693	24,967872619629	24,855417251587	24,823286056519	25,240980148315	24,79115486145	25,43376159668	24,775091171265	25,449825286865	45052,9055714468
396	0,367442948115	0,367508355258	1,423138064677	1,326786384856	0,050919335335	0,121735289693	24,903612136841	24,79115486145	24,79115486145	25,240980148315	24,79115486145	25,449825286865	24,79115486145	25,449825286865	45053,0021494444
397	0,367409329886	0,367478595505	1,423023265844	1,326660184875	0,050919335335	0,121735289693	24,951807022095	24,79115486145	24,79115486145	25,224912643433	24,75902557373	25,449825286865	24,75902557373	25,449825286865	45053,0987272454
398	0,367375629622	0,367439955635	1,422915583222	1,326507723244	0,050919335335	0,121735289693	24,935741424561	24,807220458984	24,807220458984	25,240980148315	24,775091171265	25,449825286865	24,775091171265	25,449825286865	45053,1953409259
399	0,3673202276	0,367389527958	1,422706559298	1,326310105102	0,050919335335	0,121735289693	24,935741424561	24,807220458984	24,79115486145	25,240980148315	24,775091171265	25,43376159668	24,775091171265	25,449825286865	45053,291853588
400	0,367275089894	0,367318441899	1,422542949044	1,326050914106	0,050919335335	0,121735289693	24,903612136841	24,742959976196	24,726896286011	25,144588470459	24,742959976196	25,385566711426	24,726896286011	25,385566711426	45053,3883348495
401	0,367242728946	0,367340398784	1,422397598167	1,326182521689	0,050919335335	0,121735289693	24,935741424561	24,807220458984	24,75902557373	25,224912643433	24,75902557373	25,449825286865	24,726896286011	25,449825286865	45053,4848825
402	0,367223929106	0,367291359891	1,422291084797	1,326019615284	0,050919335335	0,121735289693	24,951807022095	24,775091171265	24,775091171265	25,273111343384	24,775091171265	25,449825286865	24,742959976196	25,481956481934	45053,5812807176
403	0,367232798857	0,367312013189	1,422342623143	1,326121376214	0,050919335335	0,121735289693	24,983936309814	24,839351654053	24,839351654053	25,305240631104	24,79115486145	25,530149459839	24,775091171265	25,530149459839	45053,6778041667
404	0,36717897402	0,367250002219	1,42208891193	1,3258719977	0,050919335335	0,121735289693	25,016067504883	24,887546539307	24,807220458984	25,353435516357	24,823286056519	25,530149459839	24,775091171265	25,562280654907	45053,774176956
405	0,36716724528	0,367204811355	1,422107083501	1,325629980048	0,050919335335	0,121735289693	25,048198699951	24,871482849121	24,871482849121	25,353435516357	24,855417251587	25,530149459839	24,839351654053	25,530149459839	45053,8705443056
406	0,367116360701	0,367185518016	1,421934057233	1,325544395814	0,050919335335	0,121735289693	25,000001907349	24,839351654053	24,839351654053	25,321304321289	24,807220458984	25,481956481934	24,807220458984	25,498020172119	45053,9669935301
407	0,367086388342	0,367149242235	1,421857238533	1,325393755076	0,050919335335	0,121735289693	24,983936309814	24,807220458984	24,742959976196	25,305240631104	24,823286056519	25,498020172119	24,775091171265	25,498020172119	45054,0635066319
408	0,367033657433	0,367105354746	1,421669400174	1,32522682086	0,050919335335	0,121735289693	25,000001907349	24,823286056519	24,775091171265	25,305240631104	24,807220458984	25,449825286865	24,775091171265	25,514085769653	45054,1599902546
409	0,36700298908	0,36706789766	1,421568429534	1,32506631877	0,050919335335	0,121735289693	24,967872619629	24,871482849121	24,855417251587	25,289175033569	24,79115486145	25,465890884399	24,775091171265	25,481956481934	45054,2563839468
410	0,366954545306	0,367011069037	1,421395510214	1,324845490618	0,050919335335	0,121735289693	24,983936309814	24,75902557373	24,742959976196	25,321304321289	24,75902557373	25,401630401611	24,710830688477	25,43376159668	45054,3528283681
411	0,366907774606	0,366995569472	1,421235398271	1,324817222829	0,050919335335	0,121735289693	24,903612136841	24,775091171265	24,75902557373	25,208848953247	24,742959976196	25,43376159668	24,710830688477	25,43376159668	45054,4492645139
412	0,366890015828	0,36698402136	1,421122121863	1,324834579197	0,050919335335	0,121735289693	24,967872619629	24,871482849121	24,839351654053	25,321304321289	24,855417251587	25,481956481934	24,79115486145	25,514085769653	45054,5456134954
413	0,318559156411		1,218113754706		0,050919335335	0,121735289693	24,983936309814	25,273111343384	24,871482849121	25,289175033569					45054,5811171296
