TesterID:	Maccor#2						
Channel Number:	63						
TestName:	KAI_Zelltest_regulaer_fix_no_degass_flag.000						
TestDesc:	Regular cycling: formation, followed by pulse, C-rate quick charge and cycling t						
StartDateTime:	45007,4455841088						
Comment:							
							
							
Cycle	AH-IN	AH-OUT	WH-IN	WH-OUT	ACR	DCIR	Date
0		2,41821E-7		6,0147E-8	0	0	45007,6123690162
1	0,506272211509	0,431982134604	1,883039964858	1,584037282317	0	0	45008,0397567708
2	0,435099699435	0,43218984055	1,634924463458	1,58532320206	0	0	45008,4422319213
3	0,447153245972	2,86327E-7	1,68453853329	9,23069E-7	0	0	45008,9171492824
4	1,88830395971618E-12	2,88012E-7	7,08527890373748E-12	9,37232E-7	0,045530829579	0,128634363413	45009,212696088
5	0,437756299961	0,435638375706	1,657688164525	1,599024587337	0,045530829579	0,128634363413	45009,4699341319
6	0,436203001764	0,434464241242	1,651475529186	1,594958507067	0,045530829579	0,128634363413	45009,7331567824
7	0,434966871044	0,433475316121	1,646501620031	1,591469475803	0,045530829579	0,128634363413	45009,9953538773
8	0,433942453069	0,411222426502	1,642370032976	1,483588711826	0,045530829579	0,128634363413	45010,1773938773
9	0,411862732074	0,410007016798	1,565727140268	1,479478345948	0,045530829579	0,128634363413	45010,3531601389
10	0,41058008703	0,409104188371	1,560850416981	1,476449399213	0,045530829579	0,128634363413	45010,5283104514
11	0,40967202427	0,343234833882	1,557348902571	1,210231702394	0,045530829579	0,128634363413	45010,6817668171
12	0,343844558101	0,343077220054	1,323706128657	1,210554800327	0,045530829579	0,128634363413	45010,8171141435
13	0,343694649259	0,342180843862	1,322904720565	1,207570354315	0,045530829579	0,128634363413	45010,9524448264
14	0,342704539106	0,425256144297	1,319098013707	1,562416887744	0,045530829579	0,128634363413	45011,2279787731
15	0,425560126689	0,425775287156	1,61039083386	1,564332167494	0,045530829579	0,128634363413	45011,4844708449
16	0,42607191359	2,64699E-7	1,6120600431	8,42782E-7	0,045530829579	0,128634363413	45011,7481415046
17	0,372481027197	0,373024707388	1,417239193996	1,35029741374	0,045530829579	0,128634363413	45011,8889124537
18	0,37225629402	0,372420777774	1,415991095089	1,347903738108	0,045530829579	0,128634363413	45012,0363815046
19	0,371985028665	0,371987985291	1,414695237482	1,346246772424	0,045530829579	0,128634363413	45012,183711875
20	0,347747996474	0,336996223164	1,350506458955	1,212684113575	0,045530829579	0,128634363413	45012,3038685648
21	0,336285600869	0,325406398502	1,305596978941	1,171823529114	0,045530829579	0,128634363413	45012,420396794
22	0,324730268496	2,74247E-7	1,261149808645	8,37908E-7	0,045530829579	0,128634363413	45012,5408784722
23	2,35243254240736E-13	0,223832517192	8,80647666605727E-13	0,785556796906	0,044336020947	0,112918958068	45012,8010096991
24	0,395356173148	0,388355323115	1,524986194275	1,403391640845	0,044336020947	0,112918958068	45012,9036667824
25	0,388659703011	0,387520815899	1,501751760958	1,400514034665	0,044336020947	0,112918958068	45013,0052611806
26	0,387813214797	0,386872506052	1,498553777656	1,398251047312	0,044336020947	0,112918958068	45013,106727338
27	0,387110173702	0,386270583203	1,495895786544	1,396134387715	0,044336020947	0,112918958068	45013,2079917593
28	0,386452329954	0,385702322608	1,493403981729	1,394112344361	0,044336020947	0,112918958068	45013,3089113889
29	0,385922025722	0,385199815678	1,491409542653	1,392324894239	0,044336020947	0,112918958068	45013,4098125463
30	0,385370962942	0,384703894925	1,489322543723	1,390543750056	0,044336020947	0,112918958068	45013,5104414931
31	0,384928120469	0,384311180262	1,487659366033	1,389174509576	0,044336020947	0,112918958068	45013,6110489236
32	0,384468748478	0,383872060794	1,485902741823	1,387613648657	0,044336020947	0,112918958068	45013,7115600116
33	0,384043269633	0,383467725537	1,484302349696	1,386181421476	0,044336020947	0,112918958068	45013,8119650463
34	0,383617352284	0,383076381007	1,48268239493	1,384774588248	0,044336020947	0,112918958068	45013,9122176505
35	0,38323359339	0,382703110787	1,481223507746	1,383441629668	0,044336020947	0,112918958068	45014,0123637616
36	0,382839850146	0,382331112366	1,479738813327	1,382113852857	0,044336020947	0,112918958068	45014,1124254398
37	0,382488581933	0,381991366854	1,478426625982	1,380901916285	0,044336020947	0,112918958068	45014,2124693518
38	0,382107125644	0,381633594714	1,476964678538	1,37961801467	0,044336020947	0,112918958068	45014,3123028935
39	0,381780650613	0,381297763139	1,475747698209	1,378420757909	0,044336020947	0,112918958068	45014,412116412
40	0,381401326897	0,380942532689	1,474308422492	1,377135334899	0,044336020947	0,112918958068	45014,5116571644
41	0,38114227175	0,380707531883	1,473328272264	1,376330455121	0,044336020947	0,112918958068	45014,6112712269
42	0,380775246583	0,380340693344	1,47187344841	1,375027411386	0,044336020947	0,112918958068	45014,7104734375
43	0,380511713342	0,38007460143	1,470900432955	1,374078772446	0,044336020947	0,112918958068	45014,8098487963
44	0,380216221982	0,379805931597	1,469777992254	1,373131090653	0,044336020947	0,112918958068	45014,9091436806
45	0,379937914983	0,379529528192	1,468712632208	1,372138872397	0,044336020947	0,112918958068	45015,0083789931
46	0,379677249015	0,37927251434	1,467723102219	1,371244172148	0,044336020947	0,112918958068	45015,1076149537
47	0,379364355883	0,378972831601	1,466540862937	1,370161476978	0,044336020947	0,112918958068	45015,2066718982
48	0,379094206298	0,378733853066	1,465515123173	1,369323460195	0,044336020947	0,112918958068	45015,3056599769
49	0,378867260527	0,378483343798	1,464658989854	1,368432689726	0,044336020947	0,112918958068	45015,4047266435
50	0,378568735967	0,378204267732	1,463522589615	1,367418407136	0,044336020947	0,112918958068	45015,5035464236
51	0,378328591405	0,377983515251	1,462592297436	1,366641417025	0,044336020947	0,112918958068	45015,602254456
52	0,37811440122	0,377772888827	1,461750062538	1,365923036943	0,044336020947	0,112918958068	45015,7009408102
53	0,377915194063	0,377580415977	1,460976145615	1,365251308663	0,044336020947	0,112918958068	45015,799628287
54	0,377672017115	0,377328575145	1,460029555909	1,364356382051	0,044336020947	0,112918958068	45015,8981784607
55	0,377439177271	0,377099954731	1,459162889469	1,363533508765	0,044336020947	0,112918958068	45015,9967092708
56	0,377224818702	0,37689071603	1,458353711621	1,362782665746	0,044336020947	0,112918958068	45016,0952233912
57	0,377005534618	0,37668017798	1,45750289608	1,362033717574	0,044336020947	0,112918958068	45016,193663669
58	0,376739177685	0,376433452525	1,456459336667	1,361157682825	0,044336020947	0,112918958068	45016,2918202893
59	0,376505543513	0,376186777296	1,455563498686	1,360274905878	0,044336020947	0,112918958068	45016,3898343403
60	0,376337382149	0,376024042584	1,454979824637	1,359692563797	0,044336020947	0,112918958068	45016,4880380556
61	0,376099066273	0,375809614756	1,454057352173	1,35894214366	0,044336020947	0,112918958068	45016,5861267593
62	0,375958477415	0,375672681566	1,453519731279	1,358470825658	0,044336020947	0,112918958068	45016,6842495486
63	0,375762272091	0,375468645553	1,452753312077	1,357761518969	0,044336020947	0,112918958068	45016,7823171875
64	0,37554146184	0,375260642197	1,45190486279	1,357026464167	0,044336020947	0,112918958068	45016,8802122338
65	0,375341299276	0,375060376861	1,451133864873	1,356297244824	0,044336020947	0,112918958068	45016,9779859491
66	0,375182505235	0,374900296581	1,450535844113	1,355737476904	0,044336020947	0,112918958068	45017,0758736458
67	0,374983341418	0,374692333279	1,449794512115	1,354996159077	0,044336020947	0,112918958068	45017,1736693634
68	0,374799935376	0,374515422089	1,449093645452	1,354367935756	0,044336020947	0,112918958068	45017,2714661111
69	0,37458876906	0,374307413223	1,448276211437	1,353609708869	0,044336020947	0,112918958068	45017,3691135069
70	0,374415147799	0,374149800242	1,447627050184	1,353046772476	0,044336020947	0,112918958068	45017,4667697801
71	0,374251674632	0,373988438841	1,447005481404	1,352492094653	0,044336020947	0,112918958068	45017,5643486921
72	0,37406888354	0,373819183439	1,446267709983	1,351892999072	0,044336020947	0,112918958068	45017,6617896644
73	0,373933917968	2,7022E-7	1,445758885679	8,65392E-7	0,044336020947	0,112918958068	45017,7663276042
74	0	0,211476260898	0	0,742247136747	0,047146297991	0,110892675817	45018,0150592014
75	0,380113781102	0,374235094997	1,466952980234	1,353485404767	0,047146297991	0,110892675817	45018,1132633681
76	0,374349844106	0,373883775725	1,447086022926	1,352248040344	0,047146297991	0,110892675817	45018,2107885532
77	0,373943857141	0,373568635389	1,445526039336	1,351113597797	0,047146297991	0,110892675817	45018,3080937732
78	0,373647088264	0,373280588711	1,444448952081	1,350062958522	0,047146297991	0,110892675817	45018,4054344097
79	0,373380961285	0,37306361072	1,443497184727	1,349295312442	0,047146297991	0,110892675817	45018,5026990394
80	0,37313274254	0,372827217105	1,442557380503	1,348437442555	0,047146297991	0,110892675817	45018,5998356366
81	0,372911286027	0,372624435089	1,441733796988	1,347711376851	0,047146297991	0,110892675817	45018,6969406366
82	0,372692831567	0,37241257311	1,440927316572	1,346925695058	0,047146297991	0,110892675817	45018,793973912
83	0,372457081821	0,372180050411	1,440054587332	1,346080249579	0,047146297991	0,110892675817	45018,8908300579
84	0,372274377304	0,372004380076	1,439382580876	1,345453140316	0,047146297991	0,110892675817	45018,9877175463
85	0,372105029474	0,371815829219	1,438769216337	1,344776925847	0,047146297991	0,110892675817	45019,0846489931
86	0,371878869567	0,371592410223	1,437928718042	1,343962790708	0,047146297991	0,110892675817	45019,1814655556
87	0,371686924339	0,371418029909	1,437226871868	1,34333174283	0,047146297991	0,110892675817	45019,2782694444
88	0,371498987123	0,371243682444	1,43651320942	1,342706296691	0,047146297991	0,110892675817	45019,3750796528
89	0,371298920342	0,371055048085	1,435791693003	1,342000872565	0,047146297991	0,110892675817	45019,4718244444
90	0,37113125987	0,370878096415	1,435164887837	1,341351655103	0,047146297991	0,110892675817	45019,5685393171
91	0,370984707731	0,370735995289	1,434624320631	1,340847065134	0,047146297991	0,110892675817	45019,6651785648
92	0,370778963932	0,370541017204	1,433830173569	1,340137909146	0,047146297991	0,110892675817	45019,7617057176
93	0,37062353576	0,370386041279	1,43327312023	1,339583761662	0,047146297991	0,110892675817	45019,8582497454
94	0,370425777552	0,370201323827	1,432526336753	1,338919444092	0,047146297991	0,110892675817	45019,9546671065
95	0,370264211392	0,370041166617	1,431947638487	1,338339668192	0,047146297991	0,110892675817	45020,0510774074
96	0,370140536849	0,369904202698	1,431514499521	1,337842713888	0,047146297991	0,110892675817	45020,1475482755
97	0,369925535777	0,369682063339	1,430720696972	1,337025304171	0,047146297991	0,110892675817	45020,2438285185
98	0,369755362691	0,369498417196	1,430115595501	1,336574391066	0,047146297991	0,110892675817	45020,3416941667
99	0,36960070627	0,369370806633	1,429566607224	1,335877142665	0,047146297991	0,110892675817	45020,4380954861
100	0,36940588312	0,369192541838	1,428797958685	1,335228013122	0,047146297991	0,110892675817	45020,5342342477
101	0,369340210554	0,369122789035	1,42852733479	1,335044855653	0,047146297991	0,110892675817	45020,6305611806
102	0,369148549949	0,368903182677	1,427863694422	1,33417741759	0,047146297991	0,110892675817	45020,7267487616
103	0,368989999358	0,368784370422	1,427261793166	1,333775099278	0,047146297991	0,110892675817	45020,8229595023
104	0,368831638182	0,368612619534	1,42664937042	1,333156982307	0,047146297991	0,110892675817	45020,9190355324
105	0,368676832065	0,36845631205	1,426090659179	1,332593948735	0,047146297991	0,110892675817	45021,0150675926
106	0,368531327338	0,368315564949	1,425552728457	1,332063015201	0,047146297991	0,110892675817	45021,1111370255
107	0,368374198106	0,368161812928	1,424967505807	1,331516073792	0,047146297991	0,110892675817	45021,2070896296
108	0,368240998123	0,368026183958	1,424483259305	1,331038036476	0,047146297991	0,110892675817	45021,3030921065
109	0,368068455607	0,367856952506	1,423835483592	1,330419621764	0,047146297991	0,110892675817	45021,3990072106
110	0,367930518591	0,367734312356	1,423330375319	1,329970626718	0,047146297991	0,110892675817	45021,4948915741
111	0,367791794251	0,367596000557	1,422799922971	1,329478191685	0,047146297991	0,110892675817	45021,5906704167
112	0,367663849152	0,367466881044	1,422323997663	1,32900908215	0,047146297991	0,110892675817	45021,6864641319
113	0,367546158173	0,367333880229	1,42173087389	1,328532277509	0,047146297991	0,110892675817	45021,7826146412
114	0,367391022333	0,367180156606	1,421313338342	1,327988050553	0,047146297991	0,110892675817	45021,8784158912
115	0,367223391911	0,367014795432	1,420689425883	1,327377370145	0,047146297991	0,110892675817	45021,9740550463
116	0,367099316925	0,366872756616	1,420242586591	1,326894042673	0,047146297991	0,110892675817	45022,0697856134
117	0,366921703206	0,366717748267	1,419585609207	1,32633218683	0,047146297991	0,110892675817	45022,1654340046
118	0,366766990233	0,366549882496	1,419008864703	1,325718799027	0,047146297991	0,110892675817	45022,2610248727
119	0,366607667682	0,366396158447	1,418411484239	1,325175252989	0,047146297991	0,110892675817	45022,3565584606
120	0,366480743892	0,366287626536	1,417961333065	1,324767940581	0,047146297991	0,110892675817	45022,452121169
121	0,366338990544	0,366145564193	1,417401984859	1,32426340595	0,047146297991	0,110892675817	45022,5475406829
122	0,366233786003	0,366040971865	1,417011686885	1,323892915775	0,047146297991	0,110892675817	45022,6430332407
123	0,366112795908	0,365918223631	1,416561482581	1,323448699392	0,047146297991	0,110892675817	45022,7385254514
124	0,36597841521	2,89082E-7	1,416054316001	9,24658E-7	0,047146297991	0,110892675817	45022,8409445139
125	7,75666946415401E-13	0,204931237947	2,90655340025994E-12	0,719322227461	0,046372674406	0,113849751651	45023,0850097801
126	0,371969210921	0,366429696082	1,436729519779	1,32537688336	0,046372674406	0,113849751651	45023,181188831
127	0,366988464484	0,358730275949	1,419641366695	1,297864827846	0,046372674406	0,113849751651	45025,4807215856
128	0,35933605889	0,359816621877	1,390432148293	1,302662860273	0,046372674406	0,113849751651	45025,5743636574
129	0,359919268543	0,360105817642	1,392615863897	1,303757027535	0,046372674406	0,113849751651	45025,6681899653
130	0,360177977337	0,360246687024	1,3935961396	1,304246856124	0,046372674406	0,113849751651	45025,7620337037
131	0,360338165468	0,360343494707	1,394220041697	1,304545268836	0,046372674406	0,113849751651	45025,8559770139
132	0,360361643682	0,360337086342	1,394325276794	1,304457152472	0,046372674406	0,113849751651	45025,9497628009
133	0,360403363826	0,360353836722	1,394527807233	1,304474924501	0,046372674406	0,113849751651	45026,0436003819
134	0,360382170231	0,360313801288	1,394473204292	1,304271931524	0,046372674406	0,113849751651	45026,1373986574
135	0,360386740303	0,360306060936	1,394534665809	1,304206146929	0,046372674406	0,113849751651	45026,2312598148
136	0,360371888428	0,360264745652	1,394525937989	1,304000103644	0,046372674406	0,113849751651	45026,3251180671
137	0,360332741875	0,360227271187	1,394429251284	1,303832059951	0,046372674406	0,113849751651	45026,4190497106
138	0,3602798704	0,360163957269	1,394253206383	1,303554527369	0,046372674406	0,113849751651	45026,5129129977
139	0,360219503568	0,360118790141	1,394070293492	1,303382658535	0,046372674406	0,113849751651	45026,6067527546
140	0,360181728575	0,360046438639	1,393926270688	1,303079658765	0,046372674406	0,113849751651	45026,700596713
141	0,360103964908	0,35997668075	1,393692221771	1,302786356519	0,046372674406	0,113849751651	45026,7944244097
142	0,360021921765	0,359877229439	1,393406329668	1,302386185552	0,046372674406	0,113849751651	45026,8881775231
143	0,359923577794	0,359773899371	1,393075706234	1,301980156687	0,046372674406	0,113849751651	45026,9819176852
144	0,35985990579	0,359715735582	1,392901255122	1,301737331927	0,046372674406	0,113849751651	45027,0757228125
145	0,359760429715	0,359617623039	1,392555466046	1,30135580521	0,046372674406	0,113849751651	45027,1695070949
146	0,359665468008	0,359527213122	1,392211654435	1,30099083545	0,046372674406	0,113849751651	45027,263213669
147	0,359570447999	0,359417372113	1,391881312937	1,300561834627	0,046372674406	0,113849751651	45027,3569147569
148	0,359509979513	0,359341192931	1,39174537753	1,300268115338	0,046372674406	0,113849751651	45027,4507111921
149	0,359374416709	0,359215923779	1,391251775324	1,29976111836	0,046372674406	0,113849751651	45027,5443616782
150	0,35931458258	0,359165544423	1,391071747038	1,299599860956	0,046372674406	0,113849751651	45027,6381740162
151	0,359215777483	0,359057071214	1,39071607992	1,299189560722	0,046372674406	0,113849751651	45027,731959456
152	0,359090056298	0,358945942513	1,390257935201	1,298770531145	0,046372674406	0,113849751651	45027,8256025926
153	0,359003052508	0,35886071812	1,389955418701	1,298460670574	0,046372674406	0,113849751651	45027,9192889583
154	0,358910082556	0,358761240956	1,389646390646	1,298075284381	0,046372674406	0,113849751651	45028,0130268981
155	0,358778293512	0,358628174021	1,389181049097	1,297545193352	0,046372674406	0,113849751651	45028,106605
156	0,358699331722	0,358554613029	1,38891316702	1,297286591182	0,046372674406	0,113849751651	45028,2002197685
157	0,358624686207	0,358479713061	1,388659497537	1,296999892036	0,046372674406	0,113849751651	45028,2938539005
158	0,358494700879	0,358341478403	1,388158764664	1,296483540005	0,046372674406	0,113849751651	45028,3873755671
159	0,358410088583	0,358266565508	1,387887845227	1,296177091958	0,046372674406	0,113849751651	45028,4808913542
160	0,358317724183	0,358182603164	1,387545751564	1,295870874763	0,046372674406	0,113849751651	45028,5743878125
161	0,358232921369	0,3581038007	1,387217834299	1,295591668986	0,046372674406	0,113849751651	45028,6677830556
162	0,358172334754	0,35804571575	1,387011687588	1,295376571993	0,046372674406	0,113849751651	45028,7612247917
163	0,358119720528	0,357987542213	1,386827219581	1,295170740864	0,046372674406	0,113849751651	45028,8547460301
164	0,358024624024	0,357889374991	1,3864889176	1,294810283595	0,046372674406	0,113849751651	45028,9482421644
165	0,357932551632	0,35778869533	1,38616440494	1,294425695535	0,046372674406	0,113849751651	45029,0416831944
166	0,35783223092	0,357696962965	1,385809429926	1,294072212453	0,046372674406	0,113849751651	45029,1351186227
167	0,357759806796	0,357615564136	1,385565121425	1,293767991964	0,046372674406	0,113849751651	45029,2286067824
168	0,357668421793	0,357540706555	1,385231180743	1,293501980985	0,046372674406	0,113849751651	45029,3220634838
169	0,357574678678	0,35743471654	1,384889916786	1,293103066898	0,046372674406	0,113849751651	45029,4154809144
170	0,35751340835	0,35739081485	1,384674577541	1,292933651239	0,046372674406	0,113849751651	45029,5089304051
171	0,357420489945	0,357300405995	1,384316500663	1,292602619374	0,046372674406	0,113849751651	45029,6022676273
172	0,357389932266	0,35726295654	1,38420059874	1,292439162815	0,046372674406	0,113849751651	45029,69559125
173	0,357377271103	0,357253928072	1,384131331028	1,292426963123	0,046372674406	0,113849751651	45029,7890259259
174	0,357307554764	0,357180307955	1,383849405203	1,292177462791	0,046372674406	0,113849751651	45029,8823793403
175	0,357196165961	2,94804E-7	1,383417341479	9,43466E-7	0,046372674406	0,113849751651	45029,9825794444
176	3,50957503624018E-12	0,197801659457	1,31577116579496E-11	0,694322056457	0,050374545157	0,11631398648	45030,2215462963
177	0,363308268656	0,357915230768	1,40465413038	1,294859720263	0,050374545157	0,11631398648	45030,3156529861
178	0,357961012845	0,357658206107	1,386163855442	1,29390845479	0,050374545157	0,11631398648	45030,4091588889
179	0,357735898734	0,357522568451	1,385287736356	1,293474284368	0,050374545157	0,11631398648	45030,5025421528
180	0,357592205883	0,357416594968	1,384716080778	1,293095807134	0,050374545157	0,11631398648	45030,5958936458
181	0,357482053302	0,357315875461	1,384306247149	1,292734865002	0,050374545157	0,11631398648	45030,6892487731
182	0,357335171982	0,357185449822	1,383755414763	1,292233339442	0,050374545157	0,11631398648	45030,7824552662
183	0,357277709255	0,357132483002	1,38354658097	1,292062848269	0,050374545157	0,11631398648	45030,875713588
184	0,357178740642	0,357022726764	1,383202590532	1,291638837783	0,050374545157	0,11631398648	45030,9690009259
185	0,357094843707	0,356946526178	1,382909851937	1,291343740186	0,050374545157	0,11631398648	45031,0623441088
186	0,356958151429	0,356803133969	1,382407692805	1,290787046897	0,050374545157	0,11631398648	45031,155526794
187	0,356867745103	0,356729482487	1,382107108116	1,290504623119	0,050374545157	0,11631398648	45031,248792419
188	0,356771830505	0,356627441593	1,381767079315	1,290123038299	0,050374545157	0,11631398648	45031,3420281944
189	0,356653592287	0,35654091552	1,38136814451	1,289782394296	0,050374545157	0,11631398648	45031,4352303819
190	0,356604169446	0,356482791786	1,381172325258	1,289598722221	0,050374545157	0,11631398648	45031,5284342477
191	0,356521076389	0,356387244243	1,380854380342	1,289237814801	0,050374545157	0,11631398648	45031,6215677778
192	0,356426758385	0,356285146128	1,380520103638	1,288849753209	0,050374545157	0,11631398648	45031,7146664352
193	0,356363020127	0,356237373098	1,380303528874	1,288669843628	0,050374545157	0,11631398648	45031,8078429398
194	0,356293405294	0,356162547092	1,380030246074	1,288400885089	0,050374545157	0,11631398648	45031,9010242361
195	0,356178716761	0,356050123494	1,379597449819	1,287966128597	0,050374545157	0,11631398648	45031,994027037
196	0,356143178991	0,356010042708	1,379495645032	1,28781736023	0,050374545157	0,11631398648	45032,0871750579
197	0,356055209764	0,355924832936	1,379191604229	1,287500040531	0,050374545157	0,11631398648	45032,1802910185
198	0,355957224767	0,355833041654	1,378822587594	1,287164874491	0,050374545157	0,11631398648	45032,2733527546
199	0,355870529575	0,355729750792	1,378498113737	1,28676248708	0,050374545157	0,11631398648	45032,3664012616
200	0,355767641271	0,355667770342	1,378181355543	1,286535078087	0,050374545157	0,11631398648	45032,4594197569
201	0,355719730754	0,355604521487	1,377989392204	1,286315350978	0,050374545157	0,11631398648	45032,5524518403
202	0,355631736668	0,355514101396	1,377651459478	1,285992274687	0,050374545157	0,11631398648	45032,6453479398
203	0,35559184821	0,355467592108	1,377523918191	1,285796850258	0,050374545157	0,11631398648	45032,7383947917
204	0,355508241388	0,355393996576	1,37720377013	1,285538139722	0,050374545157	0,11631398648	45032,8312974884
205	0,355468317728	0,35533969014	1,377028316227	1,285312155487	0,050374545157	0,11631398648	45032,9242962269
206	0,355394229456	0,355267356442	1,376780434156	1,285043045867	0,050374545157	0,11631398648	45033,0173267014
207	0,355284284507	0,355165335892	1,376375269349	1,28466112324	0,050374545157	0,11631398648	45033,1102089583
208	0,355236336719	0,355122725075	1,376214281967	1,284496689379	0,050374545157	0,11631398648	45033,2031566898
209	0,355147475659	0,35504393681	1,375877884261	1,284233511817	0,050374545157	0,11631398648	45033,2960363426
210	0,355091063662	0,354949623339	1,37568210604	1,283847058547	0,050374545157	0,11631398648	45033,3889550231
211	0,355020582302	0,354916034631	1,375473050804	1,283754924518	0,050374545157	0,11631398648	45033,4819326736
212	0,354958126727	0,354834624356	1,37519563121	1,283443208128	0,050374545157	0,11631398648	45033,5748467593
213	0,354849425973	0,354730042624	1,374812411287	1,283040383203	0,050374545157	0,11631398648	45033,6676825926
214	0,354774912543	0,354670663201	1,374539441262	1,282840641332	0,050374545157	0,11631398648	45033,7605180324
215	0,354729557114	0,354635753525	1,374360388225	1,282747320049	0,050374545157	0,11631398648	45033,8532963889
216	0,354698995832	0,354578952876	1,374230846478	1,28250811684	0,050374545157	0,11631398648	45033,9461528356
217	0,354612516384	0,354492398618	1,373932317328	1,282177732488	0,050374545157	0,11631398648	45034,0389890162
218	0,35453635909	0,354420109214	1,373674678073	1,281896750388	0,050374545157	0,11631398648	45034,1318102431
219	0,354459257926	0,354338664396	1,373386025066	1,281594758625	0,050374545157	0,11631398648	45034,2246086574
220	0,354386544071	0,354268949954	1,373131548552	1,281328998012	0,050374545157	0,11631398648	45034,3173833218
221	0,354303616045	0,354179782588	1,372844983598	1,280978439885	0,050374545157	0,11631398648	45034,4101751389
222	0,354231614063	0,354154044008	1,372574571172	1,280931436328	0,050374545157	0,11631398648	45034,5028757407
223	0,354205749562	0,354141072779	1,372445088577	1,281029395232	0,050374545157	0,11631398648	45034,5956451968
224	0,354237674513	0,35410616607	1,372606505996	1,280940410798	0,050374545157	0,11631398648	45034,688435081
225	0,354102870002	0,353962823668	1,372132209113	1,280125896748	0,050374545157	0,11631398648	45034,7812497801
226	0,354012291154	2,88658E-7	1,371752657778	9,23029E-7	0,050374545157	0,11631398648	45034,8809875116
227	7,75666946415401E-13	0,195313756918	2,90898849505412E-12	0,685544280759	0,051400456578	0,120809152722	45035,1181066551
228	0,359960730644	0,354684794963	1,392485250229	1,282833198245	0,051400456578	0,120809152722	45035,2116420602
229	0,354711647865	0,35443680343	1,374214079145	1,281921127572	0,051400456578	0,120809152722	45035,3044549537
230	0,354475656757	0,354222488774	1,373363938421	1,281084531883	0,051400456578	0,120809152722	45035,3972379167
231	0,35429111825	0,354139745033	1,372685649112	1,280882804824	0,051400456578	0,120809152722	45035,4899448495
232	0,354185221087	0,354011939707	1,372256409808	1,280464562677	0,051400456578	0,120809152722	45035,5826385417
233	0,354051209795	0,353915076282	1,371799857719	1,280070784189	0,051400456578	0,120809152722	45035,6753345602
234	0,35396024424	0,353814283236	1,371473860993	1,279687534121	0,051400456578	0,120809152722	45035,7680208565
235	0,353874732383	0,353758775789	1,371119810693	1,279486450956	0,051400456578	0,120809152722	45035,8606549306
236	0,35381607732	0,353669620928	1,370898940135	1,279104414524	0,051400456578	0,120809152722	45035,9533104167
237	0,353672144154	0,353517231831	1,370372077334	1,278534557294	0,051400456578	0,120809152722	45036,0458234028
238	0,353602606253	0,3535029727	1,370150621121	1,27850751549	0,051400456578	0,120809152722	45036,1384281482
239	0,353531103502	0,353400925234	1,369920915583	1,278094191788	0,051400456578	0,120809152722	45036,2310188542
240	0,353447186787	0,353354375469	1,36960338099	1,277977937966	0,051400456578	0,120809152722	45036,3236249653
241	0,353416797272	0,35329373421	1,369526387892	1,277736041457	0,051400456578	0,120809152722	45036,4163584607
242	0,353302384006	0,353182625006	1,369066380408	1,277292996232	0,051400456578	0,120809152722	45036,5088758796
243	0,353238755856	0,353140039621	1,368810609435	1,27714211109	0,051400456578	0,120809152722	45036,6013914005
244	0,353190998164	0,353071596549	1,368658825837	1,276884712604	0,051400456578	0,120809152722	45036,6938821643
245	0,353092894983	0,353008266098	1,368318487361	1,276639343886	0,051400456578	0,120809152722	45036,7863208912
246	0,353064120162	0,352977318893	1,368184639768	1,276569728855	0,051400456578	0,120809152722	45036,8787088079
247	0,353019844708	0,352897171731	1,368036507152	1,276246839131	0,051400456578	0,120809152722	45036,9711722454
248	0,352965237621	0,352840434873	1,367862533287	1,276035728181	0,051400456578	0,120809152722	45037,0636886921
249	0,352873917392	0,352761575401	1,367491618717	1,275719829266	0,051400456578	0,120809152722	45037,1561742361
250	0,352794696271	0,352681581038	1,367180729428	1,275409323654	0,051400456578	0,120809152722	45037,2485855903
251	0,352734603713	0,352629869906	1,366973331767	1,275218954057	0,051400456578	0,120809152722	45037,3410450347
252	0,352655173056	0,352545896967	1,366748847929	1,274862005543	0,051400456578	0,120809152722	45037,4334632176
253	0,352612285505	0,352527769037	1,36660148044	1,274831279572	0,051400456578	0,120809152722	45037,5259611806
254	0,352590829192	0,352481334562	1,366504943991	1,274675318997	0,051400456578	0,120809152722	45037,6184747106
255	0,352503808423	0,352410272662	1,36614727925	1,274418024581	0,051400456578	0,120809152722	45037,7108682755
256	0,352461005049	0,35239737476	1,365991356884	1,274415437575	0,051400456578	0,120809152722	45037,8033215856
257	0,352436900421	0,352334012099	1,365872776486	1,274195199889	0,051400456578	0,120809152722	45037,8956672801
258	0,352381738243	0,352266891475	1,365695136643	1,27390476754	0,051400456578	0,120809152722	45037,9880748727
259	0,352313188318	0,35222170167	1,36542486396	1,273715522743	0,051400456578	0,120809152722	45038,0804562847
260	0,352248903757	0,35212862863	1,365190234881	1,273339129812	0,051400456578	0,120809152722	45038,1728325579
261	0,352151994318	0,352039578463	1,364843642368	1,273016112817	0,051400456578	0,120809152722	45038,2651525579
262	0,352085261624	0,351990416649	1,36462401369	1,272839652013	0,051400456578	0,120809152722	45038,3575729977
263	0,352005895084	0,351934930607	1,364367446757	1,272656815795	0,051400456578	0,120809152722	45038,4498070602
264	0,352020399349	0,351937522733	1,364391225408	1,272713193828	0,051400456578	0,120809152722	45038,5421678241
265	0,351984641842	0,351893600275	1,364207839106	1,27253776247	0,051400456578	0,120809152722	45038,6344920023
266	0,351926520315	0,351814828966	1,363993123246	1,272189350183	0,051400456578	0,120809152722	45038,7268402431
267	0,351876083037	0,351774732284	1,363846889319	1,272041957923	0,051400456578	0,120809152722	45038,8192048727
268	0,351806527885	0,351708915034	1,363564898796	1,271819838297	0,051400456578	0,120809152722	45038,9114404167
269	0,351741008388	0,351655934649	1,363354802069	1,271612410774	0,051400456578	0,120809152722	45039,003702963
270	0,351715602029	0,351619782214	1,363270325586	1,271472207711	0,051400456578	0,120809152722	45039,0959915741
271	0,351646557013	0,35154615595	1,363000835107	1,271182523879	0,051400456578	0,120809152722	45039,1882516204
272	0,351587441848	0,351489365897	1,362763248795	1,270944912918	0,051400456578	0,120809152722	45039,2804225116
273	0,351533051528	0,351405320689	1,362564564905	1,270593197162	0,051400456578	0,120809152722	45039,3726701273
274	0,351476141803	0,351401488977	1,362408842148	1,270644555983	0,051400456578	0,120809152722	45039,4650147685
275	0,351435560015	0,351351104747	1,362230325217	1,270495216048	0,051400456578	0,120809152722	45039,5572958218
276	0,351391857378	0,35132135919	1,362065948625	1,270368974772	0,051400456578	0,120809152722	45039,6495394097
277	0,35137248887	3,6347E-7	1,361995790523	1,1608E-6	0,051400456578	0,120809152722	45039,7487986574
278	2,47959105821317E-13	0,193314058091	9,30291585216384E-13	0,678464831805	0,050604254007	0,1232130602	45039,9842902894
279	0,357072189229	0,352043421191	1,382005260874	1,272914882141	0,050604254007	0,1232130602	45040,0773062847
280	0,352116807405	0,351743772998	1,364677270587	1,271806138383	0,050604254007	0,1232130602	45040,1696440509
281	0,351783438758	0,351559053849	1,363360996528	1,271152436881	0,050604254007	0,1232130602	45040,2619255208
282	0,351588004296	0,351414387302	1,36268208839	1,270487334973	0,050604254007	0,1232130602	45040,3541552431
283	0,35144000387	0,351330422414	1,362220206827	1,27039886697	0,050604254007	0,1232130602	45040,446338044
284	0,35120857559	0,351056597785	1,361416072176	1,269342989891	0,050604254007	0,1232130602	45040,5385549769
285	0,351186922354	0,351128959669	1,361423469156	1,269704791169	0,050604254007	0,1232130602	45040,6308713889
286	0,351215096417	0,351112169658	1,361275282808	1,269721912892	0,050604254007	0,1232130602	45040,7230290278
287	0,351176619722	0,351052754841	1,361118982631	1,269441751646	0,050604254007	0,1232130602	45040,8151718171
288	0,35111104951	0,350962279653	1,360882660217	1,269051733051	0,050604254007	0,1232130602	45040,907327419
289	0,3509955179	0,350878416278	1,36049572004	1,268699103662	0,050604254007	0,1232130602	45040,9993964468
290	0,350928980236	0,350819008882	1,360297438132	1,268491650287	0,050604254007	0,1232130602	45041,0915715625
291	0,350843657618	0,350741510851	1,360013887152	1,268202349194	0,050604254007	0,1232130602	45041,1836946644
292	0,350796451438	0,35068724426	1,359837553287	1,26800156488	0,050604254007	0,1232130602	45041,2758747917
293	0,350705932529	0,350569652304	1,359486752928	1,267590397629	0,050604254007	0,1232130602	45041,3680097454
294	0,350047216654	0,349879948969	1,356965184143	1,264917566216	0,050604254007	0,1232130602	45041,4608102662
295	0,349994748537	0,34994450353	1,357182382344	1,265304310129	0,050604254007	0,1232130602	45041,5527088889
296	0,349938071438	0,349890264915	1,356933737846	1,265265671969	0,050604254007	0,1232130602	45041,6446450116
297	0,35003779844	0,349906550106	1,357324531756	1,266356061166	0,050604254007	0,1232130602	45041,7404824074
298	0,350155489605	0,350095610021	1,357580801466	1,265928827751	0,050604254007	0,1232130602	45041,8324015278
299	0,35018314651	0,350085308274	1,357577629277	1,265849469337	0,050604254007	0,1232130602	45041,9243882523
300	0,350136837072	0,35000652891	1,35744937154	1,265466981444	0,050604254007	0,1232130602	45042,0163802083
301	0,35004882927	0,349952263591	1,35716085573	1,265278523376	0,050604254007	0,1232130602	45042,1083416898
302	0,349959527385	0,349873486984	1,356826858866	1,264997665511	0,050604254007	0,1232130602	45042,2001336111
303	0,349921654674	0,349837317168	1,356713085176	1,264870148549	0,050604254007	0,1232130602	45042,2920198264
304	0,349870593219	0,349774075728	1,356545831773	1,264597900662	0,050604254007	0,1232130602	45042,3839406481
305	0,349839192439	0,349746991175	1,356441583939	1,264489906389	0,050604254007	0,1232130602	45042,4759428819
306	0,349780282333	0,349687517653	1,356185331781	1,264251095784	0,050604254007	0,1232130602	45042,5678679398
307	0,349709536707	0,349609928495	1,3559192995	1,263980574349	0,050604254007	0,1232130602	45042,6597025694
308	0,349640990873	0,349545368422	1,355679484142	1,263748677279	0,050604254007	0,1232130602	45042,7515291204
309	0,34960237504	0,349536331689	1,355563607338	1,263785416116	0,050604254007	0,1232130602	45042,8433798958
310	0,349559283621	0,349460182176	1,355361405034	1,263466691009	0,050604254007	0,1232130602	45042,9352040509
311	0,349521024813	0,349425266356	1,35524455067	1,263316624358	0,050604254007	0,1232130602	45043,0271381019
312	0,349432909152	0,349329714361	1,354915844646	1,262933139806	0,050604254007	0,1232130602	45043,1189470486
313	0,349395421536	0,349293511272	1,354791404782	1,262801210303	0,050604254007	0,1232130602	45043,2109006713
314	0,349341745572	0,349252190477	1,354616193701	1,26263433072	0,050604254007	0,1232130602	45043,3028668403
315	0,34923050256	0,349150226939	1,354214327111	1,262222723124	0,050604254007	0,1232130602	45043,3946696412
316	0,349177976985	0,349094598688	1,354013695968	1,262059272154	0,050604254007	0,1232130602	45043,4864185417
317	0,349161468789	0,349071376366	1,353933471837	1,261960108251	0,050604254007	0,1232130602	45043,5782459954
318	0,349093912018	0,349008111403	1,353662325947	1,261734069137	0,050604254007	0,1232130602	45043,6699647222
319	0,349071938643	0,348984836943	1,353601007558	1,261679336813	0,050604254007	0,1232130602	45043,7617720949
320	0,349061610986	0,348995188069	1,353570805749	1,261763598601	0,050604254007	0,1232130602	45043,8535876852
321	0,349009192447	0,348925386946	1,353343311774	1,261489340849	0,050604254007	0,1232130602	45043,9453616551
322	0,348934164858	0,348837603912	1,353081909179	1,261126008104	0,050604254007	0,1232130602	45044,0371221412
323	0,348872831864	0,348778183373	1,352844932078	1,260890881902	0,050604254007	0,1232130602	45044,1288548727
324	0,34881894189	0,348726502763	1,352649934943	1,260671054733	0,050604254007	0,1232130602	45044,2206182523
325	0,34878445815	0,348689068355	1,352544395788	1,260575619487	0,050604254007	0,1232130602	45044,3124336111
326	0,348672706515	0,348580595995	1,352151117967	1,260125416361	0,050604254007	0,1232130602	45044,4041808565
327	0,348598178989	0,348531460249	1,351936977242	1,259955701344	0,050604254007	0,1232130602	45044,4959346528
328	0,348590935495	3,09215E-7	1,351891538264	9,86914E-7	0,050604254007	0,1232130602	45044,5947142245
329	3,8147554741741E-14	0,191076874633	1,43156409493434E-13	0,670642759174	0,051336921751	0,125615388155	45044,8288053009
330	0,354267874325	0,349296122048	1,371702700542	1,262854785526	0,051336921751	0,125615388155	45044,9213040509
331	0,349314157389	0,349058426543	1,354407560768	1,261988178815	0,051336921751	0,125615388155	45045,0131103704
332	0,349100703384	0,348909944393	1,353587402299	1,261434836427	0,051336921751	0,125615388155	45045,1048961458
333	0,348951703212	0,348794954945	1,35300642567	1,261000863043	0,051336921751	0,125615388155	45045,1966345139
334	0,348832510047	0,348674841648	1,352584819748	1,260555583891	0,051336921751	0,125615388155	45045,288344919
335	0,348700272866	0,348572785708	1,352101240529	1,260165766204	0,051336921751	0,125615388155	45045,3800005556
336	0,348616883452	0,348527539743	1,351827018807	1,260025061718	0,051336921751	0,125615388155	45045,471727037
337	0,348563034658	0,348446219328	1,351634989773	1,259745351827	0,051336921751	0,125615388155	45045,5633760417
338	0,348487579075	0,348407449969	1,351353063759	1,259595726954	0,051336921751	0,125615388155	45045,6550550463
339	0,348461732812	0,348342922744	1,351262439525	1,259319009504	0,051336921751	0,125615388155	45045,7466703704
340	0,348386145795	0,348298943911	1,350972963747	1,259156455155	0,051336921751	0,125615388155	45045,8383202778
341	0,348344716054	0,348227914647	1,350803097454	1,258864477871	0,051336921751	0,125615388155	45045,9299904167
342	0,348236608982	0,348137537793	1,35042487458	1,25852543333	0,051336921751	0,125615388155	45046,0215488889
343	0,348188776152	0,348103915596	1,350266401947	1,258417857409	0,051336921751	0,125615388155	45046,1131399306
344	0,348139936898	0,348060067739	1,350106839496	1,258275392445	0,051336921751	0,125615388155	45046,2047495255
345	0,348085462403	0,347999309068	1,349909853569	1,258053697444	0,051336921751	0,125615388155	45046,2963308796
346	0,348001034282	0,347903726979	1,349608311735	1,257635038587	0,051336921751	0,125615388155	45046,387873831
347	0,347939300738	0,347852112702	1,349391512398	1,257419399121	0,051336921751	0,125615388155	45046,4793804051
348	0,347911143407	0,347800371479	1,349277165992	1,257220689376	0,051336921751	0,125615388155	45046,5708655903
349	0,347853356602	0,347769345226	1,349046777481	1,2570725539	0,051336921751	0,125615388155	45046,6623697454
350	0,347823333731	0,347719037501	1,34896379852	1,256904835215	0,051336921751	0,125615388155	45046,7539687731
351	0,347749769006	0,347697083795	1,34869104863	1,256882846686	0,051336921751	0,125615388155	45046,8455070718
352	0,347714454187	0,347622120671	1,348553072446	1,256591371435	0,051336921751	0,125615388155	45046,9369953357
353	0,347673963461	0,347610546915	1,34844903355	1,256559233861	0,051336921751	0,125615388155	45047,0285647685
354	0,347635785206	0,347564062637	1,348308289968	1,256394654703	0,051336921751	0,125615388155	45047,120137419
355	0,347571953258	0,347496862963	1,348070128881	1,256150852261	0,051336921751	0,125615388155	45047,2116552893
356	0,347540140074	0,347455551069	1,347969181346	1,255969647209	0,051336921751	0,125615388155	45047,3032484722
357	0,347479964276	0,347378055373	1,347763002249	1,255600336768	0,051336921751	0,125615388155	45047,3948225
358	0,347406760774	0,347321217633	1,347481172798	1,255407050728	0,051336921751	0,125615388155	45047,4862982986
359	0,347384248211	0,347296671589	1,347387612606	1,255316690866	0,051336921751	0,125615388155	45047,577852338
360	0,347323741079	0,347225612656	1,347163210887	1,255043208139	0,051336921751	0,125615388155	45047,6693558449
361	0,347268486876	0,3472036829	1,346968282709	1,254981139466	0,051336921751	0,125615388155	45047,7608552662
362	0,347245766408	0,347179140034	1,346867900718	1,254919487633	0,051336921751	0,125615388155	45047,8523331597
363	0,347185973021	0,347097754769	1,346647914328	1,254589340026	0,051336921751	0,125615388155	45047,9437429167
364	0,347133650274	0,347068057746	1,346493179959	1,254477741438	0,051336921751	0,125615388155	45048,0351881481
365	0,347084269503	0,347000898127	1,346315574013	1,254221448922	0,051336921751	0,125615388155	45048,1266097222
366	0,347048938573	0,346984097311	1,346200408544	1,25418186886	0,051336921751	0,125615388155	45048,2180752778
367	0,347017399275	0,346937596288	1,346070410676	1,254031174645	0,051336921751	0,125615388155	45048,3095058449
368	0,346947395373	0,34683943394	1,345824555133	1,253609014182	0,051336921751	0,125615388155	45048,4009402431
369	0,346894502547	0,346820063037	1,345642509005	1,253582787944	0,051336921751	0,125615388155	45048,4924336227
370	0,346821102368	0,346710250004	1,345398635671	1,253041384876	0,051336921751	0,125615388155	45048,5839618171
371	0,346744235038	0,346657352273	1,345159511106	1,252854187376	0,051336921751	0,125615388155	45048,6754456944
372	0,346655423887	0,346574592424	1,344814626434	1,252555474203	0,051336921751	0,125615388155	45048,7668340741
373	0,346617350738	0,34654110841	1,344634763872	1,252495150542	0,051336921751	0,125615388155	45048,8582292477
374	0,346615536125	0,346577241135	1,344619893028	1,252673507943	0,051336921751	0,125615388155	45048,9496234606
375	0,346613232033	0,346532010005	1,344552418675	1,252508881724	0,051336921751	0,125615388155	45049,0409596759
376	0,346561342686	0,346472608329	1,344393172215	1,252259736896	0,051336921751	0,125615388155	45049,1322948148
377	0,346511878404	0,346436497215	1,344239833576	1,252105544582	0,051336921751	0,125615388155	45049,2236876157
378	0,346446731581	0,346382238254	1,344007681991	1,251936490112	0,051336921751	0,125615388155	45049,3150501736
379	0,346414853486	3,31468E-7	1,343913933271	1,057841E-6	0,051336921751	0,125615388155	45049,4134672685
380	1,6149131507337E-12	0,189400207811	6,06137199096573E-12	0,664687428653	0,051321361214	0,124260008335	45049,6461648148
381	0,351983083698	0,34699961828	1,363407901047	1,254162856996	0,051321361214	0,124260008335	45049,7381833218
382	0,347082179142	0,346878132305	1,346310231654	1,253793649544	0,051321361214	0,124260008335	45049,8296715856
383	0,346909625148	0,346718030832	1,345565044245	1,253170130578	0,051321361214	0,124260008335	45049,9210080903
384	0,346745662532	0,346592696405	1,344949624874	1,252679290611	0,051321361214	0,124260008335	45050,0123093403
385	0,346642127833	0,346494543383	1,344587703172	1,252323127487	0,051321361214	0,124260008335	45050,1036282407
386	0,346530595237	0,346393845494	1,344199907388	1,251951301952	0,051321361214	0,124260008335	45050,1949297222
387	0,346429865497	0,346333063725	1,343846891712	1,251734116053	0,051321361214	0,124260008335	45050,2862178357
388	0,346344894598	0,34622334606	1,343512336922	1,251298368039	0,051321361214	0,124260008335	45050,3774451852
389	0,346291707101	0,346210400686	1,343358303912	1,251270958406	0,051321361214	0,124260008335	45050,4687363657
390	0,346261436394	0,346172954837	1,343245824836	1,251127246491	0,051321361214	0,124260008335	45050,5600640625
391	0,346183058437	0,346086394643	1,342941389636	1,250780227984	0,051321361214	0,124260008335	45050,6512733102
392	0,346134943473	0,346045088259	1,342783104427	1,250616385788	0,051321361214	0,124260008335	45050,7425483449
393	0,346116436491	0,34603605831	1,342730517321	1,250598006836	0,051321361214	0,124260008335	45050,8338378472
394	0,346070797118	0,345966322037	1,342537248338	1,250408861857	0,051321361214	0,124260008335	45050,9250813542
395	0,345986463109	0,34589270764	1,342310942981	1,249974504517	0,051321361214	0,124260008335	45051,0163947454
396	0,345918406236	0,345844846658	1,342039410584	1,249841951018	0,051321361214	0,124260008335	45051,1076937269
397	0,345870423735	0,345797072356	1,341863641339	1,249662978432	0,051321361214	0,124260008335	45051,1989854514
398	0,345814090976	0,34573248007	1,341651176375	1,249425079892	0,051321361214	0,124260008335	45051,2902172569
399	0,345771406759	0,345687228168	1,341514198639	1,249225961798	0,051321361214	0,124260008335	45051,3815018287
400	0,345712393097	0,345644659737	1,341304422554	1,249093401116	0,051321361214	0,124260008335	45051,4727651968
401	0,345707856292	0,34563300163	1,341274660871	1,249056756005	0,051321361214	0,124260008335	45051,5641122222
402	0,3456636662	0,345604655454	1,340946144912	1,249078277321	0,051321361214	0,124260008335	45051,6553074769
403	0,345627252636	0,345466420161	1,340951244883	1,248333958553	0,051321361214	0,124260008335	45051,7463576968
404	0,345523571872	0,345529752097	1,340684883778	1,248606610311	0,051321361214	0,124260008335	45051,8376518866
405	0,345516676336	0,34535792894	1,340612046933	1,247884603158	0,051321361214	0,124260008335	45051,928941794
406	0,345397045219	0,345366988771	1,340219671169	1,247919620077	0,051321361214	0,124260008335	45052,0201118519
407	0,345354305776	0,345242986753	1,340054290664	1,247426554167	0,051321361214	0,124260008335	45052,1112796065
408	0,345333419087	0,345337267589	1,340050238645	1,247817453737	0,051321361214	0,124260008335	45052,2024753588
409	0,345337363096	0,345193915859	1,339982917896	1,247202417858	0,051321361214	0,124260008335	45052,2937217593
410	0,345239093658	0,345116410625	1,339766372321	1,246806743053	0,051321361214	0,124260008335	45052,3850579398
411	0,345154821555	0,345189981364	1,339351135434	1,247241926186	0,051321361214	0,124260008335	45052,4762419329
412	0,34520155672	0,345050571762	1,339501142071	1,24666772035	0,051321361214	0,124260008335	45052,5674299074
413	0,345087442918	0,345005249286	1,339058440403	1,246561318478	0,051321361214	0,124260008335	45052,6585884722
414	0,345069575332	0,345001468865	1,33895530492	1,246523643799	0,051321361214	0,124260008335	45052,7497446296
415	0,345044669242	0,34501436189	1,33891790697	1,246635530343	0,051321361214	0,124260008335	45052,8409477546
416	0,34505226457	0,3449355554	1,338957391255	1,246313085645	0,051321361214	0,124260008335	45052,9320598843
417	0,344967433034	0,344877428275	1,338710404037	1,246026863994	0,051321361214	0,124260008335	45053,0232774537
418	0,344951348628	0,344860589521	1,338713234691	1,245967213042	0,051321361214	0,124260008335	45053,1145516667
419	0,344881944887	0,344759892481	1,338448100641	1,24551334403	0,051321361214	0,124260008335	45053,2057274653
420	0,344777901612	0,34475477414	1,337973510419	1,245397343294	0,051321361214	0,124260008335	45053,2969348032
421	0,344757338503	0,344690151122	1,337906628486	1,245168407388	0,051321361214	0,124260008335	45053,3880607292
422	0,3447908218	0,344713343565	1,338197259694	1,245380675175	0,051321361214	0,124260008335	45053,4793216667
423	0,344734880368	0,344731459838	1,337884177696	1,245505367349	0,051321361214	0,124260008335	45053,5705003819
424	0,344746931595	0,344610062451	1,3378307191	1,245087377981	0,051321361214	0,124260008335	45053,6617339236
425	0,344673180056	0,344651334292	1,337614631337	1,245253943312	0,051321361214	0,124260008335	45053,753003669
426	0,344695576605	0,344593227511	1,33774623632	1,245066300456	0,051321361214	0,124260008335	45053,8441708912
427	0,344632993658	0,344546792187	1,337479687605	1,244846185967	0,051321361214	0,124260008335	45053,9353637847
428	0,344561874537	0,344530009594	1,337202071696	1,24459564108	0,051321361214	0,124260008335	45054,0265992708
429	0,344558240767	0,344425356864	1,337204592715	1,244256634376	0,051321361214	0,124260008335	45054,1178470255
430	0,344469136671	3,56476E-7	1,336871716825	1,137823E-6	0,051321361214	0,124260008335	45054,2159991319
431	1,58312352178225E-12	0,188396663064	5,94430505127507E-12	0,66110150536	0,0530927293	0,130048811436	45054,4477376968
432	0,35008442165	0,34506473404	1,356615739916	1,246550399325	0,0530927293	0,130048811436	45054,539665625
433	0,335700557066		1,299598849371		0,0530927293	0,130048811436	45054,5809460532
