TesterID:	Maccor#2						
Channel Number:	64						
TestName:	KAI_Zelltest_regulaer_fix_no_degass_flag.000						
TestDesc:	Regular cycling: formation, followed by pulse, C-rate quick charge and cycling t						
StartDateTime:	45007,4459203241						
Comment:							
							
							
Cycle	AH-IN	AH-OUT	WH-IN	WH-OUT	ACR	DCIR	Date
0		2,7351E-8		7,32370826996242E-9	0	0	45007,6127053472
1	0,506164747387	0,432135592044	1,882202323757	1,584344846352	0	0	45008,0401154167
2	0,435401176	0,432953730004	1,636406515801	1,58792481517	0	0	45008,4430678588
3	0,448033976211	3,2649E-8	1,688108115298	1,05023E-7	0	0	45008,918983912
4	5,08634063223214E-14	3,1577E-8	1,9095702925591E-13	1,02687E-7	0,044570568949	0,128571003675	45009,215269838
5	0,438830983387	0,437108689304	1,661991755897	1,603896597559	0,044570568949	0,128571003675	45009,4735087963
6	0,437616210544	0,436163639809	1,656941522293	1,600598984594	0,044570568949	0,128571003675	45009,7376451852
7	0,436713818559	0,435435579108	1,65315568547	1,598008338633	0,044570568949	0,128571003675	45010,0009965509
8	0,435895289059	0,41372443941	1,649745822113	1,491424446399	0,044570568949	0,128571003675	45010,1837895486
9	0,414047561579	0,413125175237	1,574033819807	1,489458997385	0,044570568949	0,128571003675	45010,3605474421
10	0,413361689546	0,412710530816	1,571290220439	1,488120180952	0,044570568949	0,128571003675	45010,5369850463
11	0,412952235252	0,355151950247	1,569597092504	1,249536425444	0,044570568949	0,128571003675	45010,6922633912
12	0,355340179862	0,356221495993	1,365708603589	1,253727777783	0,044570568949	0,128571003675	45010,8317728704
13	0,356369128551	0,356151724964	1,369141452	1,253554969764	0,044570568949	0,128571003675	45010,9714408102
14	0,35629795487	0,430278189338	1,368693955014	1,579640200922	0,044570568949	0,128571003675	45011,2524614005
15	0,43062982351	0,430501035271	1,628964531546	1,580472783843	0,044570568949	0,128571003675	45011,5120570833
16	0,430793232984	3,2425E-8	1,629351465489	1,02907E-7	0,044570568949	0,128571003675	45011,7785998264
17	0,376083465429	0,376208188025	1,430279835202	1,360418321194	0,044570568949	0,128571003675	45011,9205476852
18	0,37618430086	0,376022812103	1,430249152057	1,359690078047	0,044570568949	0,128571003675	45012,0693388079
19	0,376104169804	0,375847842621	1,429672992221	1,359020576996	0,044570568949	0,128571003675	45012,2180748032
20	0,344307030459	0,33848101842	1,336255991807	1,213586013919	0,044570568949	0,128571003675	45012,3384785648
21	0,335676020326	0,329671277736	1,302496673433	1,181293027459	0,044570568949	0,128571003675	45012,4561274421
22	0,326381128299	2,3748E-8	1,267216307454	7,2715E-8	0,044570568949	0,128571003675	45012,5781688773
23	0	0,243652124239	0	0,853830200604	0,043743465096	0,117298908532	45012,8509842477
24	0,413355999083	0,401727689623	1,595592328389	1,445030794981	0,043743465096	0,117298908532	45012,9613865741
25	0,402631303235	0,401558566677	1,558450023982	1,444363431864	0,043743465096	0,117298908532	45013,0698316204
26	0,402019042096	0,401247211848	1,556235697877	1,443166015922	0,043743465096	0,117298908532	45013,1779073032
27	0,401677068346	0,401010839638	1,555041313656	1,44227482153	0,043743465096	0,117298908532	45013,2861471412
28	0,401320180017	0,400740948866	1,553750743598	1,441277296088	0,043743465096	0,117298908532	45013,3943663542
29	0,40093223956	0,400398585796	1,552291351313	1,439954879085	0,043743465096	0,117298908532	45013,5021657292
30	0,400727666945	0,400228109038	1,551593798301	1,439308199059	0,043743465096	0,117298908532	45013,610244213
31	0,400409597627	0,399950362204	1,55040752457	1,438246708348	0,043743465096	0,117298908532	45013,7181477315
32	0,400185395421	0,399742514827	1,549609963301	1,437439062688	0,043743465096	0,117298908532	45013,8260841435
33	0,399939280393	0,399498314741	1,54871451566	1,436477683199	0,043743465096	0,117298908532	45013,9339253125
34	0,399716515749	0,39930461036	1,547924873767	1,435701914937	0,043743465096	0,117298908532	45014,0418434954
35	0,39950840959	0,399118606486	1,547202737167	1,434981819004	0,043743465096	0,117298908532	45014,1497140972
36	0,399293557179	0,398910642973	1,546391856568	1,434168927643	0,043743465096	0,117298908532	45014,2573584954
37	0,399113020216	0,398745354066	1,545745232253	1,43353576895	0,043743465096	0,117298908532	45014,3651166667
38	0,398922096411	0,398583930148	1,545056704216	1,432879390424	0,043743465096	0,117298908532	45014,4727919792
39	0,398791388189	0,398458570289	1,544590247081	1,432352819127	0,043743465096	0,117298908532	45014,5804882523
40	0,398661361198	0,398328147614	1,544132468692	1,431827594813	0,043743465096	0,117298908532	45014,6882598032
41	0,398450133365	0,398129206846	1,543354040943	1,431026690688	0,043743465096	0,117298908532	45014,7958555787
42	0,398289270738	0,397994846921	1,542776883615	1,430471516362	0,043743465096	0,117298908532	45014,9033684028
43	0,398160672746	0,39785278564	1,542313896794	1,429883367798	0,043743465096	0,117298908532	45015,0108763194
44	0,398054395771	0,397744355877	1,541955214934	1,429459759569	0,043743465096	0,117298908532	45015,1185189699
45	0,39790948603	0,397600961126	1,541463665596	1,428878213239	0,043743465096	0,117298908532	45015,2261761227
46	0,397781183011	0,397488541343	1,54102043687	1,428436577434	0,043743465096	0,117298908532	45015,3338742824
47	0,397623914869	0,397339994553	1,540474287654	1,427824266004	0,043743465096	0,117298908532	45015,4415289583
48	0,397512107021	0,397230228568	1,540086788405	1,427361111516	0,043743465096	0,117298908532	45015,5491793634
49	0,397381979572	0,397108794093	1,53961124455	1,426854913798	0,043743465096	0,117298908532	45015,6567562963
50	0,397261403914	0,397006704452	1,539188111676	1,426419500246	0,043743465096	0,117298908532	45015,7642890625
51	0,397142281419	0,396890536885	1,538739027158	1,425940470681	0,043743465096	0,117298908532	45015,8717704167
52	0,397051942011	0,39679362387	1,538444978041	1,425547600909	0,043743465096	0,117298908532	45015,9794294792
53	0,396896990552	0,396641188785	1,537874103621	1,424912244297	0,043743465096	0,117298908532	45016,0868971991
54	0,396799523859	0,396543091923	1,537536261498	1,424502414039	0,043743465096	0,117298908532	45016,1943802546
55	0,396642843349	0,396403590134	1,536942933016	1,423955467695	0,043743465096	0,117298908532	45016,3017107407
56	0,396536259797	0,396257600079	1,536584248336	1,423395248744	0,043743465096	0,117298908532	45016,4090774884
57	0,396404294473	0,396153011352	1,536133027033	1,422960412715	0,043743465096	0,117298908532	45016,5164404398
58	0,396321285991	0,396061290007	1,535864422265	1,422569137363	0,043743465096	0,117298908532	45016,6239999074
59	0,396176290644	0,39592442442	1,535300671776	1,422010300586	0,043743465096	0,117298908532	45016,7313745949
60	0,396083730159	0,39581977148	1,535012324986	1,421584562534	0,043743465096	0,117298908532	45016,8389066551
61	0,395957261226	0,395686682501	1,534578893984	1,421048380536	0,043743465096	0,117298908532	45016,9464631713
62	0,395790909801	0,395540838466	1,5339888882	1,420467308802	0,043743465096	0,117298908532	45017,0538834838
63	0,395635284739	0,395394768727	1,533434865306	1,419887637033	0,043743465096	0,117298908532	45017,1612260764
64	0,395484675291	0,395257931539	1,532876891113	1,419321327118	0,043743465096	0,117298908532	45017,2684390741
65	0,39543066467	0,395190703255	1,532703930858	1,419034861196	0,043743465096	0,117298908532	45017,3758746065
66	0,395328744433	0,395088711107	1,532354042264	1,418634651574	0,043743465096	0,117298908532	45017,4833310648
67	0,395169083678	0,394942752206	1,531755979093	1,418031507997	0,043743465096	0,117298908532	45017,5905533102
68	0,395085246825	0,394849701418	1,531451590114	1,417651585866	0,043743465096	0,117298908532	45017,697846331
69	0,394967773475	0,394726999386	1,531034626455	1,417157810078	0,043743465096	0,117298908532	45017,8050996644
70	0,394871905152	0,394630169235	1,530719608254	1,416770688257	0,043743465096	0,117298908532	45017,9125088426
71	0,394755785057	0,394520319961	1,530343696974	1,416315191782	0,043743465096	0,117298908532	45018,0198897801
72	0,39460975888	0,394397667943	1,529780780445	1,415863823021	0,043743465096	0,117298908532	45018,1271677662
73	0,39451675755	2,6715E-8	1,529429017859	8,7487E-8	0,043743465096	0,117298908532	45018,2414304514
74	0	0,238544536737	0	0,835375460582	0,047327999026	0,122228138149	45018,5061176505
75	0,404853006904	0,394671506348	1,564975835662	1,416895396332	0,047327999026	0,122228138149	45018,6148429051
76	0,394945774474	0,394448096042	1,530786698844	1,416047579229	0,047327999026	0,122228138149	45018,7220509722
77	0,394585276403	0,394251693147	1,529497674287	1,4152840982	0,047327999026	0,122228138149	45018,8291301389
78	0,394416832472	0,394139322955	1,528938900688	1,414849078104	0,047327999026	0,122228138149	45018,936432581
79	0,394236187537	0,393973998446	1,52829765698	1,414221846797	0,047327999026	0,122228138149	45019,0436263889
80	0,394072752439	0,393831913852	1,527713463962	1,413680739309	0,047327999026	0,122228138149	45019,1508005208
81	0,393926133939	0,393697644844	1,527196842302	1,413147755154	0,047327999026	0,122228138149	45019,2579136343
82	0,393757142571	0,393541366818	1,526556005571	1,412546496035	0,047327999026	0,122228138149	45019,3648
83	0,393675878565	0,393449598848	1,526310153181	1,412190671439	0,047327999026	0,122228138149	45019,4718840046
84	0,393554618435	0,393328172002	1,525869002879	1,411709521634	0,047327999026	0,122228138149	45019,5789652315
85	0,393435019683	0,393224814169	1,52542030328	1,411293534885	0,047327999026	0,122228138149	45019,6858917593
86	0,39338079643	0,39316674342	1,525260828451	1,411056314169	0,047327999026	0,122228138149	45019,7930776968
87	0,39325165164	0,393037610133	1,524793121058	1,410549222034	0,047327999026	0,122228138149	45019,9001669097
88	0,393078984344	0,392876076008	1,524141782328	1,409942174513	0,047327999026	0,122228138149	45020,007062581
89	0,392981555889	0,392770180937	1,523801984054	1,409510613755	0,047327999026	0,122228138149	45020,1139689931
90	0,392898836215	0,392682295119	1,523528172553	1,409190443902	0,047327999026	0,122228138149	45020,2210390046
91	0,392746114575	0,392612398628	1,522983972707	1,409582674397	0,047327999026	0,122228138149	45020,3295527315
92	0,392731859159	0,392452452714	1,522974960823	1,4082659658	0,047327999026	0,122228138149	45020,4366353356
93	0,39254805286	0,39237620974	1,52226473584	1,407957627765	0,047327999026	0,122228138149	45020,5436206366
94	0,392474166717	0,392209658149	1,521923935526	1,40735843343	0,047327999026	0,122228138149	45020,6504597685
95	0,392320191377	0,392125658719	1,521492554017	1,406985637886	0,047327999026	0,122228138149	45020,7574438889
96	0,392240294624	0,392040397875	1,521161028529	1,406658794008	0,047327999026	0,122228138149	45020,8644184606
97	0,392154840759	0,391948736083	1,520857741043	1,40628095027	0,047327999026	0,122228138149	45020,9714999421
98	0,392046415084	0,391844048385	1,520452398081	1,405882154846	0,047327999026	0,122228138149	45021,0785232986
99	0,391910998196	0,391725236978	1,51993856323	1,405411431559	0,047327999026	0,122228138149	45021,185433912
100	0,391830216229	0,391634886191	1,519651412297	1,405074304096	0,047327999026	0,122228138149	45021,292406088
101	0,391714738803	0,391513475663	1,519236227095	1,404622412614	0,047327999026	0,122228138149	45021,3993527778
102	0,391642747696	0,391430852088	1,518998556416	1,404298233953	0,047327999026	0,122228138149	45021,5064030208
103	0,391512900022	0,391311912462	1,518526185625	1,403815636003	0,047327999026	0,122228138149	45021,6133557523
104	0,391412324601	0,391278131742	1,518171601385	1,404018097122	0,047327999026	0,122228138149	45021,720612037
105	0,39136660116	0,39108848181	1,517991937684	1,402934834757	0,047327999026	0,122228138149	45021,8275414931
106	0,391180465903	0,39097479998	1,517349378438	1,402486479936	0,047327999026	0,122228138149	45021,934471331
107	0,391063794792	0,390859845714	1,516911115892	1,402052379981	0,047327999026	0,122228138149	45022,0413939236
108	0,390936322461	0,3907422758	1,516456871906	1,401594037539	0,047327999026	0,122228138149	45022,1482856944
109	0,390757041829	0,390558882489	1,515766062721	1,400887083719	0,047327999026	0,122228138149	45022,2548788889
110	0,390718465053	0,39052151929	1,515667190205	1,400760772467	0,047327999026	0,122228138149	45022,3618083912
111	0,390607261256	0,390405249359	1,515260810594	1,400291205088	0,047327999026	0,122228138149	45022,4686244792
112	0,390499953467	0,390290271992	1,51486221724	1,399845318641	0,047327999026	0,122228138149	45022,5754134954
113	0,39039493162	0,390176570665	1,514502964035	1,399383594315	0,047327999026	0,122228138149	45022,682212662
114	0,390285971052	0,390062871665	1,514112103302	1,398941907448	0,047327999026	0,122228138149	45022,7890920833
115	0,390159661882	0,389942762182	1,51367311733	1,398463445082	0,047327999026	0,122228138149	45022,8959924074
116	0,390027189289	0,389818824169	1,51320209262	1,397987600861	0,047327999026	0,122228138149	45023,00286625
117	0,389890269719	0,389680571073	1,512710639882	1,397433893538	0,047327999026	0,122228138149	45023,1096362037
118	0,389753982269	0,389543729859	1,512218171008	1,39690298563	0,047327999026	0,122228138149	45023,216408044
119	0,388897604201	0,391716199188	1,513405728612	1,40453521508	0,047327999026	0,122228138149	45025,5324471644
120	0,392452046693	0,391578023445	1,522905947742	1,403879451274	0,047327999026	0,122228138149	45025,6410292708
121	0,391861278695	0,391177607638	1,520516063628	1,402337027367	0,047327999026	0,122228138149	45025,7492926042
122	0,391345407546	0,390737156396	1,518535608794	1,400656971067	0,047327999026	0,122228138149	45025,8571898264
123	0,390887201664	0,390363875793	1,516825894145	1,399266858756	0,047327999026	0,122228138149	45025,9649751157
124	0,390471757327	2,2688E-8	1,515268496741	7,3898E-8	0,047327999026	0,122228138149	45026,0795120139
125	0	0,235327991747	0	0,823894422132	0,047035809606	0,123706676066	45026,3421834954
126	0,399394315201	0,389698730155	1,545735005929	1,396914299064	0,047035809606	0,123706676066	45026,450989294
127	0,389934395362	0,389282778756	1,513080009129	1,395349574635	0,047035809606	0,123706676066	45026,5582701157
128	0,389385738161	0,388917235537	1,511047206781	1,39403648523	0,047035809606	0,123706676066	45026,6651868056
129	0,389105897906	0,388664081582	1,510112152181	1,393056136964	0,047035809606	0,123706676066	45026,7723940046
130	0,388736550408	0,388334711145	1,508781538851	1,391805590714	0,047035809606	0,123706676066	45026,8793429398
131	0,388468323635	0,388102220239	1,507849053198	1,390934145458	0,047035809606	0,123706676066	45026,9864812731
132	0,388201651334	0,387852985095	1,506903993824	1,389982710331	0,047035809606	0,123706676066	45027,0935155903
133	0,387992839642	0,387642371599	1,506188048793	1,389198184272	0,047035809606	0,123706676066	45027,2006821181
134	0,387697071033	0,387372459424	1,505094902218	1,388163450363	0,047035809606	0,123706676066	45027,3075689005
135	0,387469928778	0,387142522495	1,504311768978	1,387294251783	0,047035809606	0,123706676066	45027,4145917593
136	0,3872604947	0,386935923182	1,503592138741	1,386499029324	0,047035809606	0,123706676066	45027,5216104167
137	0,387032740044	0,38674727526	1,502792127415	1,385786879615	0,047035809606	0,123706676066	45027,6286028588
138	0,386820330004	0,386514781598	1,50202982529	1,384902615042	0,047035809606	0,123706676066	45027,73550375
139	0,386628608961	0,386315841889	1,501363222377	1,384145009789	0,047035809606	0,123706676066	45027,8424297338
140	0,38642750557	0,386122143439	1,500675385454	1,38339311003	0,047035809606	0,123706676066	45027,9494575
141	0,386160694781	0,385857324389	1,499723332464	1,382367861887	0,047035809606	0,123706676066	45028,0562980093
142	0,385958322242	0,385673976219	1,499019746824	1,381672033394	0,047035809606	0,123706676066	45028,1631152778
143	0,385793237324	0,385499573017	1,49846793657	1,380999640134	0,047035809606	0,123706676066	45028,2700769907
144	0,385576215021	0,385278736613	1,497679326899	1,380165143888	0,047035809606	0,123706676066	45028,3770392593
145	0,385359099397	0,385065575283	1,496944015351	1,379314984395	0,047035809606	0,123706676066	45028,4838804745
146	0,385185788338	0,384897676661	1,496349821966	1,378673033853	0,047035809606	0,123706676066	45028,5908313194
147	0,384989260737	0,384681992083	1,495656572404	1,377833027315	0,047035809606	0,123706676066	45028,6977636806
148	0,384747586119	0,384459744854	1,494795355834	1,376948822962	0,047035809606	0,123706676066	45028,804529294
149	0,384588508554	0,384288043133	1,494269074164	1,376281192862	0,047035809606	0,123706676066	45028,9114749306
150	0,384343532499	0,384072376995	1,493414566968	1,37544578622	0,047035809606	0,123706676066	45029,0182791435
151	0,384132914554	0,383839825686	1,492667451216	1,37456610227	0,047035809606	0,123706676066	45029,1250221875
152	0,383943479672	0,38366415302	1,492031515206	1,373884904777	0,047035809606	0,123706676066	45029,2318441667
153	0,383764589968	0,383474237962	1,491421301833	1,373183632685	0,047035809606	0,123706676066	45029,3387152778
154	0,383566481414	0,383272823323	1,490755017971	1,372392727285	0,047035809606	0,123706676066	45029,4456044329
155	0,383376016532	0,383071258428	1,490097026717	1,371613180582	0,047035809606	0,123706676066	45029,5525210069
156	0,383162228962	0,382863345988	1,489363951834	1,370746851258	0,047035809606	0,123706676066	45029,6594158218
157	0,382970363784	0,382676001651	1,488677020042	1,370007827842	0,047035809606	0,123706676066	45029,7661442361
158	0,382813131004	0,382501644226	1,488149251135	1,369304761443	0,047035809606	0,123706676066	45029,8730259606
159	0,382576809984	0,382229126362	1,487348905447	1,368226027739	0,047035809606	0,123706676066	45029,9799063194
160	0,382330585081	0,381974718201	1,48653551239	1,367242921955	0,047035809606	0,123706676066	45030,0868151042
161	0,382010983835	0,381656942288	1,48542498791	1,366017636249	0,047035809606	0,123706676066	45030,1935681944
162	0,381782867112	0,381330165673	1,484692409964	1,364744816697	0,047035809606	0,123706676066	45030,3004770139
163	0,38132900459	0,380898746714	1,483138754064	1,363068937503	0,047035809606	0,123706676066	45030,407239919
164	0,381061935426	0,380606850951	1,482279574806	1,361932288347	0,047035809606	0,123706676066	45030,5143002894
165	0,380667384688	0,380210268335	1,480915537541	1,360356272569	0,047035809606	0,123706676066	45030,6212981366
166	0,380291238721	0,379808668047	1,479656205712	1,358772075795	0,047035809606	0,123706676066	45030,7283017708
167	0,379950394619	0,379527000915	1,478561898718	1,357642429717	0,047035809606	0,123706676066	45030,8354729051
168	0,379552946723	0,379107286048	1,477152434497	1,355984588723	0,047035809606	0,123706676066	45030,9424172917
169	0,379241328142	0,378817927523	1,476160103364	1,354817023266	0,047035809606	0,123706676066	45031,0495629745
170	0,378902782043	0,378485947155	1,475026241508	1,353507145837	0,047035809606	0,123706676066	45031,1567670833
171	0,378570013442	0,37815404478	1,473915155946	1,352195925522	0,047035809606	0,123706676066	45031,2640004514
172	0,378206580618	0,377763974166	1,472670737559	1,350664980524	0,047035809606	0,123706676066	45031,3711593056
173	0,37785282672	0,377462974066	1,471495128011	1,349502907819	0,047035809606	0,123706676066	45031,4782932523
174	0,377605696109	0,377156892074	1,470651290571	1,348298379551	0,047035809606	0,123706676066	45031,585655
175	0,377225275272	3,8371E-8	1,469368334398	1,25966E-7	0,047035809606	0,123706676066	45031,6999545023
176	0	0,22853782074	0	0,799503866943	0,05272481963	0,136027052999	45031,9572158912
177	0,387767821908	0,376916666961	1,506181868429	1,347370095876	0,05272481963	0,136027052999	45032,0663412731
178	0,377153387051	0,376408967727	1,469133727378	1,345356097859	0,05272481963	0,136027052999	45032,1737883565
179	0,376508489568	0,375938841502	1,46687175638	1,343520933464	0,05272481963	0,136027052999	45032,2811116204
180	0,376038956508	0,375436411293	1,465247406219	1,34155949025	0,05272481963	0,136027052999	45032,3884977315
181	0,375542076905	0,375067024709	1,463645657632	1,340150211355	0,05272481963	0,136027052999	45032,4959198495
182	0,375151571507	0,374673038035	1,462290047477	1,338622368005	0,05272481963	0,136027052999	45032,6033094907
183	0,374754849212	0,37427133284	1,460929968644	1,33702434898	0,05272481963	0,136027052999	45032,7106606597
184	0,374414268774	0,373961337546	1,459837381427	1,335796091636	0,05272481963	0,136027052999	45032,8182278819
185	0,374066170013	0,373599706145	1,458614645853	1,33434146401	0,05272481963	0,136027052999	45032,9257466551
186	0,373673910181	0,373169583565	1,45727479697	1,332706132934	0,05272481963	0,136027052999	45033,0332778704
187	0,373260055978	0,372846691854	1,45589493545	1,331392718325	0,05272481963	0,136027052999	45033,1407373264
188	0,372977844627	0,37241657733	1,454966762404	1,329730981132	0,05272481963	0,136027052999	45033,2483838889
189	0,372481165677	0,371976121636	1,45321228724	1,328036148665	0,05272481963	0,136027052999	45033,3559424769
190	0,372063317564	0,371578310246	1,451899677658	1,326434767726	0,05272481963	0,136027052999	45033,4635736458
191	0,371729232429	0,371220462449	1,450764331696	1,325043148288	0,05272481963	0,136027052999	45033,5713760995
192	0,371284982549	0,370785208599	1,449251273824	1,323311575431	0,05272481963	0,136027052999	45033,6791983449
193	0,370868995261	0,370417051637	1,447832452426	1,321865975305	0,05272481963	0,136027052999	45033,7870019097
194	0,370527572077	0,369999962381	1,446589818977	1,320263594452	0,05272481963	0,136027052999	45033,8946850694
195	0,370130041111	0,369591736921	1,445276348948	1,318634019811	0,05272481963	0,136027052999	45034,0025753125
196	0,369697751559	0,369159045741	1,443844799109	1,316940689748	0,05272481963	0,136027052999	45034,1105624421
197	0,36924108947	0,368719886854	1,442284897849	1,315234917425	0,05272481963	0,136027052999	45034,2185006366
198	0,368861088959	0,368336331629	1,441052999875	1,313707132863	0,05272481963	0,136027052999	45034,3266444329
199	0,368402911108	0,367844162052	1,439546820953	1,311711244958	0,05272481963	0,136027052999	45034,4347445949
200	0,367975192964	0,367446281787	1,438053838893	1,310212773029	0,05272481963	0,136027052999	45034,5427615046
201	0,367548990468	0,367429515298	1,436476520041	1,310168612455	0,05272481963	0,136027052999	45034,65079125
202	0,367548832995	0,366434959382	1,436380717488	1,306186345523	0,05272481963	0,136027052999	45034,7590336574
203	0,366522552603	0,365993235708	1,433075336701	1,304461893249	0,05272481963	0,136027052999	45034,867118831
204	0,366129453031	0,365450787441	1,431774346106	1,302310916985	0,05272481963	0,136027052999	45034,9754007639
205	0,365553827745	0,364872116591	1,429875013612	1,299986418074	0,05272481963	0,136027052999	45035,0837589236
206	0,365015417922	0,364400636126	1,428131728792	1,298101467057	0,05272481963	0,136027052999	45035,1922777546
207	0,364513660919	0,363800061372	1,426370151313	1,295715085759	0,05272481963	0,136027052999	45035,3008508333
208	0,363885595006	0,363061179056	1,42428482448	1,29275349839	0,05272481963	0,136027052999	45035,4095342245
209	0,363191714922	0,36254964684	1,421938202025	1,290841914457	0,05272481963	0,136027052999	45035,5182004745
210	0,362678534787	0,361892308311	1,420158877497	1,288197363852	0,05272481963	0,136027052999	45035,6268769792
211	0,362023826465	0,361327814784	1,417932874729	1,285947673337	0,05272481963	0,136027052999	45035,7356140394
212	0,361497333637	0,360720812803	1,416207237284	1,283563834384	0,05272481963	0,136027052999	45035,8444610764
213	0,360873686858	0,3600955587	1,41400572239	1,281043399775	0,05272481963	0,136027052999	45035,9534468866
214	0,360216465861	0,359386479162	1,411802656855	1,278250631071	0,05272481963	0,136027052999	45036,062431794
215	0,359554156534	0,358744585731	1,409540084293	1,275711970774	0,05272481963	0,136027052999	45036,1714994676
216	0,3588762427	0,358019955339	1,407239851809	1,272908723979	0,05272481963	0,136027052999	45036,280614375
217	0,358206461263	0,357392174384	1,404943545222	1,270415634363	0,05272481963	0,136027052999	45036,3898246065
218	0,357522822208	0,356606825168	1,402614550079	1,267368584274	0,05272481963	0,136027052999	45036,4989630671
219	0,35678596209	0,355963601023	1,400041580669	1,264841463025	0,05272481963	0,136027052999	45036,6081183796
220	0,356122521462	0,355166725522	1,397738564855	1,261742889004	0,05272481963	0,136027052999	45036,7172700116
221	0,355358194866	0,354529848496	1,395108475559	1,259224710739	0,05272481963	0,136027052999	45036,8265138426
222	0,354740177898	0,353749761946	1,39294240443	1,256218286794	0,05272481963	0,136027052999	45036,9357900926
223	0,353955511951	0,352994166762	1,390285719102	1,253184356896	0,05272481963	0,136027052999	45037,0452139005
224	0,35323479007	0,352265706145	1,387801961444	1,250389328182	0,05272481963	0,136027052999	45037,1548103935
225	0,352448875941	0,351556585065	1,385020388399	1,247591417869	0,05272481963	0,136027052999	45037,264351875
226	0,351723716276	4,1974E-8	1,382511842861	1,40108E-7	0,05272481963	0,136027052999	45037,3808359722
227	0	0,216779871111	0	0,757311671885	0,060538746417	0,165025189519	45037,6294360764
228	0,365701819965	0,351131607955	1,432724933317	1,245849338935	0,060538746417	0,165025189519	45037,741813669
229	0,351616368731	0,350448342654	1,382244601358	1,243261024087	0,060538746417	0,165025189519	45037,8514833681
230	0,350685620545	0,349612638665	1,378849295394	1,240031753366	0,060538746417	0,165025189519	45037,9609094792
231	0,349832137424	0,348875122242	1,375891811889	1,237125190423	0,060538746417	0,165025189519	45038,070214375
232	0,349123267448	0,348175060784	1,37346857858	1,234396503707	0,060538746417	0,165025189519	45038,1796958333
233	0,348378290452	0,347385899993	1,370881465359	1,231377493469	0,060538746417	0,165025189519	45038,2891177778
234	0,347551670859	0,346594089638	1,367994143139	1,228258485452	0,060538746417	0,165025189519	45038,3984423843
235	0,346889447645	0,345966387946	1,365756585872	1,225881959782	0,060538746417	0,165025189519	45038,507961956
236	0,346211238729	0,3452688864	1,363326317439	1,223148866283	0,060538746417	0,165025189519	45038,6173804282
237	0,345422636592	0,344408650991	1,360525370868	1,219768529212	0,060538746417	0,165025189519	45038,7265228704
238	0,344682398152	0,343658181142	1,358031884355	1,216847150635	0,060538746417	0,165025189519	45038,8357954167
239	0,343936385685	0,34288452182	1,355426001569	1,213813132291	0,060538746417	0,165025189519	45038,9452602199
240	0,343168013688	0,342141797198	1,352802206677	1,210854703427	0,060538746417	0,165025189519	45039,0548475926
241	0,342378377058	0,34125836129	1,35006316298	1,207441334475	0,060538746417	0,165025189519	45039,1643661921
242	0,341556904103	0,340529860195	1,347194576434	1,204534130475	0,060538746417	0,165025189519	45039,2740513889
243	0,34075459754	0,33956629641	1,344398784869	1,200747490293	0,060538746417	0,165025189519	45039,3836552083
244	0,339854823319	0,338802931205	1,341320271372	1,197829091264	0,060538746417	0,165025189519	45039,493345625
245	0,339106455844	0,337973699797	1,338699858622	1,194545299375	0,060538746417	0,165025189519	45039,6030626505
246	0,338278723216	0,337054040246	1,335853874926	1,1909849761	0,060538746417	0,165025189519	45039,7128764931
247	0,337336578598	0,335988433449	1,332546212736	1,186672655095	0,060538746417	0,165025189519	45039,8225797569
248	0,336261939022	0,334880218799	1,328846140841	1,182211200461	0,060538746417	0,165025189519	45039,9323571181
249	0,335185309828	0,333830138481	1,325209225142	1,178117690586	0,060538746417	0,165025189519	45040,0423371296
250	0,334160702905	0,33296348326	1,3215169342	1,175005960774	0,060538746417	0,165025189519	45040,1521001852
251	0,333234442223	0,331835826501	1,318249504713	1,170482110251	0,060538746417	0,165025189519	45040,2617940509
252	0,332189740042	0,330827022047	1,314678845065	1,16645133151	0,060538746417	0,165025189519	45040,3718587963
253	0,330995976486	0,329678828338	1,310404464685	1,162259022111	0,060538746417	0,165025189519	45040,4815056366
254	0,329917028963	0,328522769026	1,306760666091	1,157594182589	0,060538746417	0,165025189519	45040,591389838
255	0,329054769677	0,327853699278	1,303664686532	1,1552014912	0,060538746417	0,165025189519	45040,7012254167
256	0,328283835634	0,326888929396	1,300859429367	1,15141151739	0,060538746417	0,165025189519	45040,8112515972
257	0,327206856588	0,325712173764	1,297023917806	1,146819799345	0,060538746417	0,165025189519	45040,9209971181
258	0,326091638983	0,324548409917	1,293154658628	1,142262708195	0,060538746417	0,165025189519	45041,0308250579
259	0,324923315098	0,323357518922	1,28905944858	1,137595286937	0,060538746417	0,165025189519	45041,140715463
260	0,323752294428	0,322096841637	1,284986065624	1,132733186288	0,060538746417	0,165025189519	45041,2506530671
261	0,322494323292	0,320831056184	1,28051231366	1,127766572535	0,060538746417	0,165025189519	45041,3606249306
262	0,320604468107	0,31879030189	1,273830866348	1,11990942712	0,060538746417	0,165025189519	45041,4705506597
263	0,319264040458	0,317684675341	1,269302237243	1,11576457086	0,060538746417	0,165025189519	45041,5804847801
264	0,318068507443	0,316452413744	1,264993210691	1,111064911357	0,060538746417	0,165025189519	45041,6903373611
265	0,317215429171	0,316429193537	1,259113717686	1,110691386279	0,060538746417	0,165025189519	45041,8028728009
266	0,316894317005	0,315274410263	1,260819232835	1,106192539175	0,060538746417	0,165025189519	45041,9127186458
267	0,315700318666	0,313856204983	1,25654186605	1,100661831405	0,060538746417	0,165025189519	45042,0226397801
268	0,314272808144	0,312366918092	1,251522886976	1,094953141521	0,060538746417	0,165025189519	45042,1324864352
269	0,312871617931	0,311010717846	1,246508226138	1,089622038202	0,060538746417	0,165025189519	45042,2425690278
270	0,31142168628	0,309363920125	1,24138208536	1,083281738322	0,060538746417	0,165025189519	45042,352392662
271	0,309791232517	0,307823020018	1,23554609192	1,077246441042	0,060538746417	0,165025189519	45042,4620266204
272	0,3083142213	0,30632076084	1,230211004074	1,071520408011	0,060538746417	0,165025189519	45042,5716166667
273	0,306856845805	0,304661009908	1,225072780398	1,065174460006	0,060538746417	0,165025189519	45042,6813277546
274	0,30514088094	0,303134375501	1,218814679803	1,059252676267	0,060538746417	0,165025189519	45042,790906088
275	0,303683326737	0,301486187092	1,213614599015	1,052972397185	0,060538746417	0,165025189519	45042,9003936806
276	0,301998790185	0,299652068347	1,207545851983	1,045911983913	0,060538746417	0,165025189519	45043,0097430903
277	0,300200467183	5,7657E-8	1,201025573771	1,95782E-7	0,060538746417	0,165025189519	45043,1260348958
278	0	0,188827354904	0	0,65770641196	0,083646535873	0,222167164087	45043,3544260069
279	0,317565909937	0,299149602535	1,266474790549	1,043840608677	0,083646535873	0,222167164087	45043,4684774769
280	0,300097290216	0,297735274316	1,201093976384	1,038479902984	0,083646535873	0,222167164087	45043,5779265162
281	0,298306669542	0,296114281511	1,194370986024	1,032449886291	0,083646535873	0,222167164087	45043,6868166898
282	0,296633435767	0,294591406121	1,188239079977	1,026654303371	0,083646535873	0,222167164087	45043,7953771991
283	0,295254697228	0,293087934274	1,18325819491	1,021002345733	0,083646535873	0,222167164087	45043,9040727546
284	0,293607372504	0,291337748629	1,177272471019	1,014353129113	0,083646535873	0,222167164087	45044,012546412
285	0,29185641158	0,289594088122	1,170886663076	1,007734868528	0,083646535873	0,222167164087	45044,1207104282
286	0,290211247066	0,287876163228	1,164901043863	1,001244892422	0,083646535873	0,222167164087	45044,22896625
287	0,288436793404	0,286000734285	1,158402541731	0,994190257907	0,083646535873	0,222167164087	45044,3370304167
288	0,286524780778	0,283875973563	1,151434135629	0,986151607698	0,083646535873	0,222167164087	45044,4448522569
289	0,28453824413	0,282155557421	1,144176704481	0,979734557427	0,083646535873	0,222167164087	45044,5527388542
290	0,282760800781	0,280158657338	1,137640804356	0,972319671013	0,083646535873	0,222167164087	45044,6602058681
291	0,280823971116	0,278114046536	1,130470945004	0,964679487191	0,083646535873	0,222167164087	45044,7675370718
292	0,278815521009	0,276139081934	1,123072197884	0,957398816051	0,083646535873	0,222167164087	45044,8747401389
293	0,276842990791	0,273991083628	1,115798026327	0,949351431984	0,083646535873	0,222167164087	45044,9818425579
294	0,274652830618	0,271712605001	1,107745940984	0,940881873761	0,083646535873	0,222167164087	45045,0887054051
295	0,272446843672	0,269390258384	1,099604777448	0,932277975554	0,083646535873	0,222167164087	45045,1955276273
296	0,270083731882	0,267036881061	1,090842187097	0,923594603126	0,083646535873	0,222167164087	45045,3020171065
297	0,267783483238	0,264644755784	1,082311519738	0,914712694779	0,083646535873	0,222167164087	45045,4084656366
298	0,265360615039	0,2622771952	1,07328319976	0,906058011064	0,083646535873	0,222167164087	45045,5144883681
299	0,263095136083	0,259856660802	1,064848429097	0,897176060068	0,083646535873	0,222167164087	45045,6204918403
300	0,260606354977	0,257314758689	1,055511982485	0,88783312356	0,083646535873	0,222167164087	45045,726114537
301	0,258128246454	0,254907070904	1,046240589747	0,879078484242	0,083646535873	0,222167164087	45045,8315926273
302	0,255678380402	0,252401257438	1,036987265064	0,869931058576	0,083646535873	0,222167164087	45045,9366454398
303	0,253218428292	0,24984648667	1,02777666407	0,860640708199	0,083646535873	0,222167164087	45046,0415864468
304	0,250584243305	0,247285115527	1,017808570987	0,851325814642	0,083646535873	0,222167164087	45046,1459312037
305	0,248132801001	0,244765146349	1,008550082802	0,842192769257	0,083646535873	0,222167164087	45046,2501521412
306	0,245525785551	0,24209410226	0,998654117734	0,832464546277	0,083646535873	0,222167164087	45046,3538802894
307	0,242898684051	0,239527550892	0,988749822244	0,823127032365	0,083646535873	0,222167164087	45046,4573507176
308	0,240423952864	0,237055339486	0,979361103894	0,814159259333	0,083646535873	0,222167164087	45046,560822581
309	0,237869015403	0,23453665143	0,969615802361	0,805049015095	0,083646535873	0,222167164087	45046,6638843056
310	0,235356104945	0,231984388651	0,960044429093	0,795883712629	0,083646535873	0,222167164087	45046,766656169
311	0,232840214813	0,229507035168	0,950419747291	0,78709158481	0,083646535873	0,222167164087	45046,8691769676
312	0,23035327774	0,227024517776	0,940875438545	0,778080761647	0,083646535873	0,222167164087	45046,9714976389
313	0,22787083804	0,224600071771	0,93134244494	0,769374446034	0,083646535873	0,222167164087	45047,073565787
314	0,225440078742	0,222135649036	0,922048095871	0,760573233008	0,083646535873	0,222167164087	45047,1753742824
315	0,222944867912	0,219557531328	0,912455893125	0,751426665632	0,083646535873	0,222167164087	45047,2768322917
316	0,220373399281	0,217034935693	0,902514203149	0,742334446867	0,083646535873	0,222167164087	45047,3780238542
317	0,217850451419	0,214753965396	0,892783656988	0,734252612849	0,083646535873	0,222167164087	45047,4788232176
318	0,215579494967	0,212474158601	0,883984101979	0,726167829226	0,083646535873	0,222167164087	45047,579324919
319	0,213262196633	0,210133722621	0,875004951164	0,717907681958	0,083646535873	0,222167164087	45047,6794279861
320	0,21094321965	0,207976691188	0,8660130438	0,71028087664	0,083646535873	0,222167164087	45047,7792680093
321	0,208809287597	0,205804185409	0,85772364281	0,702630041124	0,083646535873	0,222167164087	45047,8788521296
322	0,206558743428	0,203342281474	0,848982151015	0,694008663157	0,083646535873	0,222167164087	45047,9780510764
323	0,204118865224	0,201134862204	0,839465082638	0,686235655463	0,083646535873	0,222167164087	45048,0769144907
324	0,20194717342	0,198955905037	0,830987419984	0,678563629914	0,083646535873	0,222167164087	45048,1756445255
325	0,199690270252	0,196916395834	0,82212790893	0,671409197182	0,083646535873	0,222167164087	45048,2739066204
326	0,197650596298	0,194621130799	0,81413461021	0,663322531697	0,083646535873	0,222167164087	45048,3718478241
327	0,195329743359	0,192581652537	0,80505216504	0,656213062217	0,083646535873	0,222167164087	45048,4693614583
328	0,193326561832	6,4227E-8	0,797169864352	2,27846E-7	0,083646535873	0,222167164087	45048,5738075694
329	0	0,136858581925	0	0,47459233761	0,151191696525	0,36274009943	45048,7557418866
330	0,229279549661	0,192971716158	0,941012071516	0,65713558865	0,151191696525	0,36274009943	45048,8640603819
331	0,194500449468	0,190596406322	0,802073614425	0,64943929456	0,151191696525	0,36274009943	45048,962300625
332	0,191555463851	0,188542679313	0,790283704146	0,642378816057	0,151191696525	0,36274009943	45049,0593782986
333	0,18935736265	0,186634938757	0,781582267044	0,635735685391	0,151191696525	0,36274009943	45049,1559510069
334	0,187383781878	0,184891199199	0,77378196853	0,62968087413	0,151191696525	0,36274009943	45049,252134838
335	0,185554731446	0,183135866813	0,766532723953	0,623595031546	0,151191696525	0,36274009943	45049,347822419
336	0,183854530914	0,181425748391	0,759814317787	0,617651482798	0,151191696525	0,36274009943	45049,4434829167
337	0,182079510248	0,179820233743	0,752763041604	0,612126223379	0,151191696525	0,36274009943	45049,5387666667
338	0,180475074071	0,178303878832	0,746407380392	0,606902277135	0,151191696525	0,36274009943	45049,6337162384
339	0,1788903723	0,176959307869	0,740116269927	0,602156303115	0,151191696525	0,36274009943	45049,7282606713
340	0,177644043667	0,175813599684	0,735195258511	0,598171819511	0,151191696525	0,36274009943	45049,8228556481
341	0,176415141709	0,174401782212	0,730280421158	0,593244594459	0,151191696525	0,36274009943	45049,9170879167
342	0,174976552717	0,172895784362	0,724557682722	0,588006670193	0,151191696525	0,36274009943	45050,0110636343
343	0,173467629601	0,17149431738	0,718546942964	0,583139486087	0,151191696525	0,36274009943	45050,1047834607
344	0,172075654624	0,170197515421	0,71300563998	0,578614656308	0,151191696525	0,36274009943	45050,1983689236
345	0,170755102046	0,169010499794	0,707733183976	0,574525215489	0,151191696525	0,36274009943	45050,2916867245
346	0,169591416341	0,167758908196	0,703074830985	0,570133475229	0,151191696525	0,36274009943	45050,3849487963
347	0,168282971671	0,166610681213	0,697839413193	0,566190597205	0,151191696525	0,36274009943	45050,4778432523
348	0,167148109804	0,16548176643	0,693309710417	0,562316904644	0,151191696525	0,36274009943	45050,5705015972
349	0,16600958615	0,164414900128	0,68875197207	0,558594254312	0,151191696525	0,36274009943	45050,6629819213
350	0,164927370049	0,163407373406	0,684420988808	0,555076895992	0,151191696525	0,36274009943	45050,7552797338
351	0,163936783717	0,162509676037	0,680453694805	0,551963247151	0,151191696525	0,36274009943	45050,8474055208
352	0,162992089736	0,161263283316	0,676651678904	0,547545939442	0,151191696525	0,36274009943	45050,9391996065
353	0,161715048531	0,16036684397	0,671537476432	0,544374144768	0,151191696525	0,36274009943	45051,0309324769
354	0,160840627063	0,159474312204	0,668008545122	0,541252401087	0,151191696525	0,36274009943	45051,1225244444
355	0,159946668395	0,158585696922	0,664413560948	0,538146260524	0,151191696525	0,36274009943	45051,2139941782
356	0,159051090903	0,157715146413	0,660810992341	0,535099299872	0,151191696525	0,36274009943	45051,3053669444
357	0,158168046355	0,156782614816	0,657260822603	0,531808714078	0,151191696525	0,36274009943	45051,3966715972
358	0,15717859792	0,156037302942	0,653267200686	0,529228665973	0,151191696525	0,36274009943	45051,4875921065
359	0,156480408938	0,156087679966	0,650451530368	0,529174763043	0,151191696525	0,36274009943	45051,5784426157
360	0,156570233815	0,154461474085	0,650810768604	0,5236536873	0,151191696525	0,36274009943	45051,6694467477
361	0,154777781868	0,152839181294	0,643592530851	0,517983265352	0,151191696525	0,36274009943	45051,7596039815
362	0,15328759777	0,152632530905	0,637584305996	0,517359398329	0,151191696525	0,36274009943	45051,849907338
363	0,152970468702	0,151439074487	0,636268197778	0,513008779669	0,151191696525	0,36274009943	45051,9400312616
364	0,151857204482	0,151023136438	0,631812513481	0,511717443954	0,151191696525	0,36274009943	45052,0299295602
365	0,151411453888	0,150094475548	0,629997384459	0,508318245525	0,151191696525	0,36274009943	45052,1200257523
366	0,150428806893	0,150310175809	0,626024816129	0,509172868869	0,151191696525	0,36274009943	45052,209610162
367	0,150630870682	0,148707248839	0,626853123087	0,503595490275	0,151191696525	0,36274009943	45052,2993233449
368	0,149050014085	0,148204778574	0,62045302466	0,501654875632	0,151191696525	0,36274009943	45052,3888217245
369	0,148584122069	0,148658163106	0,618544393777	0,503170575004	0,151191696525	0,36274009943	45052,4781440278
370	0,148957921359	0,147212809907	0,620100874316	0,498267607498	0,151191696525	0,36274009943	45052,5675446065
371	0,147582061206	0,146741388785	0,614472815422	0,496523524007	0,151191696525	0,36274009943	45052,6567979282
372	0,147067288893	0,146486920649	0,61239109332	0,495634933015	0,151191696525	0,36274009943	45052,7457506134
373	0,146819990342	0,146171773102	0,611412049794	0,494593289335	0,151191696525	0,36274009943	45052,8349038773
374	0,146458153722	0,14591991786	0,609866858972	0,493547517668	0,151191696525	0,36274009943	45052,9239075
375	0,146204267892	0,14473674242	0,608920578289	0,489586768428	0,151191696525	0,36274009943	45053,0129320255
376	0,145098449287	0,14463599939	0,604399131505	0,488932289109	0,151191696525	0,36274009943	45053,1019266667
377	0,144894634256	0,143525173755	0,60359682107	0,485339228825	0,151191696525	0,36274009943	45053,1906893056
378	0,143770890233	0,142724359517	0,599022307113	0,482386789243	0,151191696525	0,36274009943	45053,2789503472
379	0,142972220666	9,093E-8	0,595751744434	3,30357E-7	0,151191696525	0,36274009943	45053,3739209375
380	1,27158515805803E-14	0,125549309415	4,95294400506118E-14	0,432631225541	0,188100069761	0,443623960018	45053,5373509144
381	0,203055676367	0,146535977132	0,84151206656	0,494622599234	0,188100069761	0,443623960018	45053,6446902199
382	0,14786174248	0,143544546141	0,615817120026	0,485071759126	0,188100069761	0,443623960018	45053,7357858681
383	0,144392759769	0,142959428989	0,601563694072	0,483033239992	0,188100069761	0,443623960018	45053,8252299884
384	0,143573714826	0,141257096272	0,598237727294	0,477304151997	0,188100069761	0,443623960018	45053,9139891204
385	0,141721902246	0,139934429422	0,590603106856	0,472878958703	0,188100069761	0,443623960018	45054,0018662847
386	0,140405454752	0,139552090681	0,585297029182	0,471515420416	0,188100069761	0,443623960018	45054,0893999769
387	0,139999262998	0,138672493691	0,583604170443	0,468612963036	0,188100069761	0,443623960018	45054,1769044329
388	0,139003259681	0,138264334566	0,579550098722	0,467203709266	0,188100069761	0,443623960018	45054,2639967708
389	0,138581820807	0,137612062033	0,577825073767	0,464986533545	0,188100069761	0,443623960018	45054,351076794
390	0,137919760515	0,137315013384	0,575139548339	0,463854996055	0,188100069761	0,443623960018	45054,438117338
391	0,137652874754	0,137534552138	0,574033111229	0,464605993902	0,188100069761	0,443623960018	45054,5250922338
392	0,1342211143		0,559593085343		0,188100069761	0,443623960018	45054,5804421181
