TesterID:	Maccor#2						
Channel Number:	43						
TestName:	KAI_Zelltest_regulaer_fix_no_degass_flag.000						
TestDesc:	Regular cycling: formation, followed by pulse, C-rate quick charge and cycling t						
StartDateTime:	45007,4464700579						
Comment:							
							
							
Cycle	AH-IN	AH-OUT	WH-IN	WH-OUT	ACR	DCIR	Date
0		1,8021E-8		4,46984895603712E-9	0	0	45007,6132549769
1	0,51749754359	0,432543757585	1,924586056527	1,585510526289	0	0	45008,0459248727
2	0,444059202239	0,432760494462	1,66894544343	1,586728901724	0	0	45008,4526703704
3	0,457134373547	5,0659E-8	1,722774433605	1,62723E-7	0	0	45008,9341767824
4	1,14442664225223E-13	3,6452E-8	4,29651618050542E-13	1,1859E-7	0,04559404403	0,127585798502	45009,233666412
5	0,445045054328	0,437523299222	1,686028192556	1,605295782831	0,04559404403	0,127585798502	45009,4950191435
6	0,443296195716	0,435798446534	1,679055911861	1,599135304039	0,04559404403	0,127585798502	45009,7621899537
7	0,442779263275	0,43490676716	1,676749557713	1,59600351193	0,04559404403	0,127585798502	45010,0286005556
8	0,441628496059	0,414833923106	1,672032408412	1,495489101118	0,04559404403	0,127585798502	45010,2144045833
9	0,418745123697	0,413765738382	1,592440695115	1,491970802999	0,04559404403	0,127585798502	45010,3935860995
10	0,417644297103	0,41318319619	1,588116606291	1,49017318626	0,04559404403	0,127585798502	45010,5719555671
11	0,41615833711	0,35227921325	1,582383192599	1,240362738593	0,04559404403	0,127585798502	45010,7284715625
12	0,354681860478	0,352643480012	1,36440986895	1,24226605024	0,04559404403	0,127585798502	45010,8681453472
13	0,355085450741	0,351943424698	1,365602173882	1,240003427872	0,04559404403	0,127585798502	45011,0080265278
14	0,354333989653	0,427947576204	1,362670066009	1,571661397979	0,04559404403	0,127585798502	45011,2885871065
15	0,432527728757	0,428394482224	1,637069064229	1,573289516449	0,04559404403	0,127585798502	45011,5486357755
16	0,432987045269	1,208E-8	1,638487085848	3,8422E-8	0,04559404403	0,127585798502	45011,8158987153
17	0,377185216639	0,375368546193	1,435248171824	1,358224626087	0,04559404403	0,127585798502	45011,9577200694
18	0,376854566565	0,375348429716	1,43355025905	1,358021816	0,04559404403	0,127585798502	45012,1063903009
19	0,37644903284	0,375023839171	1,431768295091	1,356813054888	0,04559404403	0,127585798502	45012,2549342824
20	0,349778522995	0,340532322022	1,358645691055	1,224062111451	0,04559404403	0,127585798502	45012,3761361921
21	0,340437100063	0,330999962177	1,321711160683	1,190496884717	0,04559404403	0,127585798502	45012,4943564468
22	0,330914858781	1,1451E-8	1,284936418496	3,4986E-8	0,04559404403	0,127585798502	45012,6169779977
23	0	0,231989721963	0	0,81390011864	0,043179597706	0,111329883337	45012,8826882176
24	0,405458320819	0,397662895169	1,563371425848	1,435816836119	0,043179597706	0,111329883337	45012,9875907292
25	0,397951066507	0,396856847726	1,537430134161	1,433095477048	0,043179597706	0,111329883337	45013,0915028009
26	0,39703102591	0,396100010415	1,53390233956	1,430455944881	0,043179597706	0,111329883337	45013,1949620602
27	0,396318019525	0,395501966328	1,531186101986	1,428404935613	0,043179597706	0,111329883337	45013,2982954051
28	0,395694376484	0,394962048302	1,528819103031	1,426535568773	0,043179597706	0,111329883337	45013,4015343287
29	0,395140308479	0,394445397319	1,526681852768	1,424722756629	0,043179597706	0,111329883337	45013,5045839815
30	0,394605102069	0,393963560009	1,524640614462	1,423033707629	0,043179597706	0,111329883337	45013,6074573611
31	0,394107294497	0,393498568869	1,522740116055	1,421401168924	0,043179597706	0,111329883337	45013,7101831481
32	0,393655219264	0,393051745502	1,521015883423	1,419829024013	0,043179597706	0,111329883337	45013,8128242361
33	0,393183909355	0,392599652049	1,51923606416	1,418215079206	0,043179597706	0,111329883337	45013,9153777315
34	0,392687538886	0,392137237142	1,517355694942	1,416549438667	0,043179597706	0,111329883337	45014,0176440509
35	0,392300008912	0,391784610471	1,515887281134	1,415317961524	0,043179597706	0,111329883337	45014,1199226389
36	0,391910345376	0,391410001698	1,514380735586	1,413998764755	0,043179597706	0,111329883337	45014,2220395718
37	0,391536930958	0,391053522548	1,512953611797	1,412730846533	0,043179597706	0,111329883337	45014,324105
38	0,391174926124	0,390712617986	1,511564161138	1,411536715254	0,043179597706	0,111329883337	45014,4260615856
39	0,390782271609	0,390332777275	1,510036659317	1,410166874448	0,043179597706	0,111329883337	45014,5277185069
40	0,390507624341	0,390057737645	1,509004015575	1,409199018406	0,043179597706	0,111329883337	45014,6294814352
41	0,390174333192	0,389738681245	1,50774580343	1,408067653928	0,043179597706	0,111329883337	45014,7311488426
42	0,389865723488	0,389445447776	1,506580558024	1,407026253967	0,043179597706	0,111329883337	45014,8327960995
43	0,389530283838	0,389125076771	1,505286572122	1,405894317057	0,043179597706	0,111329883337	45014,9342348843
44	0,389262068314	0,388856457587	1,504282771507	1,404945415735	0,043179597706	0,111329883337	45015,0357243866
45	0,388922479772	0,388538781069	1,50298407516	1,403804094042	0,043179597706	0,111329883337	45015,1370088773
46	0,388684607781	0,388303692738	1,502094494301	1,402978888447	0,043179597706	0,111329883337	45015,2383839931
47	0,388407038242	0,388033704268	1,501020817709	1,402033309607	0,043179597706	0,111329883337	45015,3396653472
48	0,388122639531	0,387758574143	1,499936307311	1,401064373524	0,043179597706	0,111329883337	45015,4408673843
49	0,387870239916	0,387518371283	1,498967433244	1,400213212353	0,043179597706	0,111329883337	45015,5420384375
50	0,387567106149	0,387201905526	1,497789694212	1,399052420818	0,043179597706	0,111329883337	45015,6429600579
51	0,387306395226	0,386939690891	1,496807730919	1,398104181086	0,043179597706	0,111329883337	45015,7438777199
52	0,387027641373	0,386689113171	1,495754313075	1,397195828413	0,043179597706	0,111329883337	45015,8446810185
53	0,386800087048	0,386469454676	1,494897380874	1,396438433757	0,043179597706	0,111329883337	45015,9455800579
54	0,386500388606	0,386165966084	1,493734989862	1,395330773052	0,043179597706	0,111329883337	45016,0461869329
55	0,386270991955	0,385954207948	1,492880326188	1,394561971751	0,043179597706	0,111329883337	45016,1468449074
56	0,386052841719	0,385742365464	1,49203283755	1,393818578508	0,043179597706	0,111329883337	45016,247407338
57	0,38581868039	0,385504700265	1,491126700471	1,392967582095	0,043179597706	0,111329883337	45016,3478689815
58	0,385598312703	0,385292864563	1,490295317502	1,392229668036	0,043179597706	0,111329883337	45016,4483667361
59	0,385353497627	0,385066780961	1,489349710526	1,391451595994	0,043179597706	0,111329883337	45016,5488066088
60	0,385156344506	0,384857584646	1,48861807669	1,390699190319	0,043179597706	0,111329883337	45016,649189213
61	0,384911133556	0,384618561606	1,48767917965	1,389840946666	0,043179597706	0,111329883337	45016,7494346875
62	0,38471270888	0,384422275059	1,486948104342	1,389148214233	0,043179597706	0,111329883337	45016,8496858449
63	0,384494146275	0,384210499545	1,486129465698	1,388379571025	0,043179597706	0,111329883337	45016,9498859606
64	0,384261212466	0,38397924801	1,485247238959	1,387550225461	0,043179597706	0,111329883337	45017,0499628819
65	0,384054785487	0,383773914134	1,484468456037	1,386825833456	0,043179597706	0,111329883337	45017,1500105208
66	0,383857691977	0,383583980003	1,483719431717	1,386152238078	0,043179597706	0,111329883337	45017,2500776736
67	0,383613344761	0,383337358605	1,482767995409	1,385262115413	0,043179597706	0,111329883337	45017,3499340046
68	0,383426672454	0,383152586473	1,48205927325	1,384615848286	0,043179597706	0,111329883337	45017,4498370949
69	0,383217222497	0,382944635254	1,48126086509	1,383821495609	0,043179597706	0,111329883337	45017,5496255324
70	0,383059981212	0,382801276742	1,480653422365	1,383315859138	0,043179597706	0,111329883337	45017,6494954051
71	0,382851621502	0,382577858596	1,479888011264	1,382506655483	0,043179597706	0,111329883337	45017,7492266319
72	0,382656020619	0,382417688669	1,479148556966	1,381950994965	0,043179597706	0,111329883337	45017,8489551273
73	0,382452094985	1,7174E-8	1,478359280661	5,5205E-8	0,043179597706	0,111329883337	45017,9555358333
74	1,97095699498995E-13	0,218867907828	7,3821887507868E-13	0,767911916423	0,044239401817	0,108481153846	45018,2093802431
75	0,389388677276	0,382789660813	1,50214997456	1,383308063639	0,044239401817	0,108481153846	45018,3098806944
76	0,38284213902	0,382390589072	1,479646080671	1,381915402668	0,044239401817	0,108481153846	45018,4095271875
77	0,382454416059	0,382090846779	1,478167770923	1,380876323706	0,044239401817	0,108481153846	45018,5090850232
78	0,382140797132	0,381807990079	1,476990797053	1,379848428173	0,044239401817	0,108481153846	45018,6085182523
79	0,38189042675	0,381594906317	1,476068529383	1,379103953016	0,044239401817	0,108481153846	45018,7079836921
80	0,381640831914	0,381379193128	1,475116501943	1,378333330979	0,044239401817	0,108481153846	45018,807367662
81	0,381445419855	0,381181531785	1,474379818431	1,377630542132	0,044239401817	0,108481153846	45018,9067202893
82	0,381209471437	0,380946505761	1,473483101516	1,376775612124	0,044239401817	0,108481153846	45019,0059540509
83	0,381008493534	0,380754001544	1,472734261728	1,376093337575	0,044239401817	0,108481153846	45019,1051771528
84	0,380749780845	0,380504717659	1,471741290269	1,375181536547	0,044239401817	0,108481153846	45019,2040603241
85	0,380612593379	0,380367835119	1,471253790535	1,374702855682	0,044239401817	0,108481153846	45019,3031278125
86	0,380410952471	0,380168937373	1,470496199491	1,374000529903	0,044239401817	0,108481153846	45019,4021448611
87	0,380261169577	0,380004886782	1,469942122668	1,373417819776	0,044239401817	0,108481153846	45019,501249919
88	0,380010929844	0,379784021129	1,46899654193	1,372597340323	0,044239401817	0,108481153846	45019,6001608796
89	0,379875874544	0,379639332965	1,468489845111	1,372107182991	0,044239401817	0,108481153846	45019,6991196412
90	0,379691832808	0,379466229111	1,467805531463	1,371486830447	0,044239401817	0,108481153846	45019,7980413542
91	0,379518769109	0,37929447229	1,467169383022	1,37087728993	0,044239401817	0,108481153846	45019,8969047917
92	0,379318005424	0,379107177545	1,466406053293	1,37020691443	0,044239401817	0,108481153846	45019,995600544
93	0,379205656107	0,378983198629	1,46600397587	1,369771622703	0,044239401817	0,108481153846	45020,0944475579
94	0,378985874675	0,378766171681	1,465158943648	1,368971501319	0,044239401817	0,108481153846	45020,1930782407
95	0,378837609695	0,37862026025	1,464621347254	1,368434166362	0,044239401817	0,108481153846	45020,2917459144
96	0,378663699296	0,378447146859	1,463574685086	1,36780020695	0,044239401817	0,108481153846	45020,3919013426
97	0,378531928763	0,378338675985	1,463499438581	1,367456370299	0,044239401817	0,108481153846	45020,4906544444
98	0,378379014669	0,378199122482	1,462896010426	1,366995947323	0,044239401817	0,108481153846	45020,58928875
99	0,378204082673	0,377964064666	1,46219002544	1,366048197932	0,044239401817	0,108481153846	45020,6877721296
100	0,37803735633	0,377862075271	1,461639857043	1,36572818867	0,044239401817	0,108481153846	45020,7863084259
101	0,377907775969	0,377709669643	1,461125322081	1,365184379789	0,044239401817	0,108481153846	45020,8848081019
102	0,37773459591	0,37755077533	1,460479656971	1,364601615239	0,044239401817	0,108481153846	45020,9832452778
103	0,377573787519	0,377376418754	1,459845182406	1,363965957108	0,044239401817	0,108481153846	45021,081570625
104	0,377436737576	0,377257502654	1,459338613193	1,363544768519	0,044239401817	0,108481153846	45021,1799239931
105	0,377292436123	0,377112941225	1,458783440481	1,363029591589	0,044239401817	0,108481153846	45021,2781920023
106	0,377139877943	0,37696176861	1,45820214065	1,362500033165	0,044239401817	0,108481153846	45021,3763975926
107	0,37699500831	0,376810635842	1,457638041135	1,36193113946	0,044239401817	0,108481153846	45021,474490544
108	0,376896966969	0,376713734481	1,457290716318	1,361597083325	0,044239401817	0,108481153846	45021,572695544
109	0,376764706301	0,376566537268	1,456817965484	1,36105820489	0,044239401817	0,108481153846	45021,6709887616
110	0,364823940189	0,364862992124	1,406726531673	1,31421585422	0,044239401817	0,108481153846	45021,7541351505
111	0,376643284587	0,376366361577	1,456363363009	1,360307580512	0,044239401817	0,108481153846	45021,8523796296
112	0,376404361995	0,376211351745	1,455467443446	1,359756702283	0,044239401817	0,108481153846	45021,9504480208
113	0,37625287993	0,376061519595	1,454887451695	1,359219686917	0,044239401817	0,108481153846	45022,0484729167
114	0,376130179103	0,375951693208	1,45443884145	1,358836667076	0,044239401817	0,108481153846	45022,1465158449
115	0,375987888247	0,375814792867	1,453898162182	1,358356573284	0,044239401817	0,108481153846	45022,2444971759
116	0,375854122843	0,375686911031	1,453393560905	1,357926863908	0,044239401817	0,108481153846	45022,3424413079
117	0,375736788992	0,375566832914	1,452943743038	1,357497937757	0,044239401817	0,108481153846	45022,4403454398
118	0,375621315714	0,375437644313	1,452513752021	1,357014676445	0,044239401817	0,108481153846	45022,5382563426
119	0,37547730555	0,375300682725	1,451984862243	1,356487138937	0,044239401817	0,108481153846	45022,6361672685
120	0,375340556961	0,375176684522	1,451479150518	1,356036079783	0,044239401817	0,108481153846	45022,7340215972
121	0,375217721327	0,375046323096	1,451006068553	1,35555996442	0,044239401817	0,108481153846	45022,8318327546
122	0,375072418391	0,37491453495	1,450461533511	1,355087374199	0,044239401817	0,108481153846	45022,9295603935
123	0,374959100494	0,374790510257	1,450044188659	1,354651652417	0,044239401817	0,108481153846	45023,0272859491
124	0,37484484923	8,06036214745301E-9	1,449618088328	2,5811E-8	0,044239401817	0,108481153846	45023,1319992014
125	1,90737773708705E-14	0,207981016914	7,14996220063471E-14	0,729809110912	0,04678138718	0,112808465958	45025,5858694097
126	0,375621972793	0,370699899653	1,450658165489	1,340493956581	0,04678138718	0,112808465958	45025,6830046644
127	0,37077231099	0,370689560819	1,433988552788	1,340565303236	0,04678138718	0,112808465958	45025,7796362731
128	0,370712585546	0,370639199267	1,433699171065	1,340390295791	0,04678138718	0,112808465958	45025,8760601157
129	0,370712662833	0,370631472902	1,433698437781	1,340382344152	0,04678138718	0,112808465958	45025,9725852431
130	0,370629715558	0,370544924578	1,433354849072	1,340073695191	0,04678138718	0,112808465958	45026,0689288426
131	0,370592927073	0,370507381238	1,433227350579	1,339950747296	0,04678138718	0,112808465958	45026,1653395486
132	0,370547719521	0,370445453767	1,433055115335	1,3397222853	0,04678138718	0,112808465958	45026,2617277315
133	0,370485127048	0,370378295846	1,432852103547	1,339461462449	0,04678138718	0,112808465958	45026,358159213
134	0,370429080748	0,370335676763	1,43266447707	1,339292234414	0,04678138718	0,112808465958	45026,4546189236
135	0,370359191641	0,370239981927	1,432409929113	1,338906208077	0,04678138718	0,112808465958	45026,5510219213
136	0,370242413784	0,370152250817	1,431960898634	1,338581916501	0,04678138718	0,112808465958	45026,6472224074
137	0,370213730627	0,370092852956	1,431866183996	1,338303994389	0,04678138718	0,112808465958	45026,7435285185
138	0,37015601449	0,370038589966	1,431695837583	1,338079845552	0,04678138718	0,112808465958	45026,8399500347
139	0,370064556197	0,369940488231	1,431371182849	1,337693850406	0,04678138718	0,112808465958	45026,9363346412
140	0,369974058533	0,369868044331	1,431058133915	1,337414142007	0,04678138718	0,112808465958	45027,0327083102
141	0,369873632534	0,369753151735	1,430679923049	1,336972520074	0,04678138718	0,112808465958	45027,1289569213
142	0,369834391491	0,369724738589	1,430573406678	1,336845256563	0,04678138718	0,112808465958	45027,2253658565
143	0,369753514179	0,369636929489	1,430270517475	1,336506977576	0,04678138718	0,112808465958	45027,3217694907
144	0,369664905984	0,369552918826	1,429964993887	1,336177999994	0,04678138718	0,112808465958	45027,4182060417
145	0,369554986341	0,369421218419	1,429563343553	1,335674906404	0,04678138718	0,112808465958	45027,5145520486
146	0,3694504421	0,369346224991	1,429193594241	1,335380796759	0,04678138718	0,112808465958	45027,6108414468
147	0,369367833412	0,369248066457	1,428881380688	1,335006441285	0,04678138718	0,112808465958	45027,7070601389
148	0,369269000525	0,369156356981	1,428528479415	1,3346498897	0,04678138718	0,112808465958	45027,8032701968
149	0,369205659024	0,369076310694	1,428319528497	1,334347144546	0,04678138718	0,112808465958	45027,8995310532
150	0,369135882422	0,369019494363	1,428093297962	1,334134606695	0,04678138718	0,112808465958	45027,9958852431
151	0,369038569683	0,368929116025	1,427749344386	1,33380223073	0,04678138718	0,112808465958	45028,0922261227
152	0,368912581955	0,368776664832	1,427252292237	1,33322008024	0,04678138718	0,112808465958	45028,188321412
153	0,368818444679	0,368708202688	1,426925275997	1,332960092714	0,04678138718	0,112808465958	45028,284456875
154	0,368749424864	0,368626832259	1,426675632963	1,332649489707	0,04678138718	0,112808465958	45028,3806031134
155	0,368682529501	0,368572585376	1,426441344327	1,332452693601	0,04678138718	0,112808465958	45028,4768057292
156	0,368622164929	0,368511870576	1,426230848641	1,332219718238	0,04678138718	0,112808465958	45028,5729990741
157	0,368532824553	0,36841756876	1,425897523087	1,33187127857	0,04678138718	0,112808465958	45028,6691649769
158	0,368485274567	0,368372392308	1,425748366486	1,331697701402	0,04678138718	0,112808465958	45028,7654427315
159	0,368358594097	0,368232896873	1,425271337557	1,331142183564	0,04678138718	0,112808465958	45028,8614682755
160	0,368270549537	0,368163065442	1,424962175	1,330894166302	0,04678138718	0,112808465958	45028,9575215625
161	0,368196290116	0,368092096367	1,424698437383	1,330635797219	0,04678138718	0,112808465958	45029,0536106481
162	0,36810656968	0,367992638487	1,424366914784	1,33026403307	0,04678138718	0,112808465958	45029,1496646991
163	0,368015287867	0,367912495563	1,42403831089	1,329973696355	0,04678138718	0,112808465958	45029,2457119444
164	0,36794253516	0,367835078489	1,423779804904	1,329695263081	0,04678138718	0,112808465958	45029,3417731713
165	0,367844729471	0,367749732449	1,423403436526	1,329377405034	0,04678138718	0,112808465958	45029,4377383796
166	0,367814017303	0,367708473327	1,423305549606	1,329222114512	0,04678138718	0,112808465958	45029,533807963
167	0,367726342423	0,367599938659	1,422970840061	1,328802069589	0,04678138718	0,112808465958	45029,6297830671
168	0,367640758356	0,367547017827	1,422676150829	1,328581570322	0,04678138718	0,112808465958	45029,7257011574
169	0,36758692844	0,367482465171	1,422470140697	1,328340563978	0,04678138718	0,112808465958	45029,821613287
170	0,367515305182	0,367394671542	1,422212684081	1,32799312689	0,04678138718	0,112808465958	45029,9175738889
171	0,367433703717	0,367319628731	1,421940277123	1,327694710769	0,04678138718	0,112808465958	45030,0135737616
172	0,367327200214	0,367222806634	1,421548366967	1,327328312048	0,04678138718	0,112808465958	45030,1095053935
173	0,367251908226	0,367149161723	1,421266630517	1,327059339308	0,04678138718	0,112808465958	45030,2053470602
174	0,367155869561	0,367038124998	1,420912500825	1,326640329286	0,04678138718	0,112808465958	45030,3011125579
175	0,367060530477	1,3571E-8	1,42059253127	4,3361E-8	0,04678138718	0,112808465958	45030,4039440857
176	0	0,206012278426	0	0,722894707632	0,048068977892	0,110892675817	45030,6488022454
177	0,37330131591	0,367770463738	1,442227691461	1,329208495295	0,048068977892	0,110892675817	45030,7455427662
178	0,367786817944	0,367508200996	1,423215071181	1,328276206013	0,048068977892	0,110892675817	45030,841525625
179	0,367533207337	0,367306760714	1,422247384106	1,32752373122	0,048068977892	0,110892675817	45030,9374323495
180	0,367337464195	0,367154402136	1,421528698095	1,32696934861	0,048068977892	0,110892675817	45031,0333257755
181	0,36719958215	0,367027761157	1,421036094807	1,326510002824	0,048068977892	0,110892675817	45031,1292391319
182	0,367079743288	0,366939935523	1,420601591896	1,326186520117	0,048068977892	0,110892675817	45031,2251661111
183	0,366967657145	0,366815972288	1,420193804091	1,325732585089	0,048068977892	0,110892675817	45031,3210544676
184	0,36680336957	0,366680370875	1,419592633002	1,325245285757	0,048068977892	0,110892675817	45031,4168184722
185	0,366746611971	0,36662864067	1,419374320039	1,325086943042	0,048068977892	0,110892675817	45031,5126219792
186	0,366648604218	0,366523987939	1,419007423704	1,324684177905	0,048068977892	0,110892675817	45031,6083831597
187	0,366548115025	0,366422056613	1,418651307359	1,324296934151	0,048068977892	0,110892675817	45031,7041229051
188	0,366472529921	0,366360051581	1,418388914005	1,324076191748	0,048068977892	0,110892675817	45031,7999727546
189	0,366377321405	0,36625539143	1,418015838116	1,323657399281	0,048068977892	0,110892675817	45031,8957117361
190	0,366276604745	0,366170155808	1,417653689162	1,32334238412	0,048068977892	0,110892675817	45031,9913725579
191	0,366219155208	0,366099071653	1,417464882673	1,323110165301	0,048068977892	0,110892675817	45032,0870446644
192	0,366104415051	0,365993192691	1,4170561541	1,32266037922	0,048068977892	0,110892675817	45032,1827046875
193	0,366052285866	0,365959560749	1,416883283784	1,322539846062	0,048068977892	0,110892675817	45032,2784332986
194	0,365973020281	0,365860123212	1,416515693659	1,322188692881	0,048068977892	0,110892675817	45032,3741492014
195	0,365851613258	0,365760698818	1,416144155568	1,321843563935	0,048068977892	0,110892675817	45032,469696088
196	0,365809610482	0,365710380496	1,415974454655	1,321677311933	0,048068977892	0,110892675817	45032,565318912
197	0,365734700069	0,365634099375	1,415685747846	1,321378264831	0,048068977892	0,110892675817	45032,6608957176
198	0,365648460235	0,365551421122	1,415371955678	1,321064631304	0,048068977892	0,110892675817	45032,7564475463
199	0,365592552143	0,365535976873	1,415163550563	1,32102714047	0,048068977892	0,110892675817	45032,8520044907
200	0,36559762033	0,365488188157	1,41514177919	1,320879401367	0,048068977892	0,110892675817	45032,9476112732
201	0,365520091995	0,365380946057	1,414911335055	1,320449268729	0,048068977892	0,110892675817	45033,0431896643
202	0,365373207154	0,36533187495	1,414343517317	1,320247136938	0,048068977892	0,110892675817	45033,1386888889
203	0,365344169851	0,365216893558	1,414221055774	1,319855033275	0,048068977892	0,110892675817	45033,2341969676
204	0,365224546577	0,365174287403	1,413768933761	1,319684955009	0,048068977892	0,110892675817	45033,3295355903
205	0,365203239995	0,365046363815	1,413741223297	1,319149054302	0,048068977892	0,110892675817	45033,4250546875
206	0,365069454579	0,365042584666	1,413273503969	1,319218815373	0,048068977892	0,110892675817	45033,5205067245
207	0,36506137745	0,36490689339	1,41319324152	1,318624223369	0,048068977892	0,110892675817	45033,6159637153
208	0,364897657354	0,364821651194	1,412634181374	1,318314965616	0,048068977892	0,110892675817	45033,7112839005
209	0,36487368041	0,364840966786	1,412557114608	1,318476478723	0,048068977892	0,110892675817	45033,8067345255
210	0,364873139075	0,364751901146	1,412485745674	1,318110264753	0,048068977892	0,110892675817	45033,9020526157
211	0,364746405609	0,364638221011	1,411997046373	1,317718894734	0,048068977892	0,110892675817	45033,9973680787
212	0,364671608563	0,364582642143	1,411743003914	1,317516314535	0,048068977892	0,110892675817	45034,0926842824
213	0,364620225725	0,364559453728	1,411603490543	1,317372621073	0,048068977892	0,110892675817	45034,1880208565
214	0,364538477026	0,364408335579	1,411282586674	1,31684309089	0,048068977892	0,110892675817	45034,2832832292
215	0,3644645416	0,364360520164	1,411014235711	1,316593735868	0,048068977892	0,110892675817	45034,3786920718
216	0,364367140594	0,364301158117	1,410736200777	1,316403101342	0,048068977892	0,110892675817	45034,474080463
217	0,364326865941	0,364290775624	1,410474814184	1,316394312127	0,048068977892	0,110892675817	45034,5693702083
218	0,364322017882	0,36426244386	1,410461822566	1,316399505487	0,048068977892	0,110892675817	45034,6646431481
219	0,364313766876	0,364178401618	1,41038702068	1,316031541062	0,048068977892	0,110892675817	45034,7600227778
220	0,364164696781	0,364140983318	1,409815651833	1,315985644087	0,048068977892	0,110892675817	45034,855205787
221	0,364192235226	0,364111228861	1,409917115869	1,31585375818	0,048068977892	0,110892675817	45034,9504260417
222	0,364120645942	0,364001486823	1,409639917371	1,315441873819	0,048068977892	0,110892675817	45035,0456585185
223	0,363997892054	0,363942046364	1,409180638512	1,315234573115	0,048068977892	0,110892675817	45035,1408242593
224	0,364008412448	0,363962760062	1,409270779673	1,315300118674	0,048068977892	0,110892675817	45035,2360236921
225	0,363964110278	0,363833535008	1,409056442294	1,314816034664	0,048068977892	0,110892675817	45035,3312393287
226	0,363811892417	2,9466E-8	1,408594072197	9,4037E-8	0,048068977892	0,110892675817	45035,4333635532
227	0	0,20343875158	0	0,713856984221	0,046701751649	0,115328289568	45035,6762878819
228	0,369830675158	0,364497500826	1,429487949507	1,317169243857	0,046701751649	0,115328289568	45035,7723652662
229	0,364518517099	0,364301139044	1,411071407898	1,316531284106	0,046701751649	0,115328289568	45035,8676553009
230	0,364342488765	0,364153823785	1,410393369244	1,315964802941	0,046701751649	0,115328289568	45035,9629059375
231	0,36414316203	0,363967859965	1,409664723065	1,315252478562	0,046701751649	0,115328289568	45036,0580432639
232	0,363993551166	0,363842648035	1,409085844733	1,314844540249	0,046701751649	0,115328289568	45036,1531801157
233	0,363850670133	0,3637431039	1,408577565937	1,31441688732	0,046701751649	0,115328289568	45036,2482384259
234	0,363821241132	0,363666923657	1,408495614908	1,314197540402	0,046701751649	0,115328289568	45036,3434518634
235	0,363668027327	0,36356357197	1,407954798233	1,313793709385	0,046701751649	0,115328289568	45036,4384941204
236	0,363599528997	0,363518407384	1,407646604877	1,313653877079	0,046701751649	0,115328289568	45036,5336035069
237	0,363554591177	0,363451277648	1,4075172371	1,313426652825	0,046701751649	0,115328289568	45036,6287023148
238	0,363457079351	0,363329813291	1,407108797473	1,312966874758	0,046701751649	0,115328289568	45036,7237619097
239	0,363346901391	0,363284650615	1,406717441516	1,312837302663	0,046701751649	0,115328289568	45036,8187651968
240	0,363318686429	0,363236797899	1,406565306772	1,312645998165	0,046701751649	0,115328289568	45036,9137766782
241	0,363266537805	0,363173568538	1,406422271421	1,312384042283	0,046701751649	0,115328289568	45037,0087721528
242	0,363221422688	0,363125730445	1,406285738364	1,312242720501	0,046701751649	0,115328289568	45037,1037768634
243	0,363157777817	0,363050840437	1,406025439428	1,312001638839	0,046701751649	0,115328289568	45037,198815162
244	0,363064133186	0,362999146262	1,405662903454	1,311766294838	0,046701751649	0,115328289568	45037,2938437616
245	0,362991701116	0,362881644164	1,405414144518	1,311248056974	0,046701751649	0,115328289568	45037,3887318171
246	0,362914298752	0,362844112906	1,405195968728	1,311157586284	0,046701751649	0,115328289568	45037,4836554514
247	0,362856134643	0,362761520695	1,404922029434	1,310906750257	0,046701751649	0,115328289568	45037,5784640972
248	0,362797858198	0,362721382898	1,404683963429	1,310747413256	0,046701751649	0,115328289568	45037,6733733102
249	0,362771356438	0,362711105945	1,404595998353	1,310715085722	0,046701751649	0,115328289568	45037,7682899306
250	0,36274659556	0,362682725648	1,404465874864	1,310654277007	0,046701751649	0,115328289568	45037,8632104745
251	0,3627072921	0,362581923067	1,404306960553	1,310270768992	0,046701751649	0,115328289568	45037,9581356829
252	0,362600137033	0,362519924601	1,403934444065	1,310035395089	0,046701751649	0,115328289568	45038,0529802083
253	0,362561496523	0,362494167796	1,403805532727	1,309934145383	0,046701751649	0,115328289568	45038,1479539583
254	0,362497584253	0,362425660086	1,403573029987	1,309656788838	0,046701751649	0,115328289568	45038,2428735995
255	0,362430303484	0,36229140888	1,403321618778	1,30912999674	0,046701751649	0,115328289568	45038,3376361574
256	0,362318571776	0,362268115773	1,402965181142	1,309047961283	0,046701751649	0,115328289568	45038,4324570833
257	0,362298560459	0,362257710602	1,402846867922	1,309052125213	0,046701751649	0,115328289568	45038,5272610532
258	0,362309315252	0,362249983178	1,402841975659	1,309071572109	0,046701751649	0,115328289568	45038,6220873727
259	0,36229968623	0,362204792101	1,402809623157	1,308894873404	0,046701751649	0,115328289568	45038,7170936343
260	0,362167645641	0,362105366646	1,402328685831	1,308519363306	0,046701751649	0,115328289568	45038,8118002315
261	0,362135905857	0,362060184896	1,40217958514	1,308367640509	0,046701751649	0,115328289568	45038,9064841898
262	0,362091124931	0,362005861719	1,402024636104	1,308154012809	0,046701751649	0,115328289568	45039,0012454398
263	0,362031515464	0,361929700974	1,401817173711	1,307894594252	0,046701751649	0,115328289568	45039,0959934722
264	0,361929502666	0,361859901333	1,401435789041	1,307622684076	0,046701751649	0,115328289568	45039,1906215625
265	0,361908696429	0,361823767758	1,401370949991	1,307474378972	0,046701751649	0,115328289568	45039,2852512963
266	0,361832117574	0,361725588667	1,401065208153	1,307042244653	0,046701751649	0,115328289568	45039,3798982176
267	0,361736818672	0,361684269143	1,400750334699	1,306912596215	0,046701751649	0,115328289568	45039,4744795602
268	0,361735971397	0,361660995532	1,400737387319	1,306837038785	0,046701751649	0,115328289568	45039,5691146991
269	0,361645007871	0,361601566517	1,400421125665	1,306614293504	0,046701751649	0,115328289568	45039,6637183912
270	0,361644768591	0,361548630851	1,400401320383	1,306439823485	0,046701751649	0,115328289568	45039,7583820718
271	0,361573734204	0,361397487272	1,400153410075	1,305726405547	0,046701751649	0,115328289568	45039,8530519907
272	0,361388782587	0,361331633784	1,399555472073	1,30542680928	0,046701751649	0,115328289568	45039,9476529977
273	0,36137065646	0,361273519376	1,399596362844	1,305088147653	0,046701751649	0,115328289568	45040,0422418403
274	0,361303513486	0,361299388717	1,399195084987	1,305466613947	0,046701751649	0,115328289568	45040,1368428357
275	0,361296565748	0,361201154737	1,399228755566	1,304913300991	0,046701751649	0,115328289568	45040,2312920486
276	0,361269418394	0,361140481898	1,399177680362	1,304642275916	0,046701751649	0,115328289568	45040,3260385648
277	0,361110425511	4,3666E-8	1,398608895278	1,39296E-7	0,046701751649	0,115328289568	45040,4275656134
278	0	0,201420470445	0	0,706734606034	0,048630692065	0,119271062315	45040,6692667361
279	0,367105261395	0,361858622331	1,419358726656	1,307492275417	0,048630692065	0,119271062315	45040,7646293287
280	0,361878991264	0,361667431025	1,401273286116	1,3068867144	0,048630692065	0,119271062315	45040,8592855903
281	0,361664882461	0,361496968041	1,400418775162	1,306235730257	0,048630692065	0,119271062315	45040,9538369676
282	0,361537176184	0,36138721223	1,39997495895	1,305833555126	0,048630692065	0,119271062315	45041,0484479861
283	0,361393644073	0,361258090174	1,399448171786	1,305337995279	0,048630692065	0,119271062315	45041,14298875
284	0,361304017802	0,361181819436	1,399121036888	1,305085664452	0,048630692065	0,119271062315	45041,2375702778
285	0,361188924844	0,361069431228	1,398683252008	1,304651298058	0,048630692065	0,119271062315	45041,332076875
286	0,360800339945	0,360500811835	1,397215447551	1,302495809263	0,048630692065	0,119271062315	45041,4271062616
287	0,360468728202	0,360442973574	1,396404998183	1,302198708821	0,048630692065	0,119271062315	45041,5214912847
288	0,360469276334	0,360435229195	1,396310906493	1,302304376777	0,048630692065	0,119271062315	45041,615921956
289	0,360401944378	0,362947788423	1,395968653841	1,311051467281	0,048630692065	0,119271062315	45041,7125010185
290	0,36324000659	0,360777549032	1,405766543512	1,303443936885	0,048630692065	0,119271062315	45041,8084429977
291	0,360792195113	0,36067425393	1,397378224265	1,303085333628	0,048630692065	0,119271062315	45041,9028133218
292	0,360689545718	0,360545016161	1,396964853305	1,302596761978	0,048630692065	0,119271062315	45041,9972883218
293	0,360552920769	0,360457202823	1,396502147311	1,30226931127	0,048630692065	0,119271062315	45042,0916778472
294	0,360472162295	0,360397780376	1,396194254754	1,302037776196	0,048630692065	0,119271062315	45042,1860805093
295	0,36042488234	0,360343519932	1,396036604342	1,301815762134	0,048630692065	0,119271062315	45042,280502662
296	0,360385052254	0,360291881282	1,395937066342	1,301583132076	0,048630692065	0,119271062315	45042,3750007523
297	0,360299545812	0,360216990638	1,395649462496	1,301306107276	0,048630692065	0,119271062315	45042,4694933565
298	0,360215689452	0,360155005098	1,395320463793	1,30110513897	0,048630692065	0,119271062315	45042,5638246412
299	0,360177113328	0,360100729819	1,395186978051	1,300936956521	0,048630692065	0,119271062315	45042,6582068171
300	0,360070218739	0,359989639689	1,394780951851	1,300498381738	0,048630692065	0,119271062315	45042,7523424306
301	0,360036482729	0,359971582332	1,394649327665	1,300527201076	0,048630692065	0,119271062315	45042,8465919213
302	0,36001852247	0,35996763279	1,39453613237	1,300480965263	0,048630692065	0,119271062315	45042,9409580208
303	0,359947493868	0,359841033771	1,394302492353	1,300007630114	0,048630692065	0,119271062315	45043,0351907176
304	0,359883358764	0,359816515066	1,394105335986	1,299913131224	0,048630692065	0,119271062315	45043,1296132986
305	0,35981942463	0,359775249161	1,393847968187	1,299720834565	0,048630692065	0,119271062315	45043,2239443981
306	0,359729249247	0,359649976406	1,393505894332	1,299261736729	0,048630692065	0,119271062315	45043,317944838
307	0,359692496092	0,359603434483	1,393447830915	1,299029441059	0,048630692065	0,119271062315	45043,4121558565
308	0,359637653827	0,359576286562	1,393250278284	1,298958265645	0,048630692065	0,119271062315	45043,5064530903
309	0,359595145101	0,359534944151	1,393072568731	1,29884402792	0,048630692065	0,119271062315	45043,6006921065
310	0,359537943682	0,359462644998	1,392826523839	1,298578912347	0,048630692065	0,119271062315	45043,6948931944
311	0,359490789585	0,359470377294	1,39265736257	1,29858262318	0,048630692065	0,119271062315	45043,7891431713
312	0,35949992796	0,359421307247	1,392662035979	1,298486274043	0,048630692065	0,119271062315	45043,8833445139
313	0,359457080557	0,359409711026	1,39250123238	1,298420631573	0,048630692065	0,119271062315	45043,9775912037
314	0,359404387174	0,359320598129	1,392332226536	1,298074413177	0,048630692065	0,119271062315	45044,0718812269
315	0,359323038904	0,35926369003	1,392032607835	1,297869277618	0,048630692065	0,119271062315	45044,1660168403
316	0,359311078194	0,359262467824	1,391985360368	1,297839627187	0,048630692065	0,119271062315	45044,2603442708
317	0,359236446572	0,359124293781	1,391703904538	1,297291234103	0,048630692065	0,119271062315	45044,3544964815
318	0,35912231529	0,359024807077	1,391341253565	1,296817906197	0,048630692065	0,119271062315	45044,448713125
319	0,359030616078	0,358993732077	1,391030530104	1,296701165291	0,048630692065	0,119271062315	45044,542845706
320	0,359027850405	0,359006673848	1,39098805685	1,296834924433	0,048630692065	0,119271062315	45044,6368772107
321	0,359062843503	0,359001534736	1,391077409788	1,29684521167	0,048630692065	0,119271062315	45044,7310765046
322	0,359026618222	0,358992499487	1,390933800182	1,296861492259	0,048630692065	0,119271062315	45044,8251800463
323	0,359011275931	0,358964098845	1,390813438096	1,296742522767	0,048630692065	0,119271062315	45044,9193262847
324	0,358958087518	0,358886589584	1,39062936064	1,29642495782	0,048630692065	0,119271062315	45045,0134278009
325	0,358904883514	0,358832320874	1,390448298855	1,296231445826	0,048630692065	0,119271062315	45045,1074898611
326	0,358848971813	0,358766452338	1,390248496355	1,295966878244	0,048630692065	0,119271062315	45045,2014690278
327	0,358800810987	0,358774239526	1,39006640909	1,295987305143	0,048630692065	0,119271062315	45045,2955630671
328	0,358758627871	4,1123E-8	1,389924693479	1,31188E-7	0,048630692065	0,119271062315	45045,3966093403
329	4,64128582691183E-13	0,199659930292	1,74127613756292E-12	0,700512264224	0,049685873091	0,122167930007	45045,6368663194
330	0,36466834352	0,359416160507	1,410556393102	1,298229016631	0,049685873091	0,122167930007	45045,7317090625
331	0,359405941063	0,35918881973	1,392364844132	1,297469631903	0,049685873091	0,122167930007	45045,8258272454
332	0,359224740112	0,35906095379	1,39161801607	1,297040894182	0,049685873091	0,122167930007	45045,9198851852
333	0,359105629407	0,358967977605	1,391175520942	1,296722564434	0,049685873091	0,122167930007	45046,0140229745
334	0,358976821767	0,358890411545	1,390694347031	1,296445405871	0,049685873091	0,122167930007	45046,1081526968
335	0,358861565841	0,358784551447	1,390241404941	1,296033456315	0,049685873091	0,122167930007	45046,2020670949
336	0,358800413443	0,358679959326	1,390020593447	1,295653764674	0,049685873091	0,122167930007	45046,2959652431
337	0,358721251754	0,358593390235	1,389775276725	1,295283712164	0,049685873091	0,122167930007	45046,3899888079
338	0,358579551385	0,358526164071	1,389248879275	1,295030965205	0,049685873091	0,122167930007	45046,4839220255
339	0,358604003922	0,358513306224	1,389364309591	1,295010584859	0,049685873091	0,122167930007	45046,5780834375
340	0,358493829436	0,358396997087	1,388953069741	1,294569304622	0,049685873091	0,122167930007	45046,6720770486
341	0,358397841926	0,358345358225	1,388587834456	1,294377326404	0,049685873091	0,122167930007	45046,7660113889
342	0,358377073126	0,358358326062	1,388475919746	1,294520285323	0,049685873091	0,122167930007	45046,8599507755
343	0,358371671824	0,358293711945	1,388433370501	1,294238135242	0,049685873091	0,122167930007	45046,9538577894
344	0,358333524825	0,358258859493	1,388311847693	1,2941106899	0,049685873091	0,122167930007	45047,0478587037
345	0,358243794006	0,358186491673	1,387950994977	1,293839493058	0,049685873091	0,122167930007	45047,1417315856
346	0,358204915172	0,358130973206	1,387821729059	1,29363922446	0,049685873091	0,122167930007	45047,2356166667
347	0,358141323768	0,358062516573	1,387587154714	1,293359260976	0,049685873091	0,122167930007	45047,3294924884
348	0,358084339548	0,358012121745	1,387454347349	1,293094209412	0,049685873091	0,122167930007	45047,423478831
349	0,357989856504	0,35792169763	1,387085525909	1,292787794486	0,049685873091	0,122167930007	45047,5172227662
350	0,357976984865	0,357897181044	1,387042747095	1,292702631545	0,049685873091	0,122167930007	45047,6110235764
351	0,35792374256	0,357858388583	1,386837612068	1,292571944715	0,049685873091	0,122167930007	45047,7048567245
352	0,357887805427	0,357866252065	1,386699857501	1,292667356251	0,049685873091	0,122167930007	45047,7987486111
353	0,357849771405	0,357796439499	1,386485699139	1,292426655633	0,049685873091	0,122167930007	45047,8924574769
354	0,357784618495	0,357722728462	1,386271991449	1,292112396259	0,049685873091	0,122167930007	45047,9860755324
355	0,357755211654	0,357693093958	1,386186027518	1,291999065497	0,049685873091	0,122167930007	45048,0797847107
356	0,357740741496	0,357676368798	1,386170038381	1,291929167069	0,049685873091	0,122167930007	45048,1737214005
357	0,357648379484	0,357603963892	1,385820192374	1,291664425533	0,049685873091	0,122167930007	45048,2674437384
358	0,357604203668	0,357519999429	1,385626991434	1,29129779371	0,049685873091	0,122167930007	45048,3610538542
359	0,357535490428	0,35749293183	1,385465855294	1,291198295245	0,049685873091	0,122167930007	45048,454807338
360	0,357448076149	0,35738185251	1,385118580079	1,290681099694	0,049685873091	0,122167930007	45048,5484186806
361	0,357403124797	0,357323669649	1,385088567554	1,290458968603	0,049685873091	0,122167930007	45048,6421063657
362	0,357337043313	0,357282353939	1,38482700681	1,290311314768	0,049685873091	0,122167930007	45048,7358719329
363	0,357306361964	0,357322373904	1,384715568043	1,290543088036	0,049685873091	0,122167930007	45048,8296699884
364	0,357346381811	0,357296617311	1,384826243224	1,290463383585	0,049685873091	0,122167930007	45048,9234181482
365	0,357348982953	0,357337908859	1,384751179033	1,290671042711	0,049685873091	0,122167930007	45049,0172608565
366	0,357313057363	0,357247438329	1,384590620693	1,290299353009	0,049685873091	0,122167930007	45049,1109008102
367	0,357260062354	0,357179071766	1,384419428353	1,290024704725	0,049685873091	0,122167930007	45049,2045512847
368	0,35718926035	0,357146769052	1,384160956174	1,289907679613	0,049685873091	0,122167930007	45049,2981564931
369	0,357182342754	0,357105404175	1,384141876475	1,289702839673	0,049685873091	0,122167930007	45049,3919027199
370	0,357065533501	0,357029238132	1,383743317598	1,289388330789	0,049685873091	0,122167930007	45049,4855201736
371	0,357046129328	0,356965904926	1,383674764711	1,289171403013	0,049685873091	0,122167930007	45049,5790738426
372	0,357008535664	0,356952998337	1,383567689454	1,289136585961	0,049685873091	0,122167930007	45049,6727509491
373	0,356955609845	0,356906514694	1,383356935665	1,288952396606	0,049685873091	0,122167930007	45049,766421875
374	0,356946989417	0,356946527242	1,383296000612	1,289216764411	0,049685873091	0,122167930007	45049,8601567014
375	0,356950683208	0,356890996904	1,383268889387	1,288976359224	0,049685873091	0,122167930007	45049,9537501042
376	0,356889591977	0,356839282808	1,383043497312	1,2887798846	0,049685873091	0,122167930007	45050,0473428125
377	0,35684177956	0,356788984833	1,382889503257	1,288570577448	0,049685873091	0,122167930007	45050,1409201273
378	0,356816072138	0,356760561724	1,382835860828	1,288445538019	0,049685873091	0,122167930007	45050,234590544
379	0,356766769657	5,6594E-8	1,382639685406	1,80387E-7	0,049685873091	0,122167930007	45050,3351898032
380	5,78571246916406E-13	0,198151871845	2,17121977295731E-12	0,695187547489	0,051501404494	0,12376845628	45050,5742483681
381	0,362631806	0,3574050227	1,403133312714	1,290682593706	0,051501404494	0,12376845628	45050,6687390741
382	0,35741952659	0,357216502995	1,385056937239	1,290022727043	0,051501404494	0,12376845628	45050,7625215046
383	0,357252096411	0,357136390586	1,384377957643	1,289796849418	0,051501404494	0,12376845628	45050,8561901852
384	0,357165512771	0,357013738144	1,383953261128	1,289254155817	0,051501404494	0,12376845628	45050,9498346875
385	0,356975587844	0,356909068036	1,383378857336	1,288898759053	0,051501404494	0,12376845628	45051,0433668171
386	0,356928019076	0,356831618327	1,383163924524	1,288643081764	0,051501404494	0,12376845628	45051,1369123032
387	0,356905387459	0,35680962266	1,383103160249	1,288589962888	0,051501404494	0,12376845628	45051,2306449537
388	0,356813302763	0,356711495495	1,382757024768	1,288233332047	0,051501404494	0,12376845628	45051,3243075694
389	0,356709651479	0,356630110017	1,382411699959	1,287899233128	0,051501404494	0,12376845628	45051,4179669792
390	0,356668940648	0,356610687826	1,382262921538	1,287871082011	0,051501404494	0,12376845628	45051,5116438426
391	0,356607320186	0,356547465246	1,38198723238	1,287720492237	0,051501404494	0,12376845628	45051,6051229514
392	0,356587331382	0,356593897179	1,381886898593	1,287804055233	0,051501404494	0,12376845628	45051,6986954745
393	0,356587158465	0,356342047657	1,381937380857	1,28660884673	0,051501404494	0,12376845628	45051,7924366782
394	0,356349605891	0,356327858676	1,381184881739	1,286568100873	0,051501404494	0,12376845628	45051,8858816898
395	0,35632953912	0,356296826064	1,381145114541	1,28657515039	0,051501404494	0,12376845628	45051,9795116204
396	0,356344832769	0,356250355983	1,381135555712	1,286193623805	0,051501404494	0,12376845628	45052,0731382407
397	0,356239357874	0,356214187865	1,380831073447	1,286241931747	0,051501404494	0,12376845628	45052,1668153125
398	0,356252103227	0,356183203997	1,380760468859	1,285988070198	0,051501404494	0,12376845628	45052,2603698843
399	0,356135960862	0,355997167059	1,38043971637	1,285223974956	0,051501404494	0,12376845628	45052,3540079398
400	0,356032266999	0,356078587507	1,380189193452	1,28566735385	0,051501404494	0,12376845628	45052,4475458681
401	0,356076569684	0,355981693142	1,380148238221	1,285305297343	0,051501404494	0,12376845628	45052,5411037847
402	0,35601321324	0,35602684289	1,38003408048	1,285342032281	0,051501404494	0,12376845628	45052,6345706944
403	0,356078096434	0,356003626077	1,380288778571	1,285410485527	0,051501404494	0,12376845628	45052,7281323611
404	0,35597596308	0,356002356824	1,37981343312	1,285355616374	0,051501404494	0,12376845628	45052,8215454051
405	0,356017330022	0,355899003443	1,379895582066	1,284986577936	0,051501404494	0,12376845628	45052,9150895139
406	0,355944350933	0,355848650156	1,379781956537	1,28480146259	0,051501404494	0,12376845628	45053,0087146412
407	0,355820206147	0,355802094665	1,379335572361	1,284579904823	0,051501404494	0,12376845628	45053,1021947338
408	0,355841130873	0,355696201506	1,379485648458	1,284133231188	0,051501404494	0,12376845628	45053,1956058912
409	0,355739575736	0,355696226514	1,379033516478	1,283994886783	0,051501404494	0,12376845628	45053,2892141782
410	0,355650387128	0,355627798913	1,378640745734	1,283639069794	0,051501404494	0,12376845628	45053,3826363773
411	0,355685172391	0,355662685911	1,379007871606	1,284047668388	0,051501404494	0,12376845628	45053,4762586343
412	0,355653295317	0,35568066316	1,378697334908	1,284094542564	0,051501404494	0,12376845628	45053,5697128704
413	0,355696634107	0,355567081993	1,378813493583	1,2837618679	0,051501404494	0,12376845628	45053,6632656944
414	0,355578732504	0,355503717846	1,378487777627	1,283547226255	0,051501404494	0,12376845628	45053,7566438889
415	0,355560364428	0,355587722575	1,378457914094	1,283875468532	0,051501404494	0,12376845628	45053,8501322569
416	0,355592968144	0,355492204277	1,3785940897	1,283481289782	0,051501404494	0,12376845628	45053,9436502778
417	0,355488004461	0,355425016262	1,378250148085	1,283162542011	0,051501404494	0,12376845628	45054,037192662
418	0,355419224104	0,355440466021	1,377967775829	1,283243959361	0,051501404494	0,12376845628	45054,1307111458
419	0,355432221972	0,35535133108	1,377979863484	1,282865663999	0,051501404494	0,12376845628	45054,2242128241
420	0,355374675521	0,355293227904	1,37782997437	1,28267073525	0,051501404494	0,12376845628	45054,3177091898
421	0,355291183008	0,355228653419	1,377519607641	1,282298263499	0,051501404494	0,12376845628	45054,4113139236
422	0,355234917875	0,355248056961	1,377378414701	1,282413088288	0,051501404494	0,12376845628	45054,5048122685
423	0,355327470063	0,176016314945	1,377627338523	0,673353281569	0,051501404494	0,12376845628	45054,5821893634
