TesterID:	Maccor#2						
Channel Number:	44						
TestName:	KAI_Zelltest_regulaer_fix_no_degass_flag.000						
TestDesc:	Regular cycling: formation, followed by pulse, C-rate quick charge and cycling t						
StartDateTime:	45007,4466566435						
Comment:							
							
							
Cycle	AH-IN	AH-OUT	WH-IN	WH-OUT	ACR	DCIR	Date
0		5,12884E-7		1,33535E-7	0	0	45007,6134416551
1	0,510890423807	0,43614827533	1,901965898964	1,598662189329	0	0	45008,0447668519
2	0,437828986191	0,435220338267	1,645583260403	1,594857235953	0	0	45008,4498229977
3	0,450088419717	5,34289E-7	1,697109692964	1,731643E-6	0	0	45008,930986169
4	0	5,53985E-7	0	1,816341E-6	0,053893133998	0,151724129915	45009,2363132986
5	0,438314807331	0,437790456255	1,665804702015	1,60036475418	0,053893133998	0,151724129915	45009,502725162
6	0,437672389244	0,437026045604	1,663191208285	1,596751868	0,053893133998	0,151724129915	45009,7756150463
7	0,436688718969	0,436227643995	1,659794699584	1,593103759894	0,053893133998	0,151724129915	45010,0480864236
8	0,435891775294	0,399536974515	1,657061027111	1,425332430465	0,053893133998	0,151724129915	45010,239021713
9	0,399525929674	0,39731413219	1,52895305463	1,41565487369	0,053893133998	0,151724129915	45010,4200952546
10	0,397125579199	0,394698492974	1,520366627922	1,404692647967	0,053893133998	0,151724129915	45010,6010227778
11	0,394510015076	0,308351765307	1,511119170907	1,063299826612	0,053893133998	0,151724129915	45010,7603283565
12	0,308129237182	0,300054037219	1,19969505971	1,031668186933	0,053893133998	0,151724129915	45010,8971701968
13	0,299669360751	0,291751120851	1,168839496422	1,000460342808	0,053893133998	0,151724129915	45011,0331323958
14	0,29134561212	0,423661222227	1,13849714942	1,539790929225	0,053893133998	0,151724129915	45011,3107329861
15	0,424761437453	0,426501772628	1,619353654268	1,551850128068	0,053893133998	0,151724129915	45011,5817205324
16	0,426492402734	5,10116E-7	1,625356601034	1,648335E-6	0,053893133998	0,151724129915	45011,8595828125
17	0,359299842676	0,349911374022	1,386045204673	1,252877547303	0,053893133998	0,151724129915	45011,9929517593
18	0,349545448743	0,344179102517	1,347598537951	1,232963465812	0,053893133998	0,151724129915	45012,1307881713
19	0,343206085998	0,338314521937	1,322842107454	1,211968518064	0,053893133998	0,151724129915	45012,2664750116
20	0,309635738247	0,269527804289	1,225426997072	0,96232439967	0,053893133998	0,151724129915	45012,3667726505
21	0,266953470571	0,238996056911	1,056928851715	0,854218710195	0,053893133998	0,151724129915	45012,4569437269
22	0,237262935027	5,12884E-7	0,942434798558	1,567815E-6	0,053893133998	0,151724129915	45012,5456481829
23	0	0,172677953134	0	0,604725757846	0,070465393364	0,190641328692	45012,7713156481
24	0,318645504798	0,309328961909	1,262054080793	1,09808420816	0,070465393364	0,190641328692	45012,8732518634
25	0,310175414055	0,308299504159	1,230783388909	1,094893226041	0,070465393364	0,190641328692	45012,9728171991
26	0,308822456433	0,307373449384	1,225266963101	1,091872441081	0,070465393364	0,190641328692	45013,0718626042
27	0,307699638786	0,30647957906	1,220754199633	1,088903656957	0,070465393364	0,190641328692	45013,1702684722
28	0,306803976031	0,305731697525	1,217185248721	1,086420828059	0,070465393364	0,190641328692	45013,2683678241
29	0,306008710578	0,305029076154	1,214030571893	1,084086007234	0,070465393364	0,190641328692	45013,3662228935
30	0,305293459087	0,304409069459	1,211195205644	1,081992868382	0,070465393364	0,190641328692	45013,4638382755
31	0,304623615732	0,303816258369	1,208557890333	1,079967961654	0,070465393364	0,190641328692	45013,5611924653
32	0,304038198626	0,303278901104	1,206258504729	1,078123265952	0,070465393364	0,190641328692	45013,6584302315
33	0,303446245095	0,30275185979	1,203936158641	1,076311974925	0,070465393364	0,190641328692	45013,7553934954
34	0,302938233711	0,302283050077	1,20195411488	1,074660203212	0,070465393364	0,190641328692	45013,8522724421
35	0,302432752203	0,301818069747	1,199992977112	1,073029321568	0,070465393364	0,190641328692	45013,9490304398
36	0,301962244165	0,301373714315	1,198165153488	1,07146853676	0,070465393364	0,190641328692	45014,0455929514
37	0,301524515885	0,300983636706	1,196466765786	1,070108747304	0,070465393364	0,190641328692	45014,1420663194
38	0,301129660942	0,300615567695	1,194925582131	1,068823208169	0,070465393364	0,190641328692	45014,2384291204
39	0,300752674547	0,300252543697	1,193463144006	1,067545180966	0,070465393364	0,190641328692	45014,3347460995
40	0,300357139097	0,299897407129	1,191917570878	1,066316793077	0,070465393364	0,190641328692	45014,4308387153
41	0,30002779913	0,29959506678	1,190641893766	1,0652353119	0,070465393364	0,190641328692	45014,5269275926
42	0,299740012229	0,299318695587	1,189537353087	1,064242380958	0,070465393364	0,190641328692	45014,6230553357
43	0,299398501893	0,299003560334	1,188218319542	1,063119851836	0,070465393364	0,190641328692	45014,7190172801
44	0,299077990999	0,298706559157	1,186968228131	1,062053844601	0,070465393364	0,190641328692	45014,8148020718
45	0,298823472694	0,298457226103	1,185987083479	1,061178464574	0,070465393364	0,190641328692	45014,9106095255
46	0,298546708486	0,298191145003	1,184926961897	1,060224913086	0,070465393364	0,190641328692	45015,0063333565
47	0,298282203575	0,297948295973	1,183908164172	1,05934759765	0,070465393364	0,190641328692	45015,1020445255
48	0,29802422295	0,29770162668	1,182910729309	1,05845256402	0,070465393364	0,190641328692	45015,1976761111
49	0,297813862238	0,297515546088	1,182097682887	1,057783198733	0,070465393364	0,190641328692	45015,2933223727
50	0,297546126597	0,297259818233	1,18103957322	1,056876695639	0,070465393364	0,190641328692	45015,3887666898
51	0,297322984111	0,297046679366	1,180162741914	1,056135910608	0,070465393364	0,190641328692	45015,4841047801
52	0,297138628108	0,296889181467	1,179453003932	1,055526712024	0,070465393364	0,190641328692	45015,5795146991
53	0,296914648982	0,296655377437	1,178582451784	1,054668831748	0,070465393364	0,190641328692	45015,6747518056
54	0,296736730219	0,296491349096	1,177921339429	1,054042178003	0,070465393364	0,190641328692	45015,7700769213
55	0,296519927843	0,296278209172	1,177069556468	1,05327284198	0,070465393364	0,190641328692	45015,8652453009
56	0,296336794092	0,296106481385	1,176367436213	1,052650837637	0,070465393364	0,190641328692	45015,9604584838
57	0,29615599237	0,295930727124	1,175667432821	1,052000222028	0,070465393364	0,190641328692	45016,0556364236
58	0,2959621095	0,295747381925	1,174925017981	1,051315434117	0,070465393364	0,190641328692	45016,150694838
59	0,295825175031	0,29562079329	1,174392565122	1,050853301358	0,070465393364	0,190641328692	45016,2458017361
60	0,295679656835	0,295479981766	1,173835555681	1,050327682996	0,070465393364	0,190641328692	45016,3409512269
61	0,295458843349	0,295272025879	1,17296523463	1,049607432065	0,070465393364	0,190641328692	45016,4358184838
62	0,295274777298	0,295097668877	1,172228706258	1,048990062941	0,070465393364	0,190641328692	45016,5306301852
63	0,295150005201	0,294981396193	1,171778562315	1,048545419769	0,070465393364	0,190641328692	45016,6255373032
64	0,294997761983	0,294835430298	1,171189140392	1,048004352634	0,070465393364	0,190641328692	45016,7203428125
65	0,294881263916	0,294711410689	1,170765066741	1,047536128653	0,070465393364	0,190641328692	45016,8152485648
66	0,294715183702	0,294551289509	1,170120797853	1,046947124086	0,070465393364	0,190641328692	45016,9100369907
67	0,294568189144	0,294422136724	1,169563174592	1,04646318568	0,070465393364	0,190641328692	45017,0047808681
68	0,294421691583	0,294277472083	1,168999814314	1,045922457444	0,070465393364	0,190641328692	45017,0994579051
69	0,294288367568	0,294143179975	1,168478694009	1,045444646112	0,070465393364	0,190641328692	45017,1940860764
70	0,294133235448	0,293999764031	1,167864716086	1,044927171724	0,070465393364	0,190641328692	45017,2885659375
71	0,294035034203	0,293901645768	1,167491677812	1,04454661484	0,070465393364	0,190641328692	45017,3832278472
72	0,293891134845	0,293762129138	1,166931435579	1,044036351923	0,070465393364	0,190641328692	45017,4777671759
73	0,293805584433	5,28355E-7	1,166615730678	1,699584E-6	0,070465393364	0,190641328692	45017,5792929282
74	0	0,158066183266	0	0,553996277671	0,061364110559	0,171597331762	45017,7906728472
75	0,298556662434	0,293484432319	1,183722469469	1,042823408945	0,061364110559	0,171597331762	45017,8867509491
76	0,293691997463	0,293405623923	1,166242920674	1,042579288529	0,061364110559	0,171597331762	45017,981753669
77	0,293393942169	0,29321054856	1,165091249185	1,041867844017	0,061364110559	0,171597331762	45018,0764322222
78	0,293231264846	0,29309435132	1,164461583699	1,041443646069	0,061364110559	0,171597331762	45018,1710587616
79	0,293118953365	0,2930052043	1,164029212925	1,041166083871	0,061364110559	0,171597331762	45018,2656631482
80	0,293005905147	0,292899295245	1,163577929465	1,04076090837	0,061364110559	0,171597331762	45018,3601615856
81	0,292877647653	0,292770186541	1,163077318398	1,040319191588	0,061364110559	0,171597331762	45018,4545905556
82	0,292718903673	0,292615151914	1,162449139001	1,039743971215	0,061364110559	0,171597331762	45018,5487970718
83	0,292702167109	0,292606119206	1,162421103353	1,039631198731	0,061364110559	0,171597331762	45018,6434184954
84	0,292559093721	0,292464008122	1,161857110991	1,03910736878	0,061364110559	0,171597331762	45018,7378455208
85	0,292412394838	0,292324510569	1,161270210714	1,038602179334	0,061364110559	0,171597331762	45018,8320873611
86	0,292331304809	0,29224960954	1,160969815011	1,03830672689	0,061364110559	0,171597331762	45018,9264337153
87	0,292216948601	0,29214374944	1,160532444755	1,0379243129	0,061364110559	0,171597331762	45019,0206696759
88	0,292128012447	0,29204039415	1,160191539802	1,037526912301	0,061364110559	0,171597331762	45019,114913669
89	0,292031271798	0,29194733531	1,159824493094	1,037174717805	0,061364110559	0,171597331762	45019,2091585417
90	0,291966639961	0,291893059393	1,159591906578	1,036943640623	0,061364110559	0,171597331762	45019,3034909607
91	0,29184198475	0,29177817443	1,159104010821	1,036528891145	0,061364110559	0,171597331762	45019,3977146759
92	0,291778123971	0,291707071204	1,158859293239	1,036245035315	0,061364110559	0,171597331762	45019,4919973843
93	0,291683733071	0,291615429544	1,158506646667	1,035883267808	0,061364110559	0,171597331762	45019,5863062037
94	0,29157792212	0,291517218029	1,158087664999	1,035536676389	0,061364110559	0,171597331762	45019,6804636111
95	0,291454608974	0,291393209442	1,157605502254	1,035091315118	0,061364110559	0,171597331762	45019,7744400926
96	0,291395579713	0,291332512656	1,157400303716	1,034838531294	0,061364110559	0,171597331762	45019,8685223148
97	0,291296152257	0,291239521847	1,157020266816	1,034504532208	0,061364110559	0,171597331762	45019,9625220486
98	0,291238596384	0,291186586815	1,156799525984	1,034281715337	0,061364110559	0,171597331762	45020,0566389699
99	0,291149183839	0,291089683125	1,156452437562	1,033921509578	0,061364110559	0,171597331762	45020,1506897338
100	0,291053373404	0,291000538437	1,156108184846	1,033568650788	0,061364110559	0,171597331762	45020,2447322338
101	0,290979018871	0,290902947533	1,155845076639	1,03293073217	0,061364110559	0,171597331762	45020,3402579398
102	0,290856771263	0,290832725013	1,15538865184	1,032931703166	0,061364110559	0,171597331762	45020,4342451389
103	0,290805002748	0,290764234894	1,15516454614	1,032681578924	0,061364110559	0,171597331762	45020,5282148495
104	0,290800376732	0,290753909197	1,155141996402	1,032652919523	0,061364110559	0,171597331762	45020,6224156019
105	0,29066169238	0,290607944998	1,154623086392	1,032027074723	0,061364110559	0,171597331762	45020,716454375
106	0,290624781537	0,290580805767	1,154498157868	1,031927334922	0,061364110559	0,171597331762	45020,8106250694
107	0,290507266228	0,290470958189	1,154037449867	1,031519105911	0,061364110559	0,171597331762	45020,9046017593
108	0,29041732462	0,290389636081	1,153703750657	1,031225286742	0,061364110559	0,171597331762	45020,9985323148
109	0,290381190566	0,290332750869	1,153564679238	1,030985600853	0,061364110559	0,171597331762	45021,0925793866
110	0,290275215492	0,29024106195	1,153153504728	1,030656477511	0,061364110559	0,171597331762	45021,186504838
111	0,29019367443	0,290171308299	1,152829920525	1,030380580605	0,061364110559	0,171597331762	45021,280365787
112	0,2900873615	0,290048593125	1,152406036437	1,029943750888	0,061364110559	0,171597331762	45021,374072338
113	0,2900670392	0,29003704141	1,152342737961	1,02983116132	0,061364110559	0,171597331762	45021,4679941204
114	0,289979481329	0,289945242076	1,152006486693	1,029481412129	0,061364110559	0,171597331762	45021,5618079167
115	0,289917811913	0,289885875791	1,151794375024	1,029228010028	0,061364110559	0,171597331762	45021,6557322338
116	0,289235010886	0,289247830179	1,148971052334	1,027087616934	0,061364110559	0,171597331762	45021,7473632407
117	0,289738945323	0,289679162459	1,151113258107	1,028455507074	0,061364110559	0,171597331762	45021,8409491667
118	0,289693113953	0,289667646771	1,150969724097	1,028382521984	0,061364110559	0,171597331762	45021,9347879514
119	0,289627905498	0,28959138557	1,150713279689	1,028087884839	0,061364110559	0,171597331762	45022,0286238079
120	0,289534419123	0,289510077025	1,150369562529	1,027790261596	0,061364110559	0,171597331762	45022,1223245139
121	0,289489465519	0,289454497945	1,150206955234	1,027555321822	0,061364110559	0,171597331762	45022,216128287
122	0,289393237762	0,289379574027	1,14984020243	1,027299405844	0,061364110559	0,171597331762	45022,3098750579
123	0,289381169497	0,28936663035	1,149801220185	1,027216412223	0,061364110559	0,171597331762	45022,4038164352
124	0,289283456556	4,60326E-7	1,149411400181	1,484794E-6	0,061364110559	0,171597331762	45022,504566794
125	0	0,156051391573	0	0,546749356823	0,060743570328	0,175542041659	45022,713621956
126	0,294344525893	0,289051513325	1,16764609158	1,025924549085	0,060743570328	0,175542041659	45022,8088266204
127	0,289220898723	0,289047547674	1,149253320686	1,02592908541	0,060743570328	0,175542041659	45022,9028734144
128	0,289047674917	0,288952074518	1,148576643789	1,025567400206	0,060743570328	0,175542041659	45022,9968173032
129	0,288892033764	0,288849984455	1,147978710082	1,02517741489	0,060743570328	0,175542041659	45023,0905247569
130	0,288840257753	0,28877505291	1,147801934174	1,024811859367	0,060743570328	0,175542041659	45023,1843424074
131	0,289644421672	0,281778270676	1,151223375854	0,995624096195	0,060743570328	0,175542041659	45025,4757950694
132	0,282881116569	0,285273441609	1,125942616018	1,012384016001	0,060743570328	0,175542041659	45025,5689730093
133	0,285177918638	0,285618301439	1,134031585922	1,013669793281	0,060743570328	0,175542041659	45025,662349919
134	0,285538175962	0,28579005932	1,135329295053	1,014244689082	0,060743570328	0,175542041659	45025,7556648148
135	0,285748980721	0,285919249828	1,136128576729	1,014618016553	0,060743570328	0,175542041659	45025,8490309375
136	0,285864240707	0,286007112123	1,136586899661	1,014865022477	0,060743570328	0,175542041659	45025,9424135185
137	0,285940318477	0,286067785597	1,136874855536	1,015033645967	0,060743570328	0,175542041659	45026,0357671412
138	0,286017448365	0,286122021672	1,137183738937	1,015187783485	0,060743570328	0,175542041659	45026,1291669792
139	0,286093009283	0,286193036734	1,137484618235	1,015390533552	0,060743570328	0,175542041659	45026,2226496181
140	0,28610289183	0,28619048	1,137503236685	1,015339765633	0,060743570328	0,175542041659	45026,3160065394
141	0,286143509149	0,286234423227	1,137684323907	1,015444439674	0,060743570328	0,175542041659	45026,4094662732
142	0,286180955362	0,286249920674	1,137826992084	1,015429981556	0,060743570328	0,175542041659	45026,5028949653
143	0,286185504537	0,286269299206	1,137866502625	1,015496293143	0,060743570328	0,175542041659	45026,5963514815
144	0,286209894103	0,286273173302	1,137913550872	1,015439153408	0,060743570328	0,175542041659	45026,6897365162
145	0,286233131616	0,286286101721	1,138057390448	1,015387579748	0,060743570328	0,175542041659	45026,7832225116
146	0,286229759425	0,286271876285	1,138072786797	1,015277524455	0,060743570328	0,175542041659	45026,8767712153
147	0,286171403115	0,286218918792	1,137852976406	1,015054212638	0,060743570328	0,175542041659	45026,9701679977
148	0,286177104404	0,286215067583	1,13789945372	1,014990854089	0,060743570328	0,175542041659	45027,0636695486
149	0,286183973861	0,286230574353	1,137948799586	1,014988390929	0,060743570328	0,175542041659	45027,1573032639
150	0,286181797905	0,286217644451	1,137947976979	1,014886697314	0,060743570328	0,175542041659	45027,2509281713
151	0,286131206042	0,286159488504	1,137758945758	1,014637410606	0,060743570328	0,175542041659	45027,3444615972
152	0,286117590194	0,286160776194	1,137734357702	1,014595479766	0,060743570328	0,175542041659	45027,4380940741
153	0,28606716079	0,286084591501	1,137551773006	1,014273924298	0,060743570328	0,175542041659	45027,5316799884
154	0,28601011655	0,286030361574	1,137342181604	1,014058011729	0,060743570328	0,175542041659	45027,6252079167
155	0,285989216102	0,2860174126	1,137289836569	1,013954699983	0,060743570328	0,175542041659	45027,7188573611
156	0,285918791756	0,285932189478	1,137025924804	1,013606796852	0,060743570328	0,175542041659	45027,8123921875
157	0,28590306093	0,285908850169	1,137006173582	1,01344921307	0,060743570328	0,175542041659	45027,9060870602
158	0,285834308999	0,285848208697	1,136759760652	1,01318717708	0,060743570328	0,175542041659	45027,9996928356
159	0,285790160689	0,285799154121	1,136616167628	1,01296966596	0,060743570328	0,175542041659	45028,0933817361
160	0,285725054475	0,285731966316	1,136369072451	1,012682379681	0,060743570328	0,175542041659	45028,1870108102
161	0,28569060607	0,285695854569	1,136271658752	1,012506860187	0,060743570328	0,175542041659	45028,2807525
162	0,285624383765	0,285629972259	1,136033581135	1,012221109776	0,060743570328	0,175542041659	45028,3744751968
163	0,285579835312	0,28558605637	1,135886365978	1,012016113248	0,060743570328	0,175542041659	45028,4682672107
164	0,285531337962	0,285536963859	1,13572426245	1,01178423904	0,060743570328	0,175542041659	45028,5620866435
165	0,28543831396	0,285437457023	1,135369254965	1,011386134056	0,060743570328	0,175542041659	45028,6558087037
166	0,285364009321	0,285363858521	1,135102673938	1,011072645439	0,060743570328	0,175542041659	45028,7494841088
167	0,285308842298	0,285294104447	1,134919145799	1,01075175909	0,060743570328	0,175542041659	45028,8432098843
168	0,285237928429	0,285223116721	1,13468845697	1,010450018201	0,060743570328	0,175542041659	45028,9369866667
169	0,285187230593	0,285190747886	1,134534843666	1,010285781078	0,060743570328	0,175542041659	45029,0309227199
170	0,285094737429	0,285091313316	1,134190368216	1,009893840684	0,060743570328	0,175542041659	45029,1247659838
171	0,285006737905	0,284990534684	1,133868851462	1,009491829554	0,060743570328	0,175542041659	45029,2185678704
172	0,284921381541	0,284902760338	1,13356460732	1,009131982284	0,060743570328	0,175542041659	45029,3123682986
173	0,28482023325	0,284818805624	1,133189700771	1,008809243381	0,060743570328	0,175542041659	45029,4060848032
174	0,284777649846	0,28475944379	1,133051667285	1,008528384126	0,060743570328	0,175542041659	45029,4999524769
175	0,284673461506	4,76644E-7	1,132673223078	1,547144E-6	0,060743570328	0,175542041659	45029,6006176505
176	0	0,155425982125	0	0,544268465671	0,065032243729	0,179803282022	45029,8082531829
177	0,290596284488	0,284555309867	1,154077023181	1,007617969767	0,065032243729	0,179803282022	45029,9036873495
178	0,28474362129	0,284546236896	1,133003407297	1,007581290326	0,065032243729	0,179803282022	45029,9977490046
179	0,284545854729	0,284454535048	1,132262686059	1,007192397867	0,065032243729	0,179803282022	45030,0916791667
180	0,284426784418	0,284364162644	1,131840070471	1,006808866248	0,065032243729	0,179803282022	45030,1855614583
181	0,284324724386	0,284281474853	1,131476268212	1,006442944526	0,065032243729	0,179803282022	45030,2794612269
182	0,284222114229	0,284189716421	1,131129048679	1,006042526175	0,065032243729	0,179803282022	45030,3734092245
183	0,284122579516	0,284098063741	1,130745349163	1,005711472264	0,065032243729	0,179803282022	45030,467201713
184	0,284072499244	0,284042518149	1,130597872932	1,00543736226	0,065032243729	0,179803282022	45030,5611250694
185	0,283995102898	0,28397142594	1,13033798373	1,005124209972	0,065032243729	0,179803282022	45030,6551417708
186	0,283927108653	0,283883605184	1,130097881582	1,004731812479	0,065032243729	0,179803282022	45030,7491563079
187	0,283797653484	0,283764855661	1,129618435951	1,004253589398	0,065032243729	0,179803282022	45030,8430308218
188	0,283692460511	0,283633040388	1,129249701378	1,003673961555	0,065032243729	0,179803282022	45030,9368981713
189	0,283572429519	0,283521946233	1,128838615225	1,003199868711	0,065032243729	0,179803282022	45031,0308188889
190	0,283478579061	0,283423852761	1,128530561787	1,002759693829	0,065032243729	0,179803282022	45031,1248604282
191	0,283389108646	0,283337307617	1,128229605888	1,002386415605	0,065032243729	0,179803282022	45031,2190028935
192	0,28320419813	0,283153860479	1,127534824189	1,001690545522	0,065032243729	0,179803282022	45031,3128542245
193	0,283125797609	0,283090627303	1,127293744554	1,001397917395	0,065032243729	0,179803282022	45031,4069850579
194	0,283017421704	0,282976940173	1,126869203725	1,000984772724	0,065032243729	0,179803282022	45031,5009803009
195	0,282939135085	0,282874950567	1,126595551959	1,000531715192	0,065032243729	0,179803282022	45031,5951113773
196	0,282786352581	0,282740571144	1,12605834433	1,000000138974	0,065032243729	0,179803282022	45031,6891508681
197	0,282664830741	0,282616542633	1,125621131674	0,999495246736	0,065032243729	0,179803282022	45031,7831732639
198	0,282535546754	0,282482187582	1,125141090559	0,998959168479	0,065032243729	0,179803282022	45031,8770493171
199	0,282467737924	0,282402197458	1,124951586602	0,998573416878	0,065032243729	0,179803282022	45031,971149456
200	0,282329499943	0,282278149664	1,124455778744	0,998176693623	0,065032243729	0,179803282022	45032,065205787
201	0,282194627489	0,282111544458	1,123964356446	0,997389972041	0,065032243729	0,179803282022	45032,1592363194
202	0,282030714977	0,281968168781	1,123385850466	0,996822041771	0,065032243729	0,179803282022	45032,2532030093
203	0,281945784085	0,281872561048	1,123084248222	0,996419994521	0,065032243729	0,179803282022	45032,3472350116
204	0,281824200381	0,281776960522	1,122700293766	0,996038238456	0,065032243729	0,179803282022	45032,4414717708
205	0,281643907435	0,281606497114	1,121972198391	0,995420437301	0,065032243729	0,179803282022	45032,5353614352
206	0,281600594578	0,281531618128	1,121848738952	0,995084080691	0,065032243729	0,179803282022	45032,6294875694
207	0,281476314089	0,281408821785	1,121409853705	0,994551295347	0,065032243729	0,179803282022	45032,723676875
208	0,281363893212	0,281315860856	1,121022097736	0,994190510459	0,065032243729	0,179803282022	45032,8178995718
209	0,281246115197	0,281158343882	1,120567212204	0,993537278802	0,065032243729	0,179803282022	45032,9119420833
210	0,281128980952	0,28112342043	1,120092341198	0,993454777562	0,065032243729	0,179803282022	45033,0060878356
211	0,281038141315	0,280945158392	1,119822018289	0,992751203718	0,065032243729	0,179803282022	45033,100250625
212	0,280938129018	0,280919334616	1,119534679479	0,992504513739	0,065032243729	0,179803282022	45033,1945107176
213	0,280838146608	0,280756588671	1,119046546897	0,992033396	0,065032243729	0,179803282022	45033,2886654167
214	0,280697061201	0,280600308314	1,118646007743	0,99120527995	0,065032243729	0,179803282022	45033,3828941782
215	0,280538747593	0,280512477383	1,118109957126	0,99097555065	0,065032243729	0,179803282022	45033,4771584375
216	0,280486810535	0,280422074036	1,117832493368	0,990581287383	0,065032243729	0,179803282022	45033,5713413542
217	0,280320763043	0,280265793891	1,11725606736	0,989933833904	0,065032243729	0,179803282022	45033,6655271528
218	0,280218190762	0,280165011229	1,116904893826	0,989514279048	0,065032243729	0,179803282022	45033,7598101042
219	0,280104590875	0,280121135183	1,116477043614	0,98948616257	0,065032243729	0,179803282022	45033,8538845139
220	0,280080075643	0,279935171789	1,116330979959	0,988627651606	0,065032243729	0,179803282022	45033,9481364699
221	0,279846534682	0,27979947458	1,1154567221	0,98815108465	0,065032243729	0,179803282022	45034,0422799768
222	0,279769699755	0,279728408865	1,115286714391	0,987852889666	0,065032243729	0,179803282022	45034,136506331
223	0,279667167301	0,279569538922	1,114923523171	0,987091610708	0,065032243729	0,179803282022	45034,2307805671
224	0,279485688461	0,279426187406	1,114183907673	0,986635358907	0,065032243729	0,179803282022	45034,3250151968
225	0,279378398328	0,27928538033	1,113942137349	0,985913441192	0,065032243729	0,179803282022	45034,4194041551
226	0,279219342238	5,77947E-7	1,113346879466	1,89286E-6	0,065032243729	0,179803282022	45034,5206600579
227	0	0,154828912073	0	0,541748178519	0,067405030131	0,186115443707	45034,7268145023
228	0,286385942984	0,279092914896	1,139284819871	0,985527328562	0,067405030131	0,186115443707	45034,8231245023
229	0,279333286614	0,279103279588	1,113579492341	0,985672605652	0,067405030131	0,186115443707	45034,9174340856
230	0,279169679815	0,27904132923	1,113011342922	0,985276814116	0,067405030131	0,186115443707	45035,0117285185
231	0,279016328797	0,278859203055	1,112437015009	0,984469880776	0,067405030131	0,186115443707	45035,106003206
232	0,278832399917	0,278788172097	1,11177811631	0,98426518215	0,067405030131	0,186115443707	45035,2002597106
233	0,278768028668	0,278701608937	1,111575622432	0,983788984626	0,067405030131	0,186115443707	45035,2945362616
234	0,278621754864	0,27847165675	1,111025773308	0,982758380976	0,067405030131	0,186115443707	45035,3888461806
235	0,278433536893	0,278419996061	1,110454595446	0,982601026744	0,067405030131	0,186115443707	45035,483218912
236	0,278398666798	0,27831536855	1,110254270231	0,982291917923	0,067405030131	0,186115443707	45035,5776477431
237	0,278260356628	0,27819140129	1,109798157276	0,981742660751	0,067405030131	0,186115443707	45035,6721559375
238	0,278128437042	0,278063482154	1,109328648936	0,981194276868	0,067405030131	0,186115443707	45035,7665534259
239	0,278067483698	0,278049327927	1,109119788306	0,98115744456	0,067405030131	0,186115443707	45035,8610615509
240	0,278007559233	0,27792018574	1,108861121967	0,98052348179	0,067405030131	0,186115443707	45035,955604456
241	0,277809833864	0,27769287188	1,108121117195	0,979649493148	0,067405030131	0,186115443707	45036,0500222222
242	0,277633013885	0,277595902067	1,107484560453	0,979326459254	0,067405030131	0,186115443707	45036,1444012269
243	0,277524212826	0,27744351933	1,107162599013	0,978579114762	0,067405030131	0,186115443707	45036,2387246065
244	0,277438644783	0,277373820991	1,10680684727	0,978385050698	0,067405030131	0,186115443707	45036,333243044
245	0,277279754699	0,277208437144	1,106283036675	0,977707440586	0,067405030131	0,186115443707	45036,4275741088
246	0,277140284045	0,277094829064	1,105748885104	0,977235435457	0,067405030131	0,186115443707	45036,5217783796
247	0,277071651344	0,27699660886	1,105449109472	0,976894721806	0,067405030131	0,186115443707	45036,6162198148
248	0,276943918722	0,276866232598	1,104986101405	0,976384626214	0,067405030131	0,186115443707	45036,7105618519
249	0,276821006366	0,276775777329	1,104620998079	0,976054792382	0,067405030131	0,186115443707	45036,8049259838
250	0,276762419466	0,276671115697	1,10437421344	0,975629993785	0,067405030131	0,186115443707	45036,8993693171
251	0,276590601428	0,276499353154	1,103699109556	0,974862312146	0,067405030131	0,186115443707	45036,9936872801
252	0,276504768627	0,276447672753	1,103420556142	0,97459462987	0,067405030131	0,186115443707	45037,0882494907
253	0,276385713058	0,276352122878	1,102969888875	0,974286073826	0,067405030131	0,186115443707	45037,1826785995
254	0,276306200007	0,276182909015	1,102732659948	0,9736613963	0,067405030131	0,186115443707	45037,2771037847
255	0,276131737707	0,276004637227	1,102064669888	0,972790058071	0,067405030131	0,186115443707	45037,3715506944
256	0,27598176943	0,275927148946	1,101583033483	0,972463369638	0,067405030131	0,186115443707	45037,4661731018
257	0,27590354821	0,27588840735	1,101257976395	0,972311287567	0,067405030131	0,186115443707	45037,5607632176
258	0,275810838928	0,275720493682	1,100919245215	0,9717664832	0,067405030131	0,186115443707	45037,6551706829
259	0,27570943435	0,275613282735	1,100610189986	0,97126021501	0,067405030131	0,186115443707	45037,7497338542
260	0,27558232653	0,275549956523	1,10006385411	0,971134878986	0,067405030131	0,186115443707	45037,8442084144
261	0,275500417054	0,275428613392	1,099759781476	0,970569291141	0,067405030131	0,186115443707	45037,9386831597
262	0,27539510257	0,275269701912	1,099440823543	0,969902154388	0,067405030131	0,186115443707	45038,0332006829
263	0,27523266263	0,275136658287	1,098829237922	0,9694206683	0,067405030131	0,186115443707	45038,1277009375
264	0,275117754688	0,275044984839	1,098405791323	0,969030950586	0,067405030131	0,186115443707	45038,2223392014
265	0,275020341672	0,274931361711	1,098095042616	0,968481626498	0,067405030131	0,186115443707	45038,3170135648
266	0,274869212811	0,27474010195	1,097623456205	0,96768947491	0,067405030131	0,186115443707	45038,4116534144
267	0,274731888792	0,274676842288	1,097059617924	0,967543861995	0,067405030131	0,186115443707	45038,5063252662
268	0,27463080875	0,274569631552	1,096655557978	0,967186610124	0,067405030131	0,186115443707	45038,6008735185
269	0,274541367352	0,274443024269	1,096325024235	0,966646551154	0,067405030131	0,186115443707	45038,6954682523
270	0,274400409641	0,274302294971	1,095840774192	0,966052720249	0,067405030131	0,186115443707	45038,7900909838
271	0,27427672213	0,274171814653	1,095373989242	0,965571686613	0,067405030131	0,186115443707	45038,8846981713
272	0,274113101404	0,274014247875	1,094751974927	0,964902083786	0,067405030131	0,186115443707	45038,9792366898
273	0,27395556811	0,273856671769	1,094178038018	0,9642692476	0,067405030131	0,186115443707	45039,0737126736
274	0,273865787266	0,273764907614	1,093877455854	0,963860900757	0,067405030131	0,186115443707	45039,1683752662
275	0,273731873175	0,273621584709	1,093402171262	0,963273538617	0,067405030131	0,186115443707	45039,2629821412
276	0,273601025351	0,273489832804	1,092949045246	0,962620200969	0,067405030131	0,186115443707	45039,3576777083
277	0,273429962088	6,68865E-7	1,092395458226	2,206851E-6	0,067405030131	0,186115443707	45039,4593108218
278	0	0,154042164964	0	0,53860757145	0,06985129416	0,195471063256	45039,6637922106
279	0,281720652207	0,273138515021	1,122732331969	0,961474514792	0,06985129416	0,195471063256	45039,7609810069
280	0,273524943215	0,273020951674	1,092675534804	0,960599043894	0,06985129416	0,195471063256	45039,8561938657
281	0,273110198379	0,272834967723	1,091369302287	0,959983934068	0,06985129416	0,195471063256	45039,951237338
282	0,272860457139	0,272753630353	1,090545136205	0,959416493884	0,06985129416	0,195471063256	45040,0462637153
283	0,272782356013	0,272669669069	1,090100087349	0,959429467027	0,06985129416	0,195471063256	45040,141163588
284	0,272648778887	0,272632188038	1,089690466988	0,959016585357	0,06985129416	0,195471063256	45040,236073287
285	0,272612603766	0,27227050747	1,089674496484	0,957418185861	0,06985129416	0,195471063256	45040,3311031597
286	0,272253617296	0,272226621675	1,088330767589	0,957499075722	0,06985129416	0,195471063256	45040,4261265046
287	0,272122767541	0,271932113227	1,087696579427	0,956205652175	0,06985129416	0,195471063256	45040,52121375
288	0,271889394727	0,271828742044	1,08707417889	0,955830720904	0,06985129416	0,195471063256	45040,6162746181
289	0,271873256247	0,271881738533	1,086865667042	0,956192891337	0,06985129416	0,195471063256	45040,7111236574
290	0,27185646129	0,271777144934	1,086743165775	0,955805084767	0,06985129416	0,195471063256	45040,8059485301
291	0,271783855175	0,271628598992	1,08648575259	0,955195773564	0,06985129416	0,195471063256	45040,9009270486
292	0,271607605672	0,271443824105	1,085889274569	0,954434469557	0,06985129416	0,195471063256	45040,9959753125
293	0,271455124676	0,271305643277	1,085354984386	0,953822370428	0,06985129416	0,195471063256	45041,0911399074
294	0,271304907825	0,271184264753	1,084830580641	0,953291201635	0,06985129416	0,195471063256	45041,186378588
295	0,271126764167	0,27101378015	1,084160420566	0,952618082784	0,06985129416	0,195471063256	45041,2814559722
296	0,271019020516	0,270807106238	1,083830568126	0,951704276356	0,06985129416	0,195471063256	45041,3767462037
297	0,27043521769	0,27027361544	1,081170519347	0,949396394557	0,06985129416	0,195471063256	45041,4725470949
298	0,270262675487	0,27017165275	1,081270605113	0,94913893906	0,06985129416	0,195471063256	45041,5677692824
299	0,270170680152	0,27009026685	1,080901418676	0,948910988862	0,06985129416	0,195471063256	45041,6631023495
300	0,260385995804	0,261054944231	1,039814771964	0,917131668119	0,06985129416	0,195471063256	45041,7416854977
301	0,270671697306	0,269924851634	1,082912671599	0,948148321716	0,06985129416	0,195471063256	45041,8373573843
302	0,270053223621	0,269833163564	1,080437486089	0,947802125653	0,06985129416	0,195471063256	45041,9327307986
303	0,269833612473	0,269626490498	1,079724734497	0,946907831152	0,06985129416	0,195471063256	45042,0281074074
304	0,269669760212	0,269485779851	1,07918402275	0,946358133192	0,06985129416	0,195471063256	45042,123628588
305	0,269405822369	0,269242889708	1,078176137779	0,945399482617	0,06985129416	0,195471063256	45042,2188067708
306	0,269286803469	0,269093050353	1,077770294938	0,944715498767	0,06985129416	0,195471063256	45042,3142731134
307	0,269119133888	0,268931601849	1,077193171711	0,943985367404	0,06985129416	0,195471063256	45042,4099461458
308	0,268917541582	0,268781797461	1,076472445938	0,943367854514	0,06985129416	0,195471063256	45042,5056
309	0,268747797265	0,268613865781	1,075823262419	0,942705765998	0,06985129416	0,195471063256	45042,6011150231
310	0,26857279331	0,268426568493	1,075192876182	0,9419515925	0,06985129416	0,195471063256	45042,6964965393
311	0,268446968281	0,268297415283	1,074809400143	0,941507549285	0,06985129416	0,195471063256	45042,7920371412
312	0,268299995063	0,268094623943	1,074277066365	0,940760246015	0,06985129416	0,195471063256	45042,8875152431
313	0,268084392987	0,267926780001	1,073431095004	0,940038016903	0,06985129416	0,195471063256	45042,9830028704
314	0,267904899848	0,267664539301	1,072881556693	0,939039950249	0,06985129416	0,195471063256	45043,0784540856
315	0,267695371309	0,267501789115	1,072146712756	0,938303186932	0,06985129416	0,195471063256	45043,1740684259
316	0,267532543543	0,267390676309	1,071538267548	0,937824950572	0,06985129416	0,195471063256	45043,2698012963
317	0,267349677407	0,267083328031	1,070915622992	0,93659719083	0,06985129416	0,195471063256	45043,3653741435
318	0,267094970494	0,266908922498	1,070100049219	0,935930074624	0,06985129416	0,195471063256	45043,461073912
319	0,2669146471	0,26670359392	1,069446986639	0,935144976731	0,06985129416	0,195471063256	45043,5567651042
320	0,266706098436	0,266472370784	1,068666504819	0,934222774006	0,06985129416	0,195471063256	45043,6524381829
321	0,26648886192	0,266348346513	1,067809513066	0,933638279269	0,06985129416	0,195471063256	45043,748158669
322	0,266373603371	0,266140409703	1,067455275831	0,933011730483	0,06985129416	0,195471063256	45043,8438980787
323	0,266145407037	0,265951815612	1,066545752895	0,932189900461	0,06985129416	0,195471063256	45043,9395624421
324	0,265987351222	0,26569612527	1,066077519699	0,931107443827	0,06985129416	0,195471063256	45044,0354327894
325	0,265693111509	0,265442954785	1,064957149226	0,930198405044	0,06985129416	0,195471063256	45044,1311917245
326	0,265480266624	0,265273744523	1,064220483998	0,929426590343	0,06985129416	0,195471063256	45044,2270552199
327	0,265275219539	0,264935343077	1,063519751006	0,928096553209	0,06985129416	0,195471063256	45044,3229147222
328	0,264914965503	6,03803E-7	1,062179405991	2,015286E-6	0,06985129416	0,195471063256	45044,425721412
329	0	0,152599947294	0	0,53298539917	0,074672579765	0,210449129343	45044,6283223148
330	0,275194660079	0,264648567139	1,100268299349	0,927164966222	0,074672579765	0,210449129343	45044,7270307176
331	0,265235227543	0,264750609941	1,063391144459	0,927636240681	0,074672579765	0,210449129343	45044,823153206
332	0,264924843789	0,264562023055	1,06218639296	0,926777582985	0,074672579765	0,210449129343	45044,9190797222
333	0,264660111818	0,264306280787	1,061287248413	0,925666610011	0,074672579765	0,210449129343	45045,0150633681
334	0,264373611524	0,264018239624	1,060274216485	0,924536364084	0,074672579765	0,210449129343	45045,1111029398
335	0,264078856858	0,263744414145	1,059197380083	0,923446804281	0,074672579765	0,210449129343	45045,2070878125
336	0,263762642828	0,26349514446	1,058035715056	0,922458590258	0,074672579765	0,210449129343	45045,3030103819
337	0,263535824663	0,263204526429	1,057322809153	0,921132825529	0,074672579765	0,210449129343	45045,3990813773
338	0,263238885302	0,262908717361	1,056264540269	0,920117311325	0,074672579765	0,210449129343	45045,4951075463
339	0,262978799563	0,262714957879	1,055293151156	0,919276715136	0,074672579765	0,210449129343	45045,5912387847
340	0,262753934025	0,26240882799	1,054561689015	0,918059321984	0,074672579765	0,210449129343	45045,6873815972
341	0,262375815087	0,262049725137	1,053113173005	0,916739895916	0,074672579765	0,210449129343	45045,783336794
342	0,262127948624	0,261830196345	1,052223895702	0,915943864824	0,074672579765	0,210449129343	45045,8794235995
343	0,261903052976	0,26155247685	1,051460684794	0,914785135507	0,074672579765	0,210449129343	45045,9756826389
344	0,261569528002	0,261217964546	1,050291633277	0,913417245299	0,074672579765	0,210449129343	45046,0718709491
345	0,261284092557	0,260880889576	1,049289760724	0,91205113208	0,074672579765	0,210449129343	45046,1681877662
346	0,260949555542	0,260473963251	1,048093460342	0,91048431981	0,074672579765	0,210449129343	45046,2646393171
347	0,260442105888	0,259934106263	1,04620604884	0,908379989068	0,074672579765	0,210449129343	45046,3607683218
348	0,260002237256	0,259569849251	1,044680792435	0,906949675685	0,074672579765	0,210449129343	45046,4570192361
349	0,259641276961	0,259224993239	1,043451395188	0,905502942239	0,074672579765	0,210449129343	45046,5533612847
350	0,259297176313	0,258726378209	1,042240633495	0,903565946662	0,074672579765	0,210449129343	45046,6498175463
351	0,25884687741	0,258314388646	1,04061379992	0,901982147412	0,074672579765	0,210449129343	45046,7465282407
352	0,258341032613	0,257886813476	1,038735160455	0,900472956033	0,074672579765	0,210449129343	45046,8429746991
353	0,258025960313	0,257455464028	1,037596688814	0,898710137259	0,074672579765	0,210449129343	45046,9397321759
354	0,25751912157	0,256949120727	1,035774918926	0,896735302981	0,074672579765	0,210449129343	45047,0364015856
355	0,257042329699	0,256424736177	1,034075691223	0,894685240086	0,074672579765	0,210449129343	45047,1331228009
356	0,256558229445	0,255975246931	1,032380653168	0,892866185829	0,074672579765	0,210449129343	45047,2300598148
357	0,256030150677	0,25532677008	1,030492014665	0,890380416414	0,074672579765	0,210449129343	45047,3268279167
358	0,255424554941	0,254684867325	1,028388287144	0,887758403673	0,074672579765	0,210449129343	45047,4237356713
359	0,254847709826	0,254102331701	1,026345272711	0,885498173357	0,074672579765	0,210449129343	45047,5208349769
360	0,254256937251	0,253453955304	1,024203675284	0,882972422692	0,074672579765	0,210449129343	45047,6180343981
361	0,253563524826	0,252733187566	1,021674896025	0,880233515642	0,074672579765	0,210449129343	45047,715181169
362	0,252857160755	0,252128711802	1,019114033287	0,877932492323	0,074672579765	0,210449129343	45047,8122813194
363	0,252336451322	0,251428608593	1,017246388216	0,875211123503	0,074672579765	0,210449129343	45047,9096447454
364	0,251549789428	0,25055030311	1,014438225865	0,871868881684	0,074672579765	0,210449129343	45048,0069128704
365	0,250749261188	0,249696577791	1,011573271433	0,868584934595	0,074672579765	0,210449129343	45048,1043806018
366	0,249866690481	0,248792363974	1,008374112124	0,865113933655	0,074672579765	0,210449129343	45048,2019369213
367	0,248980697751	0,247912798138	1,00514298035	0,861726008647	0,074672579765	0,210449129343	45048,2994858333
368	0,248098002605	0,24680195046	1,001926377002	0,857358513569	0,074672579765	0,210449129343	45048,397122963
369	0,247026873589	0,245809999174	0,9981139378	0,853613186184	0,074672579765	0,210449129343	45048,4949578704
370	0,246015277526	0,244575189957	0,994465389443	0,848697429844	0,074672579765	0,210449129343	45048,5929228356
371	0,244808908914	0,243348131901	0,990223170291	0,844032754779	0,074672579765	0,210449129343	45048,6909568171
372	0,243625102039	0,24227091744	0,985833488736	0,839847117433	0,074672579765	0,210449129343	45048,7891743287
373	0,242549018851	0,240882415753	0,981920249483	0,834713595812	0,074672579765	0,210449129343	45048,887336331
374	0,241245337406	0,239785776343	0,977211308004	0,830524819841	0,074672579765	0,210449129343	45048,9856682755
375	0,240072871045	0,238299093448	0,97289605219	0,824864651988	0,074672579765	0,210449129343	45049,0838802893
376	0,238626223048	0,236688414256	0,967610065099	0,818717562848	0,074672579765	0,210449129343	45049,1821435069
377	0,237114755033	0,235081662144	0,962114815007	0,81261474562	0,074672579765	0,210449129343	45049,2807593519
378	0,235408317306	0,233092527422	0,955800266532	0,805160717786	0,074672579765	0,210449129343	45049,3791564005
379	0,233521444003	6,36228E-7	0,948879377128	2,205996E-6	0,074672579765	0,210449129343	45049,4847658796
380	6,35792579029017E-15	0,14437399559	2,44120678509303E-14	0,502733911603	0,102330625057	0,274027824402	45049,678495162
381	0,251914855478	0,231244202742	1,01960056994	0,797972088447	0,102330625057	0,274027824402	45049,7826412616
382	0,232391897573	0,229667054616	0,945023274818	0,792445427521	0,102330625057	0,274027824402	45049,8817013773
383	0,230267430108	0,227597920656	0,936975098012	0,784823292803	0,102330625057	0,274027824402	45049,9802177662
384	0,228119899734	0,225256200803	0,928981023017	0,776292911098	0,102330625057	0,274027824402	45050,0786370023
385	0,225687576118	0,222703838629	0,919877273286	0,766984845854	0,102330625057	0,274027824402	45050,1766491782
386	0,223243151697	0,220164540933	0,910738781304	0,757713157703	0,102330625057	0,274027824402	45050,2747023264
387	0,220714558203	0,217308746331	0,901231527472	0,747339138895	0,102330625057	0,274027824402	45050,372722037
388	0,217895292699	0,21453555644	0,890623980694	0,73730150942	0,102330625057	0,274027824402	45050,4707485185
389	0,215090411176	0,211546690872	0,879978379586	0,726605787941	0,102330625057	0,274027824402	45050,5684710764
390	0,212137062218	0,208449339382	0,868730067799	0,715512914459	0,102330625057	0,274027824402	45050,6659819213
391	0,209032112457	0,205415249041	0,856839222563	0,704616326275	0,102330625057	0,274027824402	45050,7631393866
392	0,206022289549	0,202392876994	0,845274694944	0,69386300292	0,102330625057	0,274027824402	45050,8598508102
393	0,203107187121	0,199084957149	0,834103029199	0,681979685845	0,102330625057	0,274027824402	45050,9565219444
394	0,199719507319	0,195830023409	0,821116161814	0,670653873689	0,102330625057	0,274027824402	45051,0528897569
395	0,19652160614	0,192637101274	0,808708883988	0,659392851428	0,102330625057	0,274027824402	45051,1489318171
396	0,193370356167	0,189608146864	0,796445632967	0,648660005454	0,102330625057	0,274027824402	45051,2447795833
397	0,190280922294	0,18650052457	0,784381808357	0,637703653438	0,102330625057	0,274027824402	45051,3401459259
398	0,187225471474	0,18370283844	0,772490774153	0,627824922445	0,102330625057	0,274027824402	45051,4353810995
399	0,184433453537	0,180989071209	0,761575538456	0,61839378845	0,102330625057	0,274027824402	45051,5302742014
400	0,181668935395	0,177943363243	0,750714131637	0,607858132378	0,102330625057	0,274027824402	45051,62449875
401	0,178703223185	0,175285229767	0,738932050979	0,59851215221	0,102330625057	0,274027824402	45051,7185980208
402	0,17592027621	0,172279595383	0,727971025155	0,587888309854	0,102330625057	0,274027824402	45051,8123640046
403	0,173031432847	0,170307248339	0,7165477252	0,580900467632	0,102330625057	0,274027824402	45051,9057447685
404	0,170989931632	0,167902216896	0,708505631779	0,572757976024	0,102330625057	0,274027824402	45051,9989032986
405	0,168559860476	0,165778779682	0,698809752912	0,565143165609	0,102330625057	0,274027824402	45052,0915919097
406	0,166513636784	0,163891677801	0,690681105787	0,55874948742	0,102330625057	0,274027824402	45052,1842697569
407	0,164472002086	0,161565451788	0,682479482091	0,550635737676	0,102330625057	0,274027824402	45052,2760968518
408	0,162225868235	0,159550468705	0,673481360051	0,543425500253	0,102330625057	0,274027824402	45052,3679234838
409	0,160245647497	0,15850810267	0,665643041932	0,540119048783	0,102330625057	0,274027824402	45052,459428125
410	0,159104156378	0,15645311764	0,66100616554	0,532840980139	0,102330625057	0,274027824402	45052,550688206
411	0,157102588261	0,155552824755	0,652973346191	0,529869974605	0,102330625057	0,274027824402	45052,6417718634
412	0,156153067681	0,154302554122	0,64921825821	0,525399221883	0,102330625057	0,274027824402	45052,7325861227
413	0,154897672209	0,15369287058	0,644099500722	0,523197679915	0,102330625057	0,274027824402	45052,8234120139
414	0,154261826701	0,152241092908	0,641577807716	0,51800661321	0,102330625057	0,274027824402	45052,9141755787
415	0,152753625562	0,150842210636	0,635421105438	0,513361863598	0,102330625057	0,274027824402	45053,004642338
416	0,151424937722	0,149546737059	0,630153200093	0,508637815933	0,102330625057	0,274027824402	45053,0950493519
417	0,150040802892	0,148486290566	0,62447840433	0,505102848273	0,102330625057	0,274027824402	45053,1849804745
418	0,149011252145	0,146789065384	0,620412289732	0,49899801831	0,102330625057	0,274027824402	45053,2746837731
419	0,147209564373	0,14598437917	0,613038342558	0,496014410725	0,102330625057	0,274027824402	45053,3636459954
420	0,146507548	0,145745426279	0,610232305822	0,495418031638	0,102330625057	0,274027824402	45053,4530261343
421	0,146238146792	0,144675975268	0,609115248815	0,491358652741	0,102330625057	0,274027824402	45053,5422193056
422	0,145105939745	0,143950023277	0,604512013654	0,488936108784	0,102330625057	0,274027824402	45053,6309611574
423	0,144443600142	0,143783416164	0,601794595845	0,488248659627	0,102330625057	0,274027824402	45053,7199781713
424	0,144179305772	0,142790128229	0,600738023325	0,484902802587	0,102330625057	0,274027824402	45053,8088934259
425	0,143231601474	0,141973840709	0,596863995666	0,481875300735	0,102330625057	0,274027824402	45053,8976497569
426	0,142316555647	0,140720941923	0,593178550274	0,477456121634	0,102330625057	0,274027824402	45053,9858705671
427	0,141191019632	0,139904677079	0,588606006012	0,474534396235	0,102330625057	0,274027824402	45054,0742553356
428	0,140286847079	0,139581754003	0,584911885739	0,473687876781	0,102330625057	0,274027824402	45054,1623515394
429	0,139983718279	0,138756362146	0,583714088838	0,470533318893	0,102330625057	0,274027824402	45054,2505983449
430	0,139089729745	6,64627E-7	0,580017723818	2,423513E-6	0,102330625057	0,274027824402	45054,3456484954
431	6,35792579029017E-14	0,123026945652	2,47802425419221E-13	0,423234512204	0,18693818152	0,450738936663	45054,5082270949
432	0,197370536061		0,818101893778		0,18693818152	0,450738936663	45054,5819054514
