TesterID:	Maccor#2						
Channel Number:	45						
TestName:	KAI_Zelltest_regulaer_fix_no_degass_flag.000						
TestDesc:	Regular cycling: formation, followed by pulse, C-rate quick charge and cycling t						
StartDateTime:	45007,4468923032						
Comment:							
							
							
Cycle	AH-IN	AH-OUT	WH-IN	WH-OUT	ACR	DCIR	Date
0		3,43338E-7		8,6218E-8	0	0	45007,6136772454
1	0,518229148953	0,443481311233	1,927524006565	1,625553620255	0	0	45008,0515742824
2	0,446323486572	0,443749977181	1,677165146318	1,626953600286	0	0	45008,4642579167
3	0,459182143304	4,35952E-7	1,729851964539	1,403665E-6	0	0	45008,9504080903
4	2,54317031611607E-14	4,5798E-7	9,54751190774451E-14	1,490458E-6	0,04585551098	0,128571003675	45009,2530850116
5	0,449052529474	0,44769710124	1,700619687969	1,64250800266	0,04585551098	0,128571003675	45009,5172645949
6	0,447407614951	0,446513235127	1,694062937668	1,638351887679	0,04585551098	0,128571003675	45009,7870811921
7	0,446321056958	0,445623817684	1,689625152395	1,635253891314	0,04585551098	0,128571003675	45010,0562666551
8	0,445320609199	0,421466561471	1,685584206573	1,519718566307	0,04585551098	0,128571003675	45010,2427907639
9	0,421611047166	0,420010901225	1,603169802923	1,514856215646	0,04585551098	0,128571003675	45010,4226343982
10	0,420092456059	0,418785144001	1,597426189257	1,510623028979	0,04585551098	0,128571003675	45010,601732338
11	0,418831177164	0,341904564647	1,592651111104	1,206819227705	0,04585551098	0,128571003675	45010,7580393403
12	0,34212448534	0,341672062508	1,319564226846	1,206870710567	0,04585551098	0,128571003675	45010,8932978819
13	0,341776982539	0,339992849325	1,317970397548	1,201241164223	0,04585551098	0,128571003675	45011,0281198032
14	0,34021715085	0,435943473308	1,312129779399	1,600957909519	0,04585551098	0,128571003675	45011,3064209259
15	0,435467794664	0,436747878286	1,648180567274	1,603901241144	0,04585551098	0,128571003675	45011,5688960185
16	0,436336355073	3,83169E-7	1,651088104455	1,221055E-6	0,04585551098	0,128571003675	45011,8386977778
17	0,381425728893	0,3824379439	1,451646515114	1,383648746991	0,04585551098	0,128571003675	45011,9828008333
18	0,381199766941	0,381785020742	1,450446305221	1,381083396053	0,04585551098	0,128571003675	45012,1335927894
19	0,380836825382	0,381276489047	1,448817168466	1,37911481618	0,04585551098	0,128571003675	45012,2842116667
20	0,355307046545	0,345517722443	1,380596669824	1,242370054419	0,04585551098	0,128571003675	45012,4070033102
21	0,344694549212	0,333530148063	1,339024310604	1,200125473858	0,04585551098	0,128571003675	45012,5260953009
22	0,332596708595	3,33801E-7	1,292466789499	1,022208E-6	0,04585551098	0,128571003675	45012,6488970949
23	1,27158515805803E-14	0,231233911225	4,76201705068121E-14	0,81138407174	0,043489262462	0,113300301135	45012,9151982755
24	0,405575535532	0,397876102036	1,564941455221	1,436832925364	0,043489262462	0,113300301135	45013,0203173958
25	0,3979723922	0,396838925341	1,538418478694	1,433224971831	0,043489262462	0,113300301135	45013,1243267014
26	0,396883269719	0,395872711573	1,534342957386	1,429788846353	0,043489262462	0,113300301135	45013,2280298032
27	0,395882548093	0,395039593991	1,530574120128	1,426818140181	0,043489262462	0,113300301135	45013,3314781944
28	0,395040114026	0,394260766945	1,527404041532	1,424023648998	0,043489262462	0,113300301135	45013,4346965278
29	0,394254955542	0,39346258383	1,52444540208	1,421187520605	0,043489262462	0,113300301135	45013,5377472569
30	0,393418117575	0,392700482371	1,521320423449	1,418413826864	0,043489262462	0,113300301135	45013,6404248843
31	0,392739038901	0,392061171106	1,518826278347	1,416173184719	0,043489262462	0,113300301135	45013,7431924537
32	0,392017665015	0,391323603818	1,516168453298	1,413479845043	0,043489262462	0,113300301135	45013,8457451157
33	0,391259866994	0,390580900178	1,513389900407	1,41080556844	0,043489262462	0,113300301135	45013,9481244097
34	0,390548028521	0,389949263565	1,510773939042	1,408528768512	0,043489262462	0,113300301135	45014,0503419792
35	0,389906181143	0,389263385791	1,508414901748	1,406079553405	0,043489262462	0,113300301135	45014,1524058333
36	0,389216114834	0,388599548828	1,505885482554	1,40368075795	0,043489262462	0,113300301135	45014,2542905208
37	0,388566431312	0,387991150643	1,503526308186	1,401506291206	0,043489262462	0,113300301135	45014,3561323611
38	0,387952240343	0,38738019594	1,501282264192	1,399329854622	0,043489262462	0,113300301135	45014,4579125926
39	0,387311176403	0,386740885945	1,498929348489	1,397023170334	0,043489262462	0,113300301135	45014,5594981134
40	0,386689741712	0,386175061918	1,496647728351	1,395000322959	0,043489262462	0,113300301135	45014,6609811458
41	0,386127089208	0,385617119387	1,494601292356	1,393006604851	0,043489262462	0,113300301135	45014,762390162
42	0,385547873682	0,385039688543	1,492485845757	1,390910620734	0,043489262462	0,113300301135	45014,863641412
43	0,384953575079	0,384485710815	1,490285967578	1,388931891495	0,043489262462	0,113300301135	45014,9647453819
44	0,384403181218	0,383971622288	1,488255880498	1,387084198338	0,043489262462	0,113300301135	45015,0657428009
45	0,383896401505	0,383467868993	1,486393547411	1,385293836549	0,043489262462	0,113300301135	45015,1667088657
46	0,383372520001	0,38298222816	1,48442740664	1,383535960318	0,043489262462	0,113300301135	45015,2673823843
47	0,382962648117	0,382587008685	1,482903285334	1,382155683257	0,043489262462	0,113300301135	45015,3681804861
48	0,38248232022	0,382127118296	1,481098525803	1,380512297041	0,043489262462	0,113300301135	45015,468735787
49	0,382042521463	0,381711192331	1,479436943834	1,379018348016	0,043489262462	0,113300301135	45015,569151875
50	0,381658673862	0,381362480871	1,478001298423	1,377776794329	0,043489262462	0,113300301135	45015,6695553241
51	0,381299780882	0,381003425701	1,476665907174	1,376508853743	0,043489262462	0,113300301135	45015,7699155903
52	0,380893602442	0,380604270885	1,475111455636	1,375088481698	0,043489262462	0,113300301135	45015,8700547801
53	0,380485211743	0,380228510265	1,47356718065	1,373747292025	0,043489262462	0,113300301135	45015,9699556944
54	0,380193634371	0,379926172033	1,472485017096	1,372718056318	0,043489262462	0,113300301135	45016,0699978356
55	0,379835064618	0,379585265562	1,471150068772	1,371495892238	0,043489262462	0,113300301135	45016,1698589468
56	0,37953318225	0,37930615898	1,469989126827	1,370494906029	0,043489262462	0,113300301135	45016,2697339699
57	0,379218625682	0,379001398801	1,468789579655	1,369433777878	0,043489262462	0,113300301135	45016,3695569907
58	0,378888968652	0,378690045242	1,467544416213	1,368330973775	0,043489262462	0,113300301135	45016,4691990741
59	0,378586062628	0,378400734612	1,466411167475	1,367339792869	0,043489262462	0,113300301135	45016,5688347338
60	0,378306042439	0,378134668768	1,465341212165	1,366390773234	0,043489262462	0,113300301135	45016,6682834838
61	0,378036037702	0,377838899969	1,464332808578	1,365334017542	0,043489262462	0,113300301135	45016,7677135301
62	0,377716895792	0,37754569087	1,463126200705	1,364278068314	0,043489262462	0,113300301135	45016,8669722569
63	0,377488902144	0,377318305167	1,462280655314	1,363478066804	0,043489262462	0,113300301135	45016,9663647106
64	0,377187945625	0,377044527373	1,461138333776	1,362489312561	0,043489262462	0,113300301135	45017,0655745139
65	0,376933936546	0,37679784388	1,460171792632	1,361618407408	0,043489262462	0,113300301135	45017,1647067245
66	0,376672219138	0,376531751335	1,459167293685	1,360667214351	0,043489262462	0,113300301135	45017,2637234491
67	0,376421813701	0,376296664062	1,458216323794	1,359832458309	0,043489262462	0,113300301135	45017,3627159838
68	0,376171128732	0,376044814544	1,457258683368	1,358917909954	0,043489262462	0,113300301135	45017,461578669
69	0,376042785171	0,375902766613	1,456813177112	1,358402050862	0,043489262462	0,113300301135	45017,5607880093
70	0,375755795009	0,375619798014	1,455686809321	1,357371457176	0,043489262462	0,113300301135	45017,6596408102
71	0,375515372316	0,375374419803	1,454811441519	1,356473908953	0,043489262462	0,113300301135	45017,7584901736
72	0,375294243362	0,375176830729	1,453985001995	1,355800604993	0,043489262462	0,113300301135	45017,8572961574
73	0,375044821829	3,91235E-7	1,453027894261	1,271049E-6	0,043489262462	0,113300301135	45017,9629739005
74	3,8147554741741E-14	0,213329680193	1,42978870709635E-13	0,748536688671	0,04425239563	0,111385524273	45018,2133110764
75	0,383983278153	0,37617396881	1,483673155913	1,359661122106	0,04425239563	0,111385524273	45018,3128735185
76	0,37606859533	0,37574779429	1,456383744093	1,358141804593	0,04425239563	0,111385524273	45018,4114773264
77	0,375659282067	0,375388601155	1,454842283868	1,356853141298	0,04425239563	0,111385524273	45018,5100328588
78	0,375239122753	0,375029561668	1,45326934682	1,355503396455	0,04425239563	0,111385524273	45018,6083432755
79	0,374917006434	0,374705382267	1,452087062993	1,354328327942	0,04425239563	0,111385524273	45018,7066578125
80	0,374615386084	0,374428923973	1,451000099051	1,353321100293	0,04425239563	0,111385524273	45018,8049891782
81	0,374337457617	0,3741422362	1,450005898005	1,352283768825	0,04425239563	0,111385524273	45018,9034100694
82	0,374008374615	0,373838692081	1,448801630935	1,351174529811	0,04425239563	0,111385524273	45019,0017097569
83	0,373698368175	0,373531197995	1,447670870361	1,350054256734	0,04425239563	0,111385524273	45019,0999101042
84	0,373402804265	0,373248335784	1,446592310008	1,349038947448	0,04425239563	0,111385524273	45019,1979990509
85	0,373127672415	0,372947481068	1,445593528116	1,347915762252	0,04425239563	0,111385524273	45019,295956088
86	0,372812029884	0,372682644638	1,444442179795	1,346983047906	0,04425239563	0,111385524273	45019,393868912
87	0,372558543603	0,372437255193	1,44350823763	1,346083690536	0,04425239563	0,111385524273	45019,4916637847
88	0,372351173207	0,372203483377	1,442774634274	1,345247092402	0,04425239563	0,111385524273	45019,5896085995
89	0,372066538528	0,371958013399	1,4417065886	1,344361732999	0,04425239563	0,111385524273	45019,687325162
90	0,371849593033	0,37172686359	1,440932076287	1,343533970129	0,04425239563	0,111385524273	45019,7850690162
91	0,371606260753	0,371489169356	1,440049730425	1,342678941601	0,04425239563	0,111385524273	45019,8827280093
92	0,371371886149	0,371261885588	1,439205036576	1,341861539695	0,04425239563	0,111385524273	45019,9803661111
93	0,371140634584	0,371037132276	1,438345882054	1,341045507454	0,04425239563	0,111385524273	45020,0779460185
94	0,370938992145	0,370838148486	1,437621850646	1,340324823812	0,04425239563	0,111385524273	45020,1755822454
95	0,370682124721	0,370596658357	1,436673506369	1,339422534351	0,04425239563	0,111385524273	45020,2730596644
96	0,370398684255	0,370302152456	1,435464667995	1,338316183084	0,04425239563	0,111385524273	45020,371583831
97	0,37027715939	0,370225990227	1,435228577512	1,338103238143	0,04425239563	0,111385524273	45020,4691001968
98	0,370083591938	0,370064492342	1,434486332174	1,337556704527	0,04425239563	0,111385524273	45020,566502419
99	0,369962629214	0,369835941229	1,434015895667	1,336708643007	0,04425239563	0,111385524273	45020,6639665278
100	0,369678634289	0,369638295359	1,433033303653	1,335991250227	0,04425239563	0,111385524273	45020,7612967824
101	0,369523785493	0,369467756077	1,432434022044	1,335381727506	0,04425239563	0,111385524273	45020,8585965741
102	0,36932082809	0,36925856718	1,431675508539	1,334614888744	0,04425239563	0,111385524273	45020,9558309144
103	0,369141783612	0,369099692788	1,43104053579	1,334049014194	0,04425239563	0,111385524273	45021,0530683796
104	0,368966730735	0,368930463666	1,430391926752	1,333443543677	0,04425239563	0,111385524273	45021,1503309491
105	0,368762947436	0,368722545294	1,429621631453	1,332694865318	0,04425239563	0,111385524273	45021,2474096065
106	0,368556198758	0,368522251349	1,428840210284	1,33196649758	0,04425239563	0,111385524273	45021,3443590046
107	0,368457177839	0,368412534107	1,428501833478	1,331570081679	0,04425239563	0,111385524273	45021,4415098843
108	0,368274099139	0,368245856421	1,427812654658	1,330954869038	0,04425239563	0,111385524273	45021,5385363194
109	0,368083803201	0,368058627162	1,42708660392	1,330260141591	0,04425239563	0,111385524273	45021,6354078241
110	0,367948713227	0,367949873995	1,426593954508	1,330046809686	0,04425239563	0,111385524273	45021,7325886574
111	0,367838719721	0,367769263337	1,42618040188	1,329232646522	0,04425239563	0,111385524273	45021,8295565278
112	0,367635769015	0,367614288474	1,425444829458	1,328666189753	0,04425239563	0,111385524273	45021,9264706597
113	0,367465430383	0,367439893749	1,424780153726	1,328035362045	0,04425239563	0,111385524273	45022,0232578009
114	0,36733637326	0,367296511927	1,424330975591	1,327510751011	0,04425239563	0,111385524273	45022,1201314815
115	0,367154427821	0,367127327944	1,423637751118	1,326897045947	0,04425239563	0,111385524273	45022,2169134838
116	0,36697811611	0,366972317052	1,422977726778	1,326334225956	0,04425239563	0,111385524273	45022,3135531944
117	0,366841134472	0,366831589029	1,422448743511	1,325841246251	0,04425239563	0,111385524273	45022,4101171528
118	0,366728353242	0,366710187613	1,422030147521	1,32538820642	0,04425239563	0,111385524273	45022,5067126157
119	0,366595655882	0,366561566648	1,421552384481	1,324835590872	0,04425239563	0,111385524273	45022,6033720486
120	0,366426195029	0,366412995698	1,420947862842	1,32428147321	0,04425239563	0,111385524273	45022,6999350579
121	0,366305042206	0,366301969785	1,42050058131	1,323880883269	0,04425239563	0,111385524273	45022,796543125
122	0,36617648811	0,366169015171	1,419999478711	1,323391254424	0,04425239563	0,111385524273	45022,8931138079
123	0,36601299328	0,366004932578	1,419393205883	1,322808530854	0,04425239563	0,111385524273	45022,9896026736
124	0,365847894343	3,39311E-7	1,418763698862	1,102728E-6	0,04425239563	0,111385524273	45023,0929615741
125	0	0,20376341268	0	0,715204129298	0,045763500035	0,110838055611	45025,5432453819
126	0,372012193074	0,366854828943	1,438148016752	1,327390754825	0,045763500035	0,110838055611	45025,6396658796
127	0,366720921897	0,36665845614	1,419868815773	1,326676331817	0,045763500035	0,110838055611	45025,7353051157
128	0,366548244104	0,366498337499	1,419220577644	1,326025698714	0,045763500035	0,110838055611	45025,8309289236
129	0,36641540305	0,366366486412	1,418785320489	1,325456751621	0,045763500035	0,110838055611	45025,9266899537
130	0,366255889393	0,366236083235	1,418235358835	1,324895871638	0,045763500035	0,110838055611	45026,0224412731
131	0,366098937449	0,36604621544	1,417708741558	1,324127333535	0,045763500035	0,110838055611	45026,1181664815
132	0,365926269419	0,365888605003	1,41713693643	1,323467250399	0,045763500035	0,110838055611	45026,2138965625
133	0,36576329195	0,365703922309	1,416565449452	1,322710998434	0,045763500035	0,110838055611	45026,3095651968
134	0,365586012804	0,365539916856	1,415995130502	1,322033905829	0,045763500035	0,110838055611	45026,40531375
135	0,365435077086	0,365369384996	1,415481143385	1,321339981416	0,045763500035	0,110838055611	45026,5010453588
136	0,365217719466	0,365143414563	1,414750345718	1,320457950201	0,045763500035	0,110838055611	45026,5966416319
137	0,36502779977	0,364941922148	1,414064354292	1,319673090542	0,045763500035	0,110838055611	45026,6922161806
138	0,364832495436	0,364746849753	1,413452511617	1,318873830759	0,045763500035	0,110838055611	45026,7877914699
139	0,364621481563	0,364538910608	1,412743216055	1,318069770566	0,045763500035	0,110838055611	45026,8833525347
140	0,364423719811	0,364330983974	1,412098059716	1,317273797665	0,045763500035	0,110838055611	45026,9789557755
141	0,364171720038	0,364084173745	1,41122935996	1,316317624335	0,045763500035	0,110838055611	45027,0744022338
142	0,363979688365	0,363912464186	1,410589016052	1,31567458958	0,045763500035	0,110838055611	45027,1699458681
143	0,363797635593	0,363717425275	1,40997127117	1,314915278985	0,045763500035	0,110838055611	45027,2654789583
144	0,363594014553	0,363530095985	1,40929046242	1,314206296331	0,045763500035	0,110838055611	45027,3610397222
145	0,363365569902	0,363322140524	1,408490439764	1,313440366051	0,045763500035	0,110838055611	45027,4564035648
146	0,363185354569	0,363107679	1,407900377032	1,312636643007	0,045763500035	0,110838055611	45027,5518568519
147	0,363006479966	0,362941112156	1,407295042646	1,312025061402	0,045763500035	0,110838055611	45027,6473310764
148	0,36279856907	0,362720212592	1,40657238101	1,311207596709	0,045763500035	0,110838055611	45027,7427478935
149	0,362563859336	0,3625213744	1,405748298707	1,310456041842	0,045763500035	0,110838055611	45027,8380642824
150	0,362387391498	0,362345730976	1,405141921515	1,309790188698	0,045763500035	0,110838055611	45027,9333839583
151	0,36219556112	0,362167449016	1,404465241873	1,309125954485	0,045763500035	0,110838055611	45028,0286798611
152	0,362031351034	0,362029206515	1,403913143851	1,308620750112	0,045763500035	0,110838055611	45028,1239882639
153	0,361890047937	0,361876821023	1,403409744775	1,308057607731	0,045763500035	0,110838055611	45028,219271794
154	0,361715577521	0,361685621878	1,402792196882	1,307335964589	0,045763500035	0,110838055611	45028,3144209606
155	0,361565686477	0,361546124323	1,402275031822	1,306829645932	0,045763500035	0,110838055611	45028,4096498148
156	0,361416517782	0,361395062971	1,401755083643	1,306254556708	0,045763500035	0,110838055611	45028,5048786574
157	0,361267697415	0,361292971638	1,401216318064	1,305886017779	0,045763500035	0,110838055611	45028,6000638542
158	0,361155085247	0,361150939605	1,400816502321	1,30535772955	0,045763500035	0,110838055611	45028,6952406597
159	0,361049359302	0,361046310822	1,400462462979	1,304966800425	0,045763500035	0,110838055611	45028,7905024306
160	0,360873408758	0,36088872836	1,399808813481	1,304356691358	0,045763500035	0,110838055611	45028,885575
161	0,360735362284	0,360768586241	1,399314730562	1,303924594291	0,045763500035	0,110838055611	45028,9806148032
162	0,360665959547	0,360700116679	1,39909503222	1,303689076326	0,045763500035	0,110838055611	45029,0758339815
163	0,360545541589	0,360585233834	1,398656334347	1,303277474549	0,045763500035	0,110838055611	45029,1710009722
164	0,360411683352	0,360459848332	1,398156004744	1,302803244949	0,045763500035	0,110838055611	45029,2660570023
165	0,36030182157	0,3603514031	1,397762869667	1,302421792838	0,045763500035	0,110838055611	45029,3610899537
166	0,360192885026	0,360254515094	1,397349452193	1,302055556197	0,045763500035	0,110838055611	45029,4560236458
167	0,360141882492	0,360197726101	1,397178513681	1,301841505352	0,045763500035	0,110838055611	45029,5511025347
168	0,360016128311	0,360045210056	1,396688884164	1,301245835304	0,045763500035	0,110838055611	45029,6460159722
169	0,359970137486	0,360038865483	1,396559024886	1,301208169325	0,045763500035	0,110838055611	45029,7409891782
170	0,359878630638	0,359957428295	1,396185537323	1,300886430556	0,045763500035	0,110838055611	45029,8359013657
171	0,359854199047	0,359927704357	1,396096686184	1,300780323729	0,045763500035	0,110838055611	45029,9309253588
172	0,35978156369	0,359825670457	1,39583459598	1,300384396429	0,045763500035	0,110838055611	45030,0258881944
173	0,35966942694	0,359737818969	1,395423967358	1,300055000713	0,045763500035	0,110838055611	45030,1208163657
174	0,359594421082	0,359651347576	1,395138122044	1,2997260808	0,045763500035	0,110838055611	45030,2156870255
175	0,3595170113	3,95685E-7	1,394866918003	1,280517E-6	0,045763500035	0,110838055611	45030,3175896412
176	2,54317031611607E-14	0,200408305177	9,54178797974227E-14	0,703259175305	0,048020027578	0,118835255504	45030,5587983102
177	0,367938090331	0,360919732152	1,424032610566	1,304455284556	0,048020027578	0,118835255504	45030,6547215509
178	0,360837134196	0,360791795636	1,399457418669	1,303977305554	0,048020027578	0,118835255504	45030,7498116898
179	0,360661793079	0,360613591667	1,398731711291	1,30329324575	0,048020027578	0,118835255504	45030,8447891088
180	0,360498714545	0,360408233419	1,398129683335	1,302503393861	0,048020027578	0,118835255504	45030,9397842708
181	0,360239410262	0,360214438121	1,397186103396	1,301746554945	0,048020027578	0,118835255504	45031,0346462153
182	0,360114273926	0,360076207278	1,396759572615	1,301220354411	0,048020027578	0,118835255504	45031,1296315972
183	0,359926683751	0,359904404255	1,396081314575	1,300560948475	0,048020027578	0,118835255504	45031,2244727315
184	0,359780738427	0,359763737689	1,395568341249	1,300040206878	0,048020027578	0,118835255504	45031,3193237037
185	0,359643699021	0,359656417601	1,395113092705	1,299655990829	0,048020027578	0,118835255504	45031,414300706
186	0,359507745764	0,35950536388	1,394588293937	1,299121511794	0,048020027578	0,118835255504	45031,5090872106
187	0,359396986801	0,359389118317	1,394202410425	1,298678717999	0,048020027578	0,118835255504	45031,6039740741
188	0,359234895656	0,359249596179	1,393627396766	1,298156716784	0,048020027578	0,118835255504	45031,698760706
189	0,359107860355	0,359123040397	1,39317266892	1,29768375433	0,048020027578	0,118835255504	45031,793537338
190	0,358996130289	0,359004171769	1,392756293225	1,297238967429	0,048020027578	0,118835255504	45031,8882612037
191	0,358886925064	0,358891847565	1,392390163108	1,29680523528	0,048020027578	0,118835255504	45031,9829783565
192	0,358784083996	0,358824654887	1,392046274696	1,296618050509	0,048020027578	0,118835255504	45032,0778016898
193	0,358660265862	0,358655500786	1,391601210152	1,295910930259	0,048020027578	0,118835255504	45032,1725515625
194	0,358483468371	0,358524969182	1,390954884742	1,295410514736	0,048020027578	0,118835255504	45032,2671270139
195	0,358387204084	0,358402335388	1,390541437067	1,294973994379	0,048020027578	0,118835255504	45032,3617057639
196	0,358287705722	0,358358345325	1,390290341678	1,294829388371	0,048020027578	0,118835255504	45032,4564101852
197	0,358197572333	0,358229210766	1,389923683733	1,294366075508	0,048020027578	0,118835255504	45032,5509684491
198	0,35812180313	0,358167183267	1,389659525901	1,294138064829	0,048020027578	0,118835255504	45032,6456255093
199	0,357982151895	0,35803932559	1,389137282336	1,29362756553	0,048020027578	0,118835255504	45032,7400777083
200	0,357948599248	0,357978673523	1,389038033226	1,293426023734	0,048020027578	0,118835255504	45032,8346554282
201	0,357876522403	0,357937363536	1,388712709947	1,293254982355	0,048020027578	0,118835255504	45032,9292697454
202	0,35779171911	0,357797799223	1,38842435515	1,292787335916	0,048020027578	0,118835255504	45033,0238167477
203	0,357648933035	0,357680212565	1,387960850631	1,292320984291	0,048020027578	0,118835255504	45033,118281956
204	0,357571515448	0,357673802505	1,38763863185	1,292326578821	0,048020027578	0,118835255504	45033,2128967361
205	0,357546364037	0,357543337022	1,387572000629	1,291866060844	0,048020027578	0,118835255504	45033,3074170023
206	0,357339280988	0,357378084781	1,386775148756	1,291143302778	0,048020027578	0,118835255504	45033,4018155903
207	0,357281504184	0,357356032951	1,386666747214	1,291096736884	0,048020027578	0,118835255504	45033,4963047917
208	0,35720156705	0,357234681552	1,386262559718	1,290627266388	0,048020027578	0,118835255504	45033,5906674653
209	0,357091649902	0,357164993176	1,385953650755	1,290365960939	0,048020027578	0,118835255504	45033,6850982755
210	0,357020459898	0,357093863247	1,385693162435	1,290110914913	0,048020027578	0,118835255504	45033,7795099537
211	0,356998702553	0,357110717046	1,385523768647	1,290313579007	0,048020027578	0,118835255504	45033,8739828588
212	0,356938613815	0,35700211329	1,385315426305	1,289830048549	0,048020027578	0,118835255504	45033,9682799768
213	0,356861642428	0,356891102423	1,38507111591	1,289377958737	0,048020027578	0,118835255504	45034,0625561806
214	0,356746206401	0,356796807177	1,384615981333	1,289082914735	0,048020027578	0,118835255504	45034,1568469792
215	0,3566665389	0,356768296119	1,384351910533	1,288960578252	0,048020027578	0,118835255504	45034,2511623727
216	0,356640268253	0,356625009243	1,384290259486	1,288408085353	0,048020027578	0,118835255504	45034,3455523843
217	0,356453949374	0,35653977065	1,383658268443	1,288042713982	0,048020027578	0,118835255504	45034,4398901968
218	0,356434610968	0,35651904784	1,3835552704	1,288073559004	0,048020027578	0,118835255504	45034,5341540046
219	0,356390208297	0,356473949587	1,383344691005	1,287910034767	0,048020027578	0,118835255504	45034,6283651157
220	0,3563317672	0,35639125332	1,38307026641	1,28745690588	0,048020027578	0,118835255504	45034,7226210648
221	0,356244902522	0,356311133282	1,382915223935	1,287236447675	0,048020027578	0,118835255504	45034,8169830324
222	0,356158843432	0,356291775941	1,382505276687	1,287175152959	0,048020027578	0,118835255504	45034,9112433565
223	0,356142260365	0,356247822751	1,382465394253	1,286947185385	0,048020027578	0,118835255504	45035,005470162
224	0,356100511365	0,356066981514	1,382330010392	1,286281669296	0,048020027578	0,118835255504	45035,0997585301
225	0,355914422903	0,356048943654	1,381656274684	1,286239582283	0,048020027578	0,118835255504	45035,194028206
226	0,355898004238	4,14759E-7	1,381584050673	1,340967E-6	0,048020027578	0,118835255504	45035,2951752546
227	4,45054805320312E-14	0,197554432802	1,67063025397047E-13	0,693236140262	0,048839047551	0,121301472187	45035,5342989583
228	0,364041479194	0,357183027639	1,409845625583	1,290462120495	0,048839047551	0,121301472187	45035,6294490972
229	0,357057078894	0,35703705645	1,385649498351	1,289916944278	0,048839047551	0,121301472187	45035,7237338773
230	0,356923271924	0,356915600358	1,385069892531	1,289578159344	0,048839047551	0,121301472187	45035,8180307639
231	0,356804270945	0,356816133151	1,384626232683	1,289175742352	0,048839047551	0,121301472187	45035,9123175
232	0,356645137231	0,356615928216	1,384056698772	1,288352206474	0,048839047551	0,121301472187	45036,0065190046
233	0,356453070376	0,356409288423	1,383374866659	1,287608470661	0,048839047551	0,121301472187	45036,1007885764
234	0,356249317688	0,356286580456	1,382612450678	1,28714616416	0,048839047551	0,121301472187	45036,1949839236
235	0,356146546716	0,356147029706	1,382350942686	1,286572381115	0,048839047551	0,121301472187	45036,2891569213
236	0,355981683414	0,356051522639	1,381646750825	1,286210089331	0,048839047551	0,121301472187	45036,3832810185
237	0,355898400757	0,355893923858	1,381393283803	1,28570181675	0,048839047551	0,121301472187	45036,4774111111
238	0,355752470449	0,355766082505	1,380889862301	1,285178411921	0,048839047551	0,121301472187	45036,571465463
239	0,355615745429	0,355684690882	1,380351671382	1,284906642323	0,048839047551	0,121301472187	45036,6655962847
240	0,355518030125	0,355538779029	1,379996770344	1,284360547208	0,048839047551	0,121301472187	45036,7596485995
241	0,355414706966	0,355523250644	1,379641958851	1,284342521082	0,048839047551	0,121301472187	45036,8537027199
242	0,355368244471	0,355382432548	1,379425484819	1,283748358392	0,048839047551	0,121301472187	45036,9477033102
243	0,355248531442	0,355325635076	1,379019519335	1,283506181163	0,048839047551	0,121301472187	45037,0417539005
244	0,355193980041	0,355321739365	1,378861847579	1,283513073514	0,048839047551	0,121301472187	45037,1358141551
245	0,355160985553	0,355137101597	1,378730236645	1,282878909043	0,048839047551	0,121301472187	45037,2298021065
246	0,354975539261	0,354969159529	1,378047373288	1,282241876993	0,048839047551	0,121301472187	45037,3237373727
247	0,354801139231	0,354851531336	1,377462175495	1,281699408073	0,048839047551	0,121301472187	45037,417701331
248	0,354728615425	0,354847717003	1,37720477538	1,281743829534	0,048839047551	0,121301472187	45037,5117136227
249	0,354756439067	0,35485154977	1,377311107458	1,281776122491	0,048839047551	0,121301472187	45037,6058313079
250	0,354666751774	0,354697899899	1,376966592643	1,281233604417	0,048839047551	0,121301472187	45037,699799838
251	0,354546652734	0,354660409753	1,376505656679	1,281060613457	0,048839047551	0,121301472187	45037,7937460185
252	0,354548729915	0,354593266244	1,37648697409	1,280886058708	0,048839047551	0,121301472187	45037,887668588
253	0,354430062146	0,354482192855	1,376037865409	1,280464436188	0,048839047551	0,121301472187	45037,9815142824
254	0,354361377915	0,354484738991	1,375818723887	1,280433160954	0,048839047551	0,121301472187	45038,0755370486
255	0,35429286212	0,354353019302	1,375532036898	1,279953168667	0,048839047551	0,121301472187	45038,1693922801
256	0,354234014447	0,354284524732	1,375371842588	1,279680497427	0,048839047551	0,121301472187	45038,2633390162
257	0,354111062766	0,354187713868	1,374896926342	1,279283903385	0,048839047551	0,121301472187	45038,3571939236
258	0,354009686551	0,354090840059	1,374566482842	1,278935440068	0,048839047551	0,121301472187	45038,4509883681
259	0,35397554353	0,354067579376	1,374419595015	1,278924016078	0,048839047551	0,121301472187	45038,5447667708
260	0,353939663738	0,354033949339	1,374226019201	1,278838670116	0,048839047551	0,121301472187	45038,6385268171
261	0,353898537073	0,353951320044	1,374069360636	1,278524710509	0,048839047551	0,121301472187	45038,732378669
262	0,353797774715	0,353903544893	1,373733231504	1,278329864821	0,048839047551	0,121301472187	45038,8261291204
263	0,353789546038	0,353868648145	1,373657468985	1,278200929961	0,048839047551	0,121301472187	45038,9198699769
264	0,353704883841	0,353801444872	1,373349102313	1,27795283625	0,048839047551	0,121301472187	45039,0135853819
265	0,353657743403	0,353729179838	1,373196776904	1,277659929747	0,048839047551	0,121301472187	45039,1073068171
266	0,353577218439	0,353655537891	1,372883275995	1,277410838128	0,048839047551	0,121301472187	45039,2009604051
267	0,353528477558	0,353596119685	1,372710534255	1,277155533143	0,048839047551	0,121301472187	45039,2946009491
268	0,353433716749	0,353496689778	1,372357131921	1,276720854132	0,048839047551	0,121301472187	45039,3882263079
269	0,353367534157	0,353490184983	1,372175708082	1,276731411054	0,048839047551	0,121301472187	45039,4820096759
270	0,353342071921	0,353397232956	1,372026353852	1,276415499914	0,048839047551	0,121301472187	45039,5756389468
271	0,353236765262	0,353295183797	1,371675898419	1,276050891592	0,048839047551	0,121301472187	45039,6693140046
272	0,353198789012	0,353229375453	1,37153959356	1,275790464736	0,048839047551	0,121301472187	45039,7630822569
273	0,353062824099	0,352976094763	1,371093443793	1,274571311999	0,048839047551	0,121301472187	45039,8566734259
274	0,352837568046	0,352834096003	1,370311135235	1,274115951133	0,048839047551	0,121301472187	45039,9503947222
275	0,352691198991	0,352849542371	1,36990449856	1,274034686195	0,048839047551	0,121301472187	45040,0439588657
276	0,352677000365	0,352831429701	1,369625458452	1,274269450572	0,048839047551	0,121301472187	45040,1374348843
277	0,352720346633	5,01226E-7	1,3699047644	1,619927E-6	0,048839047551	0,121301472187	45040,2379047801
278	5,08634063223214E-14	0,19514824275	1,90967700986084E-13	0,684783799316	0,049560610205	0,123273827136	45040,4754912616
279	0,360665264019	0,353822158145	1,397603612723	1,277966049462	0,049560610205	0,123273827136	45040,5700707639
280	0,35387150821	0,353978381916	1,374056341405	1,278670641357	0,049560610205	0,123273827136	45040,6639256134
281	0,35388038429	0,353887992556	1,373787885962	1,278377662011	0,049560610205	0,123273827136	45040,7576250579
282	0,353738957191	0,353796349837	1,373244105264	1,278055044477	0,049560610205	0,123273827136	45040,851348206
283	0,353604309072	0,35361158004	1,372702763972	1,277296360766	0,049560610205	0,123273827136	45040,9448908333
284	0,353518461023	0,353499220868	1,372464554085	1,276850704853	0,049560610205	0,123273827136	45041,0386165394
285	0,353328508069	0,353344223538	1,371805101713	1,276191895077	0,049560610205	0,123273827136	45041,1322534375
286	0,353215115441	0,353289961396	1,371394366244	1,275995920815	0,049560610205	0,123273827136	45041,2259176505
287	0,353121335273	0,35311560058	1,371058674919	1,275341104138	0,049560610205	0,123273827136	45041,3194897222
288	0,352604016464	0,352345622925	1,369039905017	1,272963216098	0,049560610205	0,123273827136	45041,413489375
289	0,352145747626	0,352188225267	1,367928884456	1,271890504257	0,049560610205	0,123273827136	45041,5070002546
290	0,352037658437	0,352124967084	1,367431322606	1,271756821956	0,049560610205	0,123273827136	45041,6005376852
291	0,351936804141	0,35200991724	1,366982259171	1,271377965981	0,049560610205	0,123273827136	45041,6938950347
292	0,352058347198	0,352108116246	1,36600132112	1,271472820007	0,049560610205	0,123273827136	45041,7905788889
293	0,352093922618	0,352176545541	1,367566747689	1,27183513384	0,049560610205	0,123273827136	45041,8840952546
294	0,351983973975	0,352055205801	1,367115332472	1,271308122215	0,049560610205	0,123273827136	45041,9773876852
295	0,351938127202	0,35199961549	1,367034182577	1,271068434251	0,049560610205	0,123273827136	45042,0707892245
296	0,351892697206	0,351933820921	1,366878147749	1,270849332502	0,049560610205	0,123273827136	45042,164321713
297	0,351774624098	0,351820120011	1,366436895307	1,270418327253	0,049560610205	0,123273827136	45042,2578051968
298	0,351621575526	0,351718082297	1,365868276463	1,269944876031	0,049560610205	0,123273827136	45042,3511278935
299	0,35160571337	0,35167932332	1,365852414269	1,269824567597	0,049560610205	0,123273827136	45042,4446421528
300	0,351521542336	0,351554050781	1,365549719634	1,269372186899	0,049560610205	0,123273827136	45042,5380340857
301	0,351411963807	0,351471389693	1,365137888669	1,269090369335	0,049560610205	0,123273827136	45042,6314478704
302	0,351332552974	0,351373193012	1,364839452811	1,268695160073	0,049560610205	0,123273827136	45042,7249110185
303	0,351218640632	0,35141454602	1,364439387615	1,268838120899	0,049560610205	0,123273827136	45042,8182759838
304	0,351287521398	0,351366804354	1,364621201753	1,2687404889	0,049560610205	0,123273827136	45042,9115884838
305	0,351206474314	0,351223437154	1,364342538374	1,268159147198	0,049560610205	0,123273827136	45043,0049463657
306	0,351061360336	0,351182013362	1,363831606332	1,267962108226	0,049560610205	0,123273827136	45043,0983325463
307	0,35102641603	0,351079979039	1,363738249524	1,267618160497	0,049560610205	0,123273827136	45043,1916019097
308	0,350947645319	0,351001198405	1,363447965766	1,267340755437	0,049560610205	0,123273827136	45043,2849055787
309	0,350849977133	0,350859135428	1,363088468593	1,266734355834	0,049560610205	0,123273827136	45043,3782791898
310	0,35069990026	0,350791981744	1,362586386894	1,26651131383	0,049560610205	0,123273827136	45043,4715585417
311	0,35068456075	0,3507661141	1,362530091918	1,266432098998	0,049560610205	0,123273827136	45043,5649319329
312	0,350609547721	0,350745455293	1,362206516432	1,266331932524	0,049560610205	0,123273827136	45043,658181331
313	0,350615512572	0,350727353852	1,36224521892	1,266267582803	0,049560610205	0,123273827136	45043,7514172338
314	0,350598831547	0,35067700141	1,362181996243	1,266170515072	0,049560610205	0,123273827136	45043,8446376968
315	0,35055699148	0,350651181027	1,361972275861	1,266041641076	0,049560610205	0,123273827136	45043,9379549884
316	0,350463864572	0,350492384835	1,361636516915	1,265422448828	0,049560610205	0,123273827136	45044,0311192824
317	0,350381884544	0,350476791602	1,361349577348	1,265372950836	0,049560610205	0,123273827136	45044,1243372801
318	0,350322042145	0,35041992716	1,361107066839	1,265153313809	0,049560610205	0,123273827136	45044,2175280671
319	0,350283240878	0,350346324635	1,360990869851	1,264907998649	0,049560610205	0,123273827136	45044,3107042477
320	0,350159024992	0,350195248446	1,360541191121	1,264212853894	0,049560610205	0,123273827136	45044,4038587731
321	0,350075355287	0,350174522244	1,360331881117	1,264107208621	0,049560610205	0,123273827136	45044,4972140972
322	0,350018650774	0,350208153555	1,360102979024	1,264302772334	0,049560610205	0,123273827136	45044,5904393056
323	0,350095109865	0,350170653236	1,360346751146	1,264283056813	0,049560610205	0,123273827136	45044,6836336111
324	0,350029349374	0,350201697929	1,360057088538	1,264351596469	0,049560610205	0,123273827136	45044,776906956
325	0,350039422145	0,350142283745	1,360038739249	1,264220431153	0,049560610205	0,123273827136	45044,8699778125
326	0,349996957898	0,350058204203	1,359871225878	1,263901864505	0,049560610205	0,123273827136	45044,9631069097
327	0,349845521306	0,349980784801	1,359301170966	1,263566834307	0,049560610205	0,123273827136	45045,0559825347
328	0,349868385273	4,64563E-7	1,359403086631	1,499577E-6	0,049560610205	0,123273827136	45045,1560714815
329	2,41601180031027E-13	0,192824154916	9,07326021882631E-13	0,676549395134	0,050959113985	0,125061169267	45045,3917804167
330	0,357752520054	0,351050340931	1,386973355155	1,267578762152	0,050959113985	0,125061169267	45045,4858057755
331	0,350933066144	0,350959885241	1,363194531088	1,267245410695	0,050959113985	0,125061169267	45045,5790451736
332	0,350853571489	0,350824263264	1,36284933383	1,266760858467	0,050959113985	0,125061169267	45045,6722650116
333	0,350618277775	0,350702861001	1,361911789397	1,266247700795	0,050959113985	0,125061169267	45045,7652385301
334	0,350607744257	0,350640839861	1,361910737586	1,266077555073	0,050959113985	0,125061169267	45045,8584261111
335	0,350509936165	0,350491015976	1,36153112896	1,265496924171	0,050959113985	0,125061169267	45045,9515673495
336	0,350312199248	0,350383790615	1,360821698672	1,265079465662	0,050959113985	0,125061169267	45046,0446335532
337	0,350241075248	0,350314044167	1,360565464848	1,264783131615	0,050959113985	0,125061169267	45046,1377162963
338	0,350144515564	0,350183589704	1,360226404445	1,26429699799	0,050959113985	0,125061169267	45046,2307508681
339	0,35003860236	0,350051841189	1,359873030441	1,263792858165	0,050959113985	0,125061169267	45046,323832662
340	0,34989793212	0,34997692321	1,35944056273	1,263447839195	0,050959113985	0,125061169267	45046,4170355208
341	0,349792159924	0,349846504562	1,359050617543	1,262964282886	0,050959113985	0,125061169267	45046,5101501852
342	0,349697920637	0,349718608737	1,358738952958	1,262521701736	0,050959113985	0,125061169267	45046,6032089583
343	0,349578717296	0,349660461267	1,358312380474	1,262267465495	0,050959113985	0,125061169267	45046,6963274884
344	0,34949178529	0,349602339232	1,357982557416	1,262051803649	0,050959113985	0,125061169267	45046,7894433449
345	0,349466236054	0,349522292947	1,35784908259	1,261859379247	0,050959113985	0,125061169267	45046,8824703588
346	0,349384877131	0,349426775072	1,357567167764	1,261449348249	0,050959113985	0,125061169267	45046,9755217245
347	0,349274591329	0,349346651642	1,357164059063	1,261152749155	0,050959113985	0,125061169267	45047,0685278588
348	0,349191106548	0,349258799095	1,356848632756	1,260815888619	0,050959113985	0,125061169267	45047,1614334722
349	0,349109478638	0,3491851474	1,356553190004	1,260539269516	0,050959113985	0,125061169267	45047,2543101968
350	0,349057505425	0,349064993625	1,356381180195	1,260041107435	0,050959113985	0,125061169267	45047,3472661227
351	0,348916773886	0,348974660427	1,355962734387	1,259664991789	0,050959113985	0,125061169267	45047,4402357986
352	0,348855224701	0,34893328453	1,355717625045	1,259555635124	0,050959113985	0,125061169267	45047,5332028356
353	0,348780514202	0,348871308319	1,355428585286	1,259291583368	0,050959113985	0,125061169267	45047,6261183333
354	0,348718442323	0,348829958912	1,355194864206	1,259132667936	0,050959113985	0,125061169267	45047,7190233218
355	0,348714247938	0,348809320661	1,355188335627	1,259120916057	0,050959113985	0,125061169267	45047,8120201042
356	0,348647623688	0,34870727807	1,354879828612	1,258742043876	0,050959113985	0,125061169267	45047,9048709375
357	0,348561549289	0,348632320671	1,354599994552	1,258429000428	0,050959113985	0,125061169267	45047,9977738426
358	0,348473406456	0,348556115418	1,354292318634	1,25814406515	0,050959113985	0,125061169267	45048,0906139815
359	0,348392764691	0,348470925785	1,354019042663	1,257810117084	0,050959113985	0,125061169267	45048,1834947106
360	0,348331587399	0,348434754908	1,353805132917	1,25770034817	0,050959113985	0,125061169267	45048,2763838657
361	0,348260288419	0,34828873391	1,353509105227	1,257101836797	0,050959113985	0,125061169267	45048,369179456
362	0,348134700038	0,34822934855	1,353149989651	1,256858462239	0,050959113985	0,125061169267	45048,4619268171
363	0,34804981946	0,348093710681	1,352815803008	1,256284956209	0,050959113985	0,125061169267	45048,5546909722
364	0,347913669487	0,347978765107	1,352448240101	1,25583247154	0,050959113985	0,125061169267	45048,6474813889
365	0,347852583612	0,347967099586	1,352218898466	1,25576161448	0,050959113985	0,125061169267	45048,7404044907
366	0,347851760143	0,348000712876	1,352241011925	1,256026148116	0,050959113985	0,125061169267	45048,8333972801
367	0,347828400647	0,347889669591	1,35211347932	1,255617027001	0,050959113985	0,125061169267	45048,9262543403
368	0,347755762017	0,347928410758	1,351733669733	1,255807291253	0,050959113985	0,125061169267	45049,0190271644
369	0,347818343561	0,347906386479	1,351955453363	1,255702036201	0,050959113985	0,125061169267	45049,1119360995
370	0,347722304428	0,347757874025	1,351624528779	1,255137781313	0,050959113985	0,125061169267	45049,2046920486
371	0,347631496583	0,347721762276	1,351301454246	1,255026496726	0,050959113985	0,125061169267	45049,2974884606
372	0,347587108446	0,347664918607	1,351149325613	1,254724223162	0,050959113985	0,125061169267	45049,3903579282
373	0,347475356794	0,347591290648	1,350762334053	1,254417340071	0,050959113985	0,125061169267	45049,4831353935
374	0,347468621902	0,347517705071	1,350768915878	1,254189596768	0,050959113985	0,125061169267	45049,5759357523
375	0,347363291503	0,347487918614	1,35038024409	1,254102201352	0,050959113985	0,125061169267	45049,6687047222
376	0,347309472751	0,347391058159	1,350157788915	1,253694447772	0,050959113985	0,125061169267	45049,7614383333
377	0,347271040273	0,34743365202	1,349992622834	1,253967267387	0,050959113985	0,125061169267	45049,854148206
378	0,347364542882	0,347446620071	1,350332362746	1,254001609626	0,050959113985	0,125061169267	45049,9471445139
379	0,347252388708	4,82577E-7	1,349899468512	1,557955E-6	0,050959113985	0,125061169267	45050,0469016551
380	0	0,190688510712	0	0,669022551263	0,051116965711	0,128634363413	45050,2812601042
381	0,355057617783	0,348377932222	1,377168075202	1,257509255141	0,051116965711	0,128634363413	45050,3748528935
382	0,348261567126	0,348327457706	1,353496085493	1,257372372489	0,051116965711	0,128634363413	45050,4676213079
383	0,348245304939	0,348240941382	1,35334339102	1,25704378028	0,051116965711	0,128634363413	45050,5604856019
384	0,34808973689	0,348104104407	1,352730344682	1,256499332822	0,051116965711	0,128634363413	45050,653255706
385	0,347973940422	0,348016225158	1,352303049674	1,25614589081	0,051116965711	0,128634363413	45050,745981956
386	0,347907519689	0,347945121721	1,352063632585	1,255919716266	0,051116965711	0,128634363413	45050,8387830903
387	0,347836518997	0,34781470519	1,35176940729	1,255358985592	0,051116965711	0,128634363413	45050,931490544
388	0,347662720369	0,347681710736	1,351244796008	1,254855436481	0,051116965711	0,128634363413	45051,024324838
389	0,347493381984	0,347596372322	1,350583104351	1,254537253968	0,051116965711	0,128634363413	45051,1169747569
390	0,347504615751	0,347569334818	1,350656718359	1,254421750279	0,051116965711	0,128634363413	45051,2097930903
391	0,347349275508	0,347425958507	1,350061846736	1,253885157716	0,051116965711	0,128634363413	45051,3023539699
392	0,347256659018	0,347295473949	1,349750944415	1,25333768505	0,051116965711	0,128634363413	45051,3948859722
393	0,347198888404	0,347291627194	1,349584416588	1,253368852356	0,051116965711	0,128634363413	45051,4875648727
394	0,34713433644	0,347329038713	1,349310321773	1,253539880061	0,051116965711	0,128634363413	45051,5801843171
395	0,347181956219	0,347121097239	1,349468603071	1,252684956526	0,051116965711	0,128634363413	45051,6727496875
396	0,346992629862	0,34688735255	1,348756463829	1,251410128218	0,051116965711	0,128634363413	45051,7653761111
397	0,346719176701	0,346973922701	1,348032333241	1,252059192116	0,051116965711	0,128634363413	45051,8580367477
398	0,346843811294	0,346813757225	1,348529580997	1,251175172447	0,051116965711	0,128634363413	45051,9507805903
399	0,34666778321	0,346831789367	1,347729933651	1,251423762508	0,051116965711	0,128634363413	45052,0435039468
400	0,346706705905	0,346665180767	1,348104289451	1,250606641866	0,051116965711	0,128634363413	45052,1363360185
401	0,346484725352	0,346661292681	1,347075327628	1,250887290602	0,051116965711	0,128634363413	45052,2289634144
402	0,346478560885	0,346402980966	1,347214762165	1,249549843219	0,051116965711	0,128634363413	45052,321582338
403	0,346238619529	0,346499839727	1,346378899855	1,250118826116	0,051116965711	0,128634363413	45052,4142507639
404	0,346396468961	0,346378436194	1,346850132883	1,249593818291	0,051116965711	0,128634363413	45052,5069551042
405	0,346191938822	0,346179525098	1,346094855101	1,24890204851	0,051116965711	0,128634363413	45052,5995472107
406	0,346040115368	0,346370725304	1,34557260418	1,249744777708	0,051116965711	0,128634363413	45052,692158831
407	0,34623587996	0,346094247088	1,346221086609	1,248599394421	0,051116965711	0,128634363413	45052,7847790162
408	0,345954753949	0,346114899961	1,34521888807	1,248589905443	0,051116965711	0,128634363413	45052,8773011111
409	0,345909935884	0,34597412044	1,345034266897	1,24803154143	0,051116965711	0,128634363413	45052,9695920949
410	0,345855342468	0,345971570699	1,344850096499	1,247934137514	0,051116965711	0,128634363413	45053,0622036921
411	0,345810960637	0,346067164866	1,344670907002	1,248476429496	0,051116965711	0,128634363413	45053,154727581
412	0,34589611635	0,345859220639	1,345015333473	1,247781520271	0,051116965711	0,128634363413	45053,2473407176
413	0,345752264889	0,34576230699	1,344660217663	1,247421314325	0,051116965711	0,128634363413	45053,3399878704
414	0,345582442169	0,345790665458	1,344112993662	1,247251619881	0,051116965711	0,128634363413	45053,4325766667
415	0,345667864214	0,345619004854	1,344199689078	1,246902172551	0,051116965711	0,128634363413	45053,5251426505
416	0,345487479688	0,345544010151	1,343638820009	1,246444100793	0,051116965711	0,128634363413	45053,6175283565
417	0,345423853775	0,34559053406	1,34330567648	1,246471239873	0,051116965711	0,128634363413	45053,7101009028
418	0,345428423157	0,34559051414	1,343256718696	1,246562685765	0,051116965711	0,128634363413	45053,8025697917
419	0,345438539649	0,345491065796	1,343239864409	1,246133466609	0,051116965711	0,128634363413	45053,8949520023
420	0,345353020118	0,345329566216	1,342982038271	1,245385333479	0,051116965711	0,128634363413	45053,98750125
421	0,345162412885	0,345296044052	1,342420595972	1,245347685447	0,051116965711	0,128634363413	45054,0798892361
422	0,34517730516	0,345192676262	1,342441940544	1,245049137869	0,051116965711	0,128634363413	45054,17227375
423	0,345069709572	0,345146182657	1,342064346115	1,244795774272	0,051116965711	0,128634363413	45054,2648499074
424	0,345010511113	0,345006687221	1,341952982729	1,244271358729	0,051116965711	0,128634363413	45054,357322662
425	0,344816506174	0,344987370572	1,341217457262	1,244092384875	0,051116965711	0,128634363413	45054,4497674537
426	0,344865476352	0,345129379505	1,341308735575	1,244811799369	0,051116965711	0,128634363413	45054,5422471991
427	0,330281869264		1,279892018736		0,051116965711	0,128634363413	45054,5818684606
