TesterID:	Maccor#2						
Channel Number:	46						
TestName:	KAI_Zelltest_regulaer_fix_no_degass_flag.000						
TestDesc:	Regular cycling: formation, followed by pulse, C-rate quick charge and cycling t						
StartDateTime:	45007,4471176042						
Comment:							
							
							
Cycle	AH-IN	AH-OUT	WH-IN	WH-OUT	ACR	DCIR	Date
0		1,29496E-7		3,4683E-8	0	0	45007,6139026157
1	0,510248474212	0,435981908471	1,900689602654	1,598081117115	0	0	45008,0448645255
2	0,439269451985	0,436609399449	1,650753507287	1,600955786744	0	0	45008,4511884259
3	0,451955520673	1,56835E-7	1,702772145056	5,04956E-7	0	0	45008,9308309259
4	6,35792579029017E-14	1,88405E-7	2,38705260524806E-13	6,13029E-7	0,048144832253	0,129556208849	45009,2292572801
5	0,442235248385	0,440252631045	1,674923635774	1,615366104012	0,048144832253	0,129556208849	45009,4894561458
6	0,440624064889	0,439001734169	1,668450640931	1,610977353322	0,048144832253	0,129556208849	45009,755317037
7	0,439404286546	0,438074405056	1,66352197897	1,60773504511	0,048144832253	0,129556208849	45010,020337037
8	0,438397404447	0,415453970251	1,659451237876	1,497867429168	0,048144832253	0,129556208849	45010,2042426852
9	0,415860902414	0,414194583202	1,581125184328	1,493641011439	0,048144832253	0,129556208849	45010,3815511806
10	0,414673327898	0,413351218758	1,576587651938	1,490893235924	0,048144832253	0,129556208849	45010,5584485417
11	0,413735676705	0,348809821367	1,572970427585	1,228646292254	0,048144832253	0,129556208849	45010,7135887269
12	0,349170235229	0,348990597119	1,343845646001	1,230161619229	0,048144832253	0,129556208849	45010,8509506019
13	0,349336344603	0,347815230268	1,344153477724	1,226315628628	0,048144832253	0,129556208849	45010,9882218056
14	0,348134224954	0,429902644498	1,33959532561	1,578945465845	0,048144832253	0,129556208849	45011,2667131829
15	0,430117322409	0,430398944391	1,627676737276	1,580748437189	0,048144832253	0,129556208849	45011,5259177662
16	0,430637383581	1,20588E-7	1,629338100725	3,83713E-7	0,048144832253	0,129556208849	45011,792334838
17	0,376374110376	0,376843496146	1,43224160642	1,36360675777	0,048144832253	0,129556208849	45011,9344804745
18	0,376062838625	0,376189691575	1,430640865922	1,361064059828	0,048144832253	0,129556208849	45012,0833059028
19	0,375769698824	0,37577544749	1,429257998254	1,359504050527	0,048144832253	0,129556208849	45012,231992037
20	0,349321298484	0,340352938854	1,357017510787	1,223521071134	0,048144832253	0,129556208849	45012,3531245949
21	0,33952004493	0,32974100301	1,318420989912	1,186044831311	0,048144832253	0,129556208849	45012,4709645833
22	0,329246040597	1,21231E-7	1,278783516852	3,70412E-7	0,048144832253	0,129556208849	45012,5930029745
23	1,84379847918415E-13	0,230243834912	6,90308627542602E-13	0,807832869519	0,044848531485	0,115877486765	45012,8576980208
24	0,40318777543	0,395507209041	1,554985167554	1,428149431824	0,044848531485	0,115877486765	45012,9623148611
25	0,39564937287	0,394520406403	1,528773820452	1,424744482307	0,044848531485	0,115877486765	45013,0655768287
26	0,394676988217	0,393746664428	1,525064053241	1,422087637009	0,044848531485	0,115877486765	45013,1685574537
27	0,393854473922	0,39303890331	1,521922278618	1,419627749032	0,044848531485	0,115877486765	45013,2712187731
28	0,393150678959	0,392422729596	1,519240910075	1,417502204452	0,044848531485	0,115877486765	45013,3737110069
29	0,392584854847	0,391867294632	1,517111568966	1,415555146129	0,044848531485	0,115877486765	45013,4761998727
30	0,391957952898	0,391330036126	1,514721080345	1,413688351007	0,044848531485	0,115877486765	45013,5784840741
31	0,391417477195	0,390774564711	1,512679051776	1,411715347717	0,044848531485	0,115877486765	45013,6805785069
32	0,390851282611	0,390254103849	1,510523933238	1,409874274961	0,044848531485	0,115877486765	45013,7824876505
33	0,390335828989	0,389776155254	1,508585356754	1,408175964949	0,044848531485	0,115877486765	45013,8842805556
34	0,389876637786	0,38929953886	1,506871154126	1,406487764111	0,044848531485	0,115877486765	45013,9860586574
35	0,38937723525	0,388859078928	1,50498289123	1,404917386745	0,044848531485	0,115877486765	45014,0876639005
36	0,388935983659	0,38840179614	1,503313100075	1,403306386581	0,044848531485	0,115877486765	45014,1891273611
37	0,388470598241	0,387988531599	1,501549686717	1,401858101484	0,044848531485	0,115877486765	45014,2905228935
38	0,388070654663	0,387568802321	1,500060576068	1,400350790046	0,044848531485	0,115877486765	45014,3918251273
39	0,387621085117	0,387142496828	1,498345555787	1,398852093313	0,044848531485	0,115877486765	45014,4929866204
40	0,387213791224	0,386734345122	1,496814600526	1,397382350965	0,044848531485	0,115877486765	45014,594006088
41	0,386824694008	0,386397240479	1,495352251755	1,396212581259	0,044848531485	0,115877486765	45014,6950659259
42	0,386446050727	0,385977458856	1,493923780353	1,394690779019	0,044848531485	0,115877486765	45014,7959729282
43	0,386049806259	0,385629995031	1,492429248174	1,393453873549	0,044848531485	0,115877486765	45014,8967484606
44	0,385666117512	0,385267103279	1,490984399976	1,392154157256	0,044848531485	0,115877486765	45014,9973844792
45	0,385313804976	0,384929919799	1,489658466382	1,390955162375	0,044848531485	0,115877486765	45015,097967581
46	0,384974201207	0,384597952786	1,48836479229	1,389785648675	0,044848531485	0,115877486765	45015,1985404861
47	0,384647421406	0,384276383099	1,487126001709	1,388642628145	0,044848531485	0,115877486765	45015,2988945949
48	0,384317071968	0,383957335178	1,485878094713	1,387506737549	0,044848531485	0,115877486765	45015,3991928588
49	0,384018723366	0,38368089638	1,484757237093	1,386537245333	0,044848531485	0,115877486765	45015,4994983912
50	0,383710246438	0,383348978322	1,483567606302	1,385345666373	0,044848531485	0,115877486765	45015,5995972106
51	0,383394853568	0,383040252069	1,482381329037	1,384254108133	0,044848531485	0,115877486765	45015,6996243056
52	0,383085556414	0,382753535474	1,481225209005	1,383234065927	0,044848531485	0,115877486765	45015,7995840162
53	0,382828421982	0,382462913203	1,48028145161	1,382197801341	0,044848531485	0,115877486765	45015,8996459838
54	0,382492065537	0,382180020897	1,478987877986	1,381221045046	0,044848531485	0,115877486765	45015,9995931018
55	0,382210090898	0,381857115199	1,477945285498	1,380052751765	0,044848531485	0,115877486765	45016,0994201852
56	0,381880086012	0,381588466344	1,476686502502	1,379069762976	0,044848531485	0,115877486765	45016,1990873495
57	0,381651517346	0,381359867762	1,475798859577	1,378284479085	0,044848531485	0,115877486765	45016,2987822801
58	0,381358456338	0,381062815507	1,474686189931	1,377220658731	0,044848531485	0,115877486765	45016,3983175926
59	0,381087900334	0,380817326882	1,473663254576	1,376370623305	0,044848531485	0,115877486765	45016,4977572917
60	0,38083144043	0,380556471783	1,472710939536	1,37546010742	0,044848531485	0,115877486765	45016,5972167824
61	0,380593571974	0,380327828479	1,471803601332	1,374641957565	0,044848531485	0,115877486765	45016,6965958218
62	0,380347472297	0,380078474235	1,470876204344	1,373748202136	0,044848531485	0,115877486765	45016,79590625
63	0,380059815843	0,379782753118	1,469765799037	1,372669762774	0,044848531485	0,115877486765	45016,8949215394
64	0,379872023344	0,379629067856	1,469056699614	1,372163635064	0,044848531485	0,115877486765	45016,9941405556
65	0,3796367718	0,379387451629	1,468168752378	1,371294042135	0,044848531485	0,115877486765	45017,0932671412
66	0,379422309829	0,379166692153	1,467361706834	1,370526835443	0,044848531485	0,115877486765	45017,1923902894
67	0,379187211147	0,378944513377	1,466465104501	1,369732313447	0,044848531485	0,115877486765	45017,2914372454
68	0,378950201035	0,378704241216	1,465558110323	1,368873676347	0,044848531485	0,115877486765	45017,3904009375
69	0,378732425033	0,378500156674	1,464740702174	1,368139581224	0,044848531485	0,115877486765	45017,4893331944
70	0,378527601517	0,378305159515	1,463929585335	1,367426861548	0,044848531485	0,115877486765	45017,5880740741
71	0,378325517255	0,378099705262	1,463134570305	1,366696863922	0,044848531485	0,115877486765	45017,686769919
72	0,378116226596	0,377885314097	1,462361326392	1,365930000852	0,044848531485	0,115877486765	45017,7854183796
73	0,377915992129	1,49841E-7	1,461612152544	4,82579E-7	0,044848531485	0,115877486765	45017,8910217361
74	5,08634063223214E-13	0,215231523351	1,90524048058045E-12	0,755226653341	0,044082734734	0,111330658197	45018,1424510648
75	0,385053292872	0,378361942362	1,486119429644	1,367708301477	0,044082734734	0,111330658197	45018,2420581597
76	0,378374331281	0,377942173451	1,463086069226	1,366228301323	0,044082734734	0,111330658197	45018,3407418171
77	0,37793402316	0,377584406187	1,461414734616	1,364961832479	0,044082734734	0,111330658197	45018,4392711227
78	0,377609688405	0,377305384588	1,460211741968	1,36398088398	0,044082734734	0,111330658197	45018,5377536806
79	0,377329257562	0,377056082264	1,459156694918	1,363080997666	0,044082734734	0,111330658197	45018,6361901736
80	0,377039595325	0,376775888898	1,45806528704	1,36206392575	0,044082734734	0,111330658197	45018,73444
81	0,376808701473	0,376565279005	1,457217001368	1,361315750264	0,044082734734	0,111330658197	45018,8327660648
82	0,376538237768	0,376309509402	1,456192798725	1,360384576592	0,044082734734	0,111330658197	45018,9308810648
83	0,37631871456	0,376091200908	1,455382466137	1,359601958926	0,044082734734	0,111330658197	45019,0289625
84	0,376069977209	0,375863905909	1,454415837979	1,358790269278	0,044082734734	0,111330658197	45019,1269022917
85	0,375889599643	0,375674107201	1,453756764068	1,358117681096	0,044082734734	0,111330658197	45019,2248837847
86	0,375703289854	0,375502255434	1,453054559897	1,357529077332	0,044082734734	0,111330658197	45019,3229079167
87	0,37546765035	0,375277439603	1,45216572134	1,3567088731	0,044082734734	0,111330658197	45019,4207407639
88	0,375325785357	0,375121234267	1,451656245107	1,356158656347	0,044082734734	0,111330658197	45019,5187290394
89	0,375086555672	0,374923616158	1,450748377703	1,355437307559	0,044082734734	0,111330658197	45019,6165054861
90	0,374939077826	0,374738939184	1,450178769419	1,354790578694	0,044082734734	0,111330658197	45019,7142870486
91	0,37474054418	0,374554241441	1,449457632827	1,354117550528	0,044082734734	0,111330658197	45019,8120254977
92	0,374556168998	0,374385016134	1,448759914956	1,353518663912	0,044082734734	0,111330658197	45019,9097301273
93	0,374372991655	0,374199019043	1,448072372005	1,352843605804	0,044082734734	0,111330658197	45020,0073401273
94	0,374208023509	0,374024616899	1,4474512734	1,35222148317	0,044082734734	0,111330658197	45020,1049200347
95	0,373999687771	0,3738050578	1,446687530885	1,351415943686	0,044082734734	0,111330658197	45020,202389375
96	0,373840707803	0,373659104833	1,446117786419	1,350884743425	0,044082734734	0,111330658197	45020,2999569792
97	0,373643558478	0,373510508028	1,445060756995	1,350349113837	0,044082734734	0,111330658197	45020,3989580556
98	0,373534958587	0,373363319077	1,444978816526	1,349862425186	0,044082734734	0,111330658197	45020,4964989931
99	0,373336515992	0,37318636635	1,444218714586	1,349264674854	0,044082734734	0,111330658197	45020,5938798264
100	0,373162293972	0,372955109516	1,443533133965	1,348336041353	0,044082734734	0,111330658197	45020,6911815394
101	0,372981761597	0,372842754584	1,442923455298	1,347967435188	0,044082734734	0,111330658197	45020,7885328356
102	0,372828229566	0,372668434033	1,442308974155	1,347339813816	0,044082734734	0,111330658197	45020,8857581713
103	0,372649826925	0,372494055205	1,441636061305	1,346706896067	0,044082734734	0,111330658197	45020,9829072917
104	0,372508798427	0,372351955351	1,441104647407	1,346197218143	0,044082734734	0,111330658197	45021,0800854167
105	0,372346477651	0,372202154355	1,440493324886	1,345650715599	0,044082734734	0,111330658197	45021,1772220255
106	0,372201884733	0,372052358445	1,439923348221	1,345136749944	0,044082734734	0,111330658197	45021,2743661227
107	0,372028855272	0,371879234245	1,439278248898	1,344517463609	0,044082734734	0,111330658197	45021,3714170139
108	0,371899824182	0,371731995068	1,438804031488	1,343986664955	0,044082734734	0,111330658197	45021,4685023495
109	0,37171692796	0,371582093617	1,438113466786	1,343440787077	0,044082734734	0,111330658197	45021,5654487847
110	0,371583564472	0,371433583279	1,437622984965	1,342908825086	0,044082734734	0,111330658197	45021,6624009259
111	0,369882248424	0,369788068164	1,430546453652	1,33638615151	0,044082734734	0,111330658197	45021,7545872454
112	0,371324825749	0,371157179027	1,436653389518	1,3418984629	0,044082734734	0,111330658197	45021,8514684144
113	0,3711460956	0,371017721527	1,435986867689	1,34139942034	0,044082734734	0,111330658197	45021,9482776505
114	0,371005433651	0,370854966893	1,435443461619	1,340806646204	0,044082734734	0,111330658197	45022,0450348958
115	0,370856847985	0,370719340256	1,434893645546	1,340312093148	0,044082734734	0,111330658197	45022,1417587037
116	0,370703726752	0,370581133996	1,434291597529	1,33983517293	0,044082734734	0,111330658197	45022,2384354977
117	0,370584992401	0,37046743754	1,433854247253	1,339449417175	0,044082734734	0,111330658197	45022,3351541088
118	0,370451067994	0,370317611326	1,433330005202	1,338927510035	0,044082734734	0,111330658197	45022,4317844907
119	0,370330288863	0,370184570247	1,432897843137	1,338448824093	0,044082734734	0,111330658197	45022,5284340741
120	0,370162710297	0,370025681867	1,432275274374	1,337846268315	0,044082734734	0,111330658197	45022,6249806134
121	0,370047012195	0,369917215442	1,431861601056	1,337469326795	0,044082734734	0,111330658197	45022,7216126157
122	0,369900619637	0,369771337708	1,431302945124	1,33693141911	0,044082734734	0,111330658197	45022,818159213
123	0,369761992394	0,369639510143	1,430781645129	1,336450784452	0,044082734734	0,111330658197	45022,9146576736
124	0,369631363239	1,31191E-7	1,430293325938	4,20889E-7	0,044082734734	0,111330658197	45023,0181812384
125	5,72213321126116E-14	0,207432680145	2,14472671772251E-13	0,727950129178	0,047126304358	0,114835448563	45025,4705579514
126	0,375717976522	0,370334439059	1,451531812062	1,339240121931	0,047126304358	0,114835448563	45025,5678782639
127	0,370376625468	0,370063106311	1,432641716639	1,338360990819	0,047126304358	0,114835448563	45025,6643514352
128	0,370084823281	0,369812571186	1,431440168342	1,337494450199	0,047126304358	0,114835448563	45025,7606872569
129	0,369855341679	0,369589187371	1,430561700432	1,336675918058	0,047126304358	0,114835448563	45025,8570004398
130	0,369602767146	0,369381148836	1,429606140993	1,33592650981	0,047126304358	0,114835448563	45025,9532731597
131	0,369378206385	0,369175863067	1,428764155183	1,335183052866	0,047126304358	0,114835448563	45026,0495017245
132	0,36915359777	0,36896788027	1,427930028522	1,334414259452	0,047126304358	0,114835448563	45026,1456188773
133	0,368981983637	0,368803826712	1,427309647379	1,333809528189	0,047126304358	0,114835448563	45026,2417623495
134	0,368774278489	0,368598362921	1,426534292893	1,333056510568	0,047126304358	0,114835448563	45026,3377941782
135	0,368601463196	0,368440870108	1,425918379951	1,332469254114	0,047126304358	0,114835448563	45026,4338308565
136	0,368436699772	0,368274245616	1,425292804162	1,331840720887	0,047126304358	0,114835448563	45026,5298002431
137	0,368287354932	0,368148946581	1,424764404107	1,331434319874	0,047126304358	0,114835448563	45026,6258181944
138	0,368123446026	0,367960414373	1,42413620878	1,330693920466	0,047126304358	0,114835448563	45026,7216688542
139	0,367973195838	0,367829960967	1,423619822114	1,330207398157	0,047126304358	0,114835448563	45026,8175815741
140	0,36781764578	0,367665872652	1,42307498889	1,329586575531	0,047126304358	0,114835448563	45026,9134884375
141	0,367639710243	0,367488941963	1,422422213991	1,328916648127	0,047126304358	0,114835448563	45027,0093066088
142	0,367472011184	0,367353357501	1,421821165781	1,328403127809	0,047126304358	0,114835448563	45027,1050574421
143	0,367371174848	0,367242242362	1,421453602456	1,327988175695	0,047126304358	0,114835448563	45027,2008543287
144	0,3672299537	0,367104008553	1,420935266514	1,327466951903	0,047126304358	0,114835448563	45027,2965761111
145	0,367075436085	0,366947744514	1,420374475639	1,326873786778	0,047126304358	0,114835448563	45027,3922198611
146	0,366952124322	0,366821126847	1,419932476887	1,326439075952	0,047126304358	0,114835448563	45027,4879424306
147	0,366779809561	0,366662270467	1,419338095953	1,325847834162	0,047126304358	0,114835448563	45027,583584456
148	0,366644873502	0,366527983657	1,418847992179	1,325343387404	0,047126304358	0,114835448563	45027,6791883681
149	0,366509862907	0,36639104093	1,418360436613	1,324852373893	0,047126304358	0,114835448563	45027,7747752778
150	0,36637509449	0,366255409844	1,417875377234	1,32434321828	0,047126304358	0,114835448563	45027,8703343634
151	0,366262398119	0,366145638136	1,417478248002	1,323918242709	0,047126304358	0,114835448563	45027,9659439699
152	0,366109692026	0,365995796447	1,416918926969	1,323366789841	0,047126304358	0,114835448563	45028,0614955324
153	0,365999172447	0,365891252438	1,416521431789	1,322996112549	0,047126304358	0,114835448563	45028,1570400463
154	0,365854934774	0,365764629898	1,415982459289	1,322514223404	0,047126304358	0,114835448563	45028,2524698032
155	0,365738496713	0,365636741703	1,415523706393	1,3220433196	0,047126304358	0,114835448563	45028,3478044792
156	0,365651268684	0,365561815032	1,415229579045	1,321778001296	0,047126304358	0,114835448563	45028,4432749421
157	0,365543618605	0,365448167107	1,414839170789	1,32136134508	0,047126304358	0,114835448563	45028,538722419
158	0,365413429243	0,365324181623	1,414338110427	1,320908627594	0,047126304358	0,114835448563	45028,6340393519
159	0,365335068214	0,365242817763	1,414070438517	1,320606329117	0,047126304358	0,114835448563	45028,7294197454
160	0,365222185379	0,365120093051	1,413650795424	1,32013981327	0,047126304358	0,114835448563	45028,8247602083
161	0,365083029645	0,364989659356	1,413140302756	1,319643709854	0,047126304358	0,114835448563	45028,9200149421
162	0,364992835087	0,364899244353	1,412821005742	1,3193135089	0,047126304358	0,114835448563	45029,0153654514
163	0,364881095097	0,364776499723	1,412418944557	1,318867515583	0,047126304358	0,114835448563	45029,1107105093
164	0,364730300196	0,364639585609	1,411859002286	1,318365356501	0,047126304358	0,114835448563	45029,2059241898
165	0,364629492123	0,364515579774	1,411496546967	1,317929903613	0,047126304358	0,114835448563	45029,3011493518
166	0,364486297091	0,364407067995	1,410995436234	1,317534716593	0,047126304358	0,114835448563	45029,3963125579
167	0,364394022896	0,364302449599	1,410637429823	1,31715803507	0,047126304358	0,114835448563	45029,4914503125
168	0,36433611625	0,364244358502	1,410441669016	1,316932879223	0,047126304358	0,114835448563	45029,5867326042
169	0,364211276962	0,364138457924	1,409983103932	1,316537747366	0,047126304358	0,114835448563	45029,6819059375
170	0,364122156905	0,364029890195	1,409621002491	1,31617321556	0,047126304358	0,114835448563	45029,7769448958
171	0,364047058834	0,363951107442	1,409378350937	1,315883564477	0,047126304358	0,114835448563	45029,8721371759
172	0,363913881939	0,363834983318	1,408894355349	1,315425973057	0,047126304358	0,114835448563	45029,9672312963
173	0,36381934717	0,363740653316	1,408541156287	1,315081055089	0,047126304358	0,114835448563	45030,0623157755
174	0,363723265173	0,363632126492	1,408196959819	1,314683588077	0,047126304358	0,114835448563	45030,1573950926
175	0,363590180089	1,23986E-7	1,407688596314	3,9699E-7	0,047126304358	0,114835448563	45030,2593207176
176	5,21349914803794E-13	0,203027989518	1,95451476926418E-12	0,712434223721	0,048651117831	0,117241896689	45030,5022012963
177	0,369972788149	0,364275346819	1,429871797561	1,316982785279	0,048651117831	0,117241896689	45030,5981329398
178	0,3642672616	0,363983460383	1,410151692255	1,315974036814	0,048651117831	0,117241896689	45030,6933607755
179	0,363961593914	0,36377547589	1,408987253564	1,315216957656	0,048651117831	0,117241896689	45030,78844125
180	0,363757436935	0,363590776448	1,408219946601	1,314545622013	0,048651117831	0,117241896689	45030,8834665162
181	0,363584864932	0,363440943028	1,407604501886	1,313982637461	0,048651117831	0,117241896689	45030,9785081366
182	0,363417585529	0,363294972257	1,406990002807	1,313447176182	0,048651117831	0,117241896689	45031,0735355787
183	0,363274686533	0,363170965152	1,406471060245	1,312975960884	0,048651117831	0,117241896689	45031,1684978935
184	0,363147749573	0,363044440311	1,4060071284	1,312496715673	0,048651117831	0,117241896689	45031,2634284375
185	0,363003965406	0,362903651675	1,405476991402	1,311969924027	0,048651117831	0,117241896689	45031,3582917593
186	0,362869811745	0,36279128445	1,404989256845	1,311582885209	0,048651117831	0,117241896689	45031,4530497917
187	0,3627808873	0,362699584934	1,404634516901	1,311278885774	0,048651117831	0,117241896689	45031,5478126968
188	0,362692749146	0,362615593345	1,404335423951	1,310965518559	0,048651117831	0,117241896689	45031,6426708565
189	0,362573366673	0,362474837769	1,403894381823	1,310431752102	0,048651117831	0,117241896689	45031,7374276389
190	0,362467697728	0,36241276894	1,403523623498	1,310204252561	0,048651117831	0,117241896689	45031,8322103009
191	0,362383033967	0,362301699158	1,403197698989	1,309768211475	0,048651117831	0,117241896689	45031,9269516204
192	0,362271526653	0,362206169415	1,402793715127	1,309425503158	0,048651117831	0,117241896689	45032,0216581019
193	0,362187928006	0,362115720505	1,402441963453	1,309102171113	0,048651117831	0,117241896689	45032,1163436574
194	0,362088176411	0,362013714366	1,402148029851	1,308709645251	0,048651117831	0,117241896689	45032,2110622801
195	0,362034433656	0,361974877187	1,401958910677	1,308652549858	0,048651117831	0,117241896689	45032,3058935764
196	0,361887402421	0,361791562082	1,401378164801	1,307866766144	0,048651117831	0,117241896689	45032,4004960532
197	0,361770743532	0,36172562255	1,400967830518	1,307656815958	0,048651117831	0,117241896689	45032,4950883912
198	0,361725057774	0,36164683026	1,400793988205	1,307374083393	0,048651117831	0,117241896689	45032,5897283102
199	0,361605303599	0,361533204802	1,400331137374	1,306954572777	0,048651117831	0,117241896689	45032,6842355787
200	0,361510104465	0,36145442671	1,400004388182	1,306673084443	0,048651117831	0,117241896689	45032,7787499653
201	0,361449419914	0,361418205608	1,399774473963	1,306633961196	0,048651117831	0,117241896689	45032,8732934606
202	0,361415076771	0,361321387325	1,399632939643	1,306220482432	0,048651117831	0,117241896689	45032,9678318171
203	0,3612753781	0,361232210212	1,39910950523	1,30585287706	0,048651117831	0,117241896689	45033,0622478356
204	0,361172684665	0,361121161409	1,398701945043	1,305493447248	0,048651117831	0,117241896689	45033,1566456829
205	0,361135368815	0,36105143658	1,398617557552	1,305189150526	0,048651117831	0,117241896689	45033,2510508912
206	0,361016810604	0,360970015921	1,398094996158	1,304945922704	0,048651117831	0,117241896689	45033,3454864699
207	0,360960924687	0,360869223938	1,398003136859	1,304508440197	0,048651117831	0,117241896689	45033,4400553009
208	0,360829667824	0,360799563747	1,397508935584	1,304353100575	0,048651117831	0,117241896689	45033,5344874884
209	0,360766929145	0,360683305048	1,397254236318	1,303823175827	0,048651117831	0,117241896689	45033,628900162
210	0,360655092758	0,360604551754	1,396879477394	1,303547327052	0,048651117831	0,117241896689	45033,723313125
211	0,360591988897	0,36058381771	1,396641351967	1,303579778532	0,048651117831	0,117241896689	45033,8177378356
212	0,360565354571	0,360528273175	1,396462847949	1,30333404876	0,048651117831	0,117241896689	45033,9121015625
213	0,36049260583	0,360396485241	1,396215318746	1,302827247622	0,048651117831	0,117241896689	45034,0064911921
214	0,360361948344	0,360302280068	1,395722928612	1,302486858796	0,048651117831	0,117241896689	45034,1008308565
215	0,360315437563	0,360273822838	1,395586960501	1,302369052807	0,048651117831	0,117241896689	45034,1952590162
216	0,360187358303	0,360121405555	1,395118127579	1,30179823418	0,048651117831	0,117241896689	45034,2894958796
217	0,360100808574	0,360023237274	1,394786652767	1,301379728297	0,048651117831	0,117241896689	45034,3838034954
218	0,360003928785	0,359979323717	1,394519476823	1,301262977036	0,048651117831	0,117241896689	45034,4781504514
219	0,359946922757	0,359969016884	1,394181595127	1,301268307853	0,048651117831	0,117241896689	45034,5723397222
220	0,359961717981	0,359965069035	1,394142706922	1,301519572524	0,048651117831	0,117241896689	45034,6665830556
221	0,359915793901	0,359755882891	1,394028061579	1,300450794976	0,048651117831	0,117241896689	45034,7607881713
222	0,359762628925	0,35974426781	1,393502952396	1,300510797287	0,048651117831	0,117241896689	45034,8550401389
223	0,359701570966	0,359657753605	1,393278812337	1,30015724171	0,048651117831	0,117241896689	45034,9491639815
224	0,359633237106	0,359540213148	1,393028617966	1,29974680403	0,048651117831	0,117241896689	45035,043384838
225	0,359483819154	0,359465305764	1,392491621399	1,299476509649	0,048651117831	0,117241896689	45035,137546713
226	0,359448093621	1,83326E-7	1,392396865111	5,86422E-7	0,048651117831	0,117241896689	45035,2386381134
227	3,4968591846596E-13	0,19963894065	1,31142369695366E-12	0,700527644951	0,047870289534	0,119271062315	45035,479177581
228	0,365617309013	0,36010077345	1,413795929229	1,301781226337	0,047870289534	0,119271062315	45035,5740972222
229	0,360089566963	0,359839773391	1,39471466608	1,300855229475	0,047870289534	0,119271062315	45035,6683890509
230	0,359818298982	0,35963703355	1,393681077717	1,300125368269	0,047870289534	0,119271062315	45035,762624456
231	0,359628761563	0,359544017309	1,392939437058	1,299812251359	0,047870289534	0,119271062315	45035,8567319676
232	0,359518863888	0,359382598475	1,39249841502	1,299180000874	0,047870289534	0,119271062315	45035,9508015046
233	0,359350172916	0,359223746969	1,391893861803	1,298615905899	0,047870289534	0,119271062315	45036,0449444329
234	0,359169572215	0,35911780761	1,391239807663	1,298254180304	0,047870289534	0,119271062315	45036,1389451273
235	0,359086393297	0,358991290184	1,390968548377	1,297688758248	0,047870289534	0,119271062315	45036,2329317477
236	0,359000264956	0,358956381992	1,390631464567	1,297670454831	0,047870289534	0,119271062315	45036,3270209491
237	0,358918515011	0,358845262828	1,390379124358	1,297229650795	0,047870289534	0,119271062315	45036,4210643056
238	0,358822448807	0,358766498723	1,389998085093	1,296908527327	0,047870289534	0,119271062315	45036,5150804398
239	0,358706666432	0,358661855954	1,389506503364	1,296593103739	0,047870289534	0,119271062315	45036,6090088773
240	0,358665582742	0,358607602079	1,389376325631	1,296384378365	0,047870289534	0,119271062315	45036,7029496759
241	0,358547922839	0,358523675976	1,38895728308	1,296073407277	0,047870289534	0,119271062315	45036,7967495255
242	0,358522595844	0,358481014507	1,388827593939	1,295985961089	0,047870289534	0,119271062315	45036,8905800579
243	0,358450475838	0,358359652724	1,388564407223	1,295505948709	0,047870289534	0,119271062315	45036,9844321065
244	0,358330175215	0,358296319305	1,388138193948	1,295261169284	0,047870289534	0,119271062315	45037,078258831
245	0,358271365591	0,35825630888	1,387892664421	1,295112704806	0,047870289534	0,119271062315	45037,1720847801
246	0,358244648132	0,358196858459	1,38781397638	1,294909855004	0,047870289534	0,119271062315	45037,2659335417
247	0,358137653711	0,358059965957	1,387400142194	1,294348512121	0,047870289534	0,119271062315	45037,3596821181
248	0,358010116964	0,357977315255	1,386984367258	1,294028714556	0,047870289534	0,119271062315	45037,4533898148
249	0,357966227485	0,357938590826	1,386799823752	1,293924666567	0,047870289534	0,119271062315	45037,5470761343
250	0,35797136587	0,357970854329	1,386809512827	1,294057631775	0,047870289534	0,119271062315	45037,6409306019
251	0,357946916735	0,357907539562	1,386719952939	1,293848058535	0,047870289534	0,119271062315	45037,7346862732
252	0,357872315142	0,357877873906	1,386399126191	1,293767802369	0,047870289534	0,119271062315	45037,8283609607
253	0,357869210037	0,357827473567	1,386353280502	1,293616168926	0,047870289534	0,119271062315	45037,9220609722
254	0,357804481678	0,357760301024	1,386134178021	1,293361413073	0,047870289534	0,119271062315	45038,0157411227
255	0,357731487023	0,357738341804	1,38586911004	1,293259586112	0,047870289534	0,119271062315	45038,1094575926
256	0,357711919301	0,357646608383	1,385803485219	1,292923275227	0,047870289534	0,119271062315	45038,2031849884
257	0,357608663759	0,35756012851	1,385413387909	1,292573881531	0,047870289534	0,119271062315	45038,2967700694
258	0,357528613016	0,357513633847	1,385144126571	1,292343736422	0,047870289534	0,119271062315	45038,3904440046
259	0,357469957145	0,35746457376	1,384945769069	1,292217697614	0,047870289534	0,119271062315	45038,4840743403
260	0,357462302924	0,35745033137	1,384865502065	1,292239332312	0,047870289534	0,119271062315	45038,5776931713
261	0,357446631849	0,357423191505	1,384778716774	1,292160370762	0,047870289534	0,119271062315	45038,6713395602
262	0,357386047466	0,357346954463	1,384577960003	1,291846831454	0,047870289534	0,119271062315	45038,7649745833
263	0,357314963606	0,357312105189	1,38430888238	1,291734976724	0,047870289534	0,119271062315	45038,8585405787
264	0,357295647315	0,357241070841	1,384204585855	1,291450624599	0,047870289534	0,119271062315	45038,9521372917
265	0,357220200798	0,357186811241	1,383939431033	1,291234305853	0,047870289534	0,119271062315	45039,0456927431
266	0,357178373268	0,35712483948	1,383806090811	1,291008384104	0,047870289534	0,119271062315	45039,1392764699
267	0,357105901006	0,357073204646	1,383540508195	1,290829188718	0,047870289534	0,119271062315	45039,2328308102
268	0,357072318824	0,357040859334	1,383426465593	1,290697466105	0,047870289534	0,119271062315	45039,326413044
269	0,35700076758	0,356932393543	1,383200113509	1,290241641904	0,047870289534	0,119271062315	45039,4199585069
270	0,356915425071	0,356931079787	1,382870776698	1,290278730517	0,047870289534	0,119271062315	45039,5135003356
271	0,356902465857	0,356875525501	1,382774193798	1,290083952039	0,047870289534	0,119271062315	45039,6070601157
272	0,35684714797	0,35681225206	1,382585397209	1,28985143364	0,047870289534	0,119271062315	45039,7005861806
273	0,356778785086	0,356676632416	1,382336268322	1,289300816959	0,047870289534	0,119271062315	45039,7940946875
274	0,356625788809	0,356658511694	1,38185038546	1,289083693547	0,047870289534	0,119271062315	45039,8875424884
275	0,356644461953	0,356515180521	1,382038597012	1,288408530561	0,047870289534	0,119271062315	45039,9810337616
276	0,356472546027	0,356583639696	1,381417568382	1,288854532234	0,047870289534	0,119271062315	45040,0745658449
277	0,356632002544	2,49448E-7	1,381873379637	7,97431E-7	0,047870289534	0,119271062315	45040,1752412384
278	9,02825462221205E-13	0,197480059494	3,38676088477235E-12	0,69295210691	0,05026352033	0,120255984366	45040,4141213773
279	0,362445537476	0,356985356975	1,402115654468	1,290186486636	0,05026352033	0,120255984366	45040,5084442824
280	0,356945092867	0,356764518027	1,383173094669	1,289390506314	0,05026352033	0,120255984366	45040,6020914236
281	0,356853562337	0,356747715088	1,382660282309	1,289570608187	0,05026352033	0,120255984366	45040,6955867824
282	0,356727240135	0,356625003938	1,382049782321	1,289151322976	0,05026352033	0,120255984366	45040,7889185532
283	0,356647948107	0,356565530843	1,3817759941	1,288990593235	0,05026352033	0,120255984366	45040,8824276273
284	0,356507531842	0,356437643286	1,381275309665	1,288479850176	0,05026352033	0,120255984366	45040,9758334491
285	0,356373886737	0,356305920839	1,380798799534	1,287961583477	0,05026352033	0,120255984366	45041,0691601273
286	0,356293246615	0,356241354832	1,380533702523	1,287700784303	0,05026352033	0,120255984366	45041,1625635995
287	0,356233305863	0,35620645342	1,380304814121	1,287580233866	0,05026352033	0,120255984366	45041,2559679167
288	0,356181724133	0,35609540208	1,38011015107	1,287134511618	0,05026352033	0,120255984366	45041,3494138079
289	0,352229919359	0,352070630127	1,363869095367	1,270909408196	0,05026352033	0,120255984366	45041,4354272107
290	0,355478394888	0,355427680421	1,377898462255	1,284448400854	0,05026352033	0,120255984366	45041,5288209144
291	0,355351810704	0,355362982592	1,37735328003	1,284323335241	0,05026352033	0,120255984366	45041,6220678935
292	0,355335160645	0,356063085799	1,377219584573	1,28858414625	0,05026352033	0,120255984366	45041,7179334606
293	0,356309579318	0,355621357037	1,380768520253	1,285232188897	0,05026352033	0,120255984366	45041,8121627546
294	0,355631086358	0,35557486746	1,378269328672	1,285091315202	0,05026352033	0,120255984366	45041,9054861343
295	0,355538764096	0,355448265477	1,377902574468	1,284599507734	0,05026352033	0,120255984366	45041,9988365394
296	0,355418601723	0,355378517125	1,377493709234	1,284361194963	0,05026352033	0,120255984366	45042,092153669
297	0,355353978606	0,355334648071	1,377263539818	1,284194915677	0,05026352033	0,120255984366	45042,1854710648
298	0,355295162414	0,355260967977	1,377052387792	1,28390661054	0,05026352033	0,120255984366	45042,2787839583
299	0,355230649371	0,355178357117	1,376833276845	1,283549731931	0,05026352033	0,120255984366	45042,3720248264
300	0,355145837636	0,355108648182	1,376541934025	1,283278064834	0,05026352033	0,120255984366	45042,4652576389
301	0,355124451015	0,355087923887	1,376466183835	1,283227924467	0,05026352033	0,120255984366	45042,5585859028
302	0,355061793042	0,355037441955	1,376246567755	1,283072380207	0,05026352033	0,120255984366	45042,6518664583
303	0,354999502412	0,354961286086	1,376027315378	1,282784255319	0,05026352033	0,120255984366	45042,7451246528
304	0,3549274503	0,354921291342	1,375765361871	1,282746323606	0,05026352033	0,120255984366	45042,8383173264
305	0,354884780661	0,354864476069	1,375527441671	1,282499113408	0,05026352033	0,120255984366	45042,9315268171
306	0,354843664674	0,354810270514	1,375403575291	1,282270037722	0,05026352033	0,120255984366	45043,0247481713
307	0,35474769963	0,354706888309	1,375066527549	1,281880596639	0,05026352033	0,120255984366	45043,1179116551
308	0,354684532327	0,354639696054	1,374836150045	1,281614523478	0,05026352033	0,120255984366	45043,2111104745
309	0,354633330174	0,354620279161	1,374669558584	1,281524377347	0,05026352033	0,120255984366	45043,3043877894
310	0,354574238319	0,354540249619	1,374497810583	1,281152381787	0,05026352033	0,120255984366	45043,3976237037
311	0,354500868145	0,35447701475	1,374234482044	1,280950221979	0,05026352033	0,120255984366	45043,49077375
312	0,354448556447	0,354440813567	1,37401349618	1,280838453469	0,05026352033	0,120255984366	45043,5838513426
313	0,354445056928	0,354403325752	1,373985580245	1,28074743839	0,05026352033	0,120255984366	45043,6770263773
314	0,354351764862	0,354312859886	1,373628540114	1,280413661793	0,05026352033	0,120255984366	45043,7701420718
315	0,354315615433	0,354349055559	1,37347973047	1,280624858045	0,05026352033	0,120255984366	45043,8633231134
316	0,35431428349	0,354280578789	1,373454449839	1,280353000544	0,05026352033	0,120255984366	45043,9564379398
317	0,354226506315	0,354219911675	1,373136815327	1,28012688105	0,05026352033	0,120255984366	45044,0494862963
318	0,354214141478	0,354178577318	1,373095160501	1,279955480054	0,05026352033	0,120255984366	45044,1425943403
319	0,354156771076	0,354137283435	1,37287567907	1,279796101867	0,05026352033	0,120255984366	45044,2356653588
320	0,35408321635	0,354045522883	1,372585931229	1,279400612717	0,05026352033	0,120255984366	45044,3287091667
321	0,354017682604	0,353964202468	1,372425269652	1,279020945121	0,05026352033	0,120255984366	45044,4218095602
322	0,353922493475	0,353913810821	1,372144169231	1,278847992961	0,05026352033	0,120255984366	45044,5148671181
323	0,353909861945	0,353894449879	1,372065744312	1,278882557956	0,05026352033	0,120255984366	45044,6079056366
324	0,353867561547	0,353887955468	1,371842731934	1,278875119434	0,05026352033	0,120255984366	45044,7009259606
325	0,353891245296	0,353847971959	1,37192863011	1,27876492281	0,05026352033	0,120255984366	45044,7939534954
326	0,353843773307	0,353843978756	1,371684927481	1,278782685378	0,05026352033	0,120255984366	45044,8869578935
327	0,353826718886	0,353776904335	1,371623443477	1,278482076671	0,05026352033	0,120255984366	45044,9799670833
328	0,353731896057	2,04095E-7	1,371296065259	6,52393E-7	0,05026352033	0,120255984366	45045,0798777199
329	3,17896289514509E-14	0,195298036551	1,19291510353227E-13	0,685245457243	0,049433652312	0,121614649892	45045,3172377546
330	0,359766850816	0,354371112897	1,392439057136	1,280496285358	0,049433652312	0,121614649892	45045,4110372107
331	0,354387316373	0,354213478303	1,373763338115	1,280001821088	0,049433652312	0,121614649892	45045,5042602778
332	0,354148852648	0,354022344855	1,372791307645	1,279334801231	0,049433652312	0,121614649892	45045,5971432407
333	0,354058981116	0,353973281165	1,372464302969	1,279165410105	0,049433652312	0,121614649892	45045,6902512384
334	0,353895325586	0,353792359185	1,371849686234	1,278530804768	0,049433652312	0,121614649892	45045,7831933218
335	0,353780015073	0,353743303543	1,371422965265	1,278431797817	0,049433652312	0,121614649892	45045,8761384028
336	0,353725711196	0,35368266525	1,371205877879	1,278180111832	0,049433652312	0,121614649892	45045,9691132523
337	0,353644693348	0,353567639989	1,370909435897	1,277746979949	0,049433652312	0,121614649892	45046,0620048495
338	0,353550200926	0,353499163221	1,370561424777	1,277491645706	0,049433652312	0,121614649892	45046,1548656018
339	0,353491870628	0,353457912576	1,370340821725	1,277359011569	0,049433652312	0,121614649892	45046,2477738079
340	0,353399912072	0,353355836079	1,370002816985	1,276918055009	0,049433652312	0,121614649892	45046,3406649421
341	0,353324679189	0,353264125328	1,36981036349	1,276558805855	0,049433652312	0,121614649892	45046,4335539352
342	0,353249892463	0,353215037691	1,369543979214	1,276413852645	0,049433652312	0,121614649892	45046,5264564699
343	0,353179284791	0,353162063668	1,369289195094	1,276204156982	0,049433652312	0,121614649892	45046,6193883218
344	0,353130039004	0,353087142717	1,369119122841	1,275939610569	0,049433652312	0,121614649892	45046,7122523495
345	0,353093604678	0,353069009699	1,368991776038	1,275941547154	0,049433652312	0,121614649892	45046,8051642708
346	0,353025152683	0,353012231938	1,368665164384	1,275770336209	0,049433652312	0,121614649892	45046,8979690625
347	0,353020807384	0,352973529972	1,368652297505	1,275575364525	0,049433652312	0,121614649892	45046,9908417593
348	0,352970306517	0,352928325547	1,368488650609	1,275402141672	0,049433652312	0,121614649892	45047,0837917014
349	0,352867239946	0,35284693265	1,36808018725	1,275071875957	0,049433652312	0,121614649892	45047,1765591898
350	0,352853905364	0,352793926835	1,368043759339	1,274872083802	0,049433652312	0,121614649892	45047,2693688542
351	0,352787093767	0,352712637364	1,367814647857	1,274502898754	0,049433652312	0,121614649892	45047,3622226273
352	0,352655021743	0,352651870855	1,36739010632	1,274257815073	0,049433652312	0,121614649892	45047,4550093634
353	0,352639384853	0,352606624462	1,367325795645	1,274129366966	0,049433652312	0,121614649892	45047,5478071991
354	0,352565975199	0,352542094696	1,367047115564	1,273890805631	0,049433652312	0,121614649892	45047,6404848264
355	0,352533595009	0,35251107056	1,366950440906	1,273808247904	0,049433652312	0,121614649892	45047,7332555556
356	0,352488096108	0,35248270743	1,366773743805	1,273777687985	0,049433652312	0,121614649892	45047,8259812616
357	0,352462747955	0,35243486404	1,366629324666	1,273587794852	0,049433652312	0,121614649892	45047,9186895139
358	0,352382275637	0,352365149805	1,366357007499	1,273299726725	0,049433652312	0,121614649892	45048,011396169
359	0,352322168458	0,352304391137	1,366135013707	1,273069470168	0,049433652312	0,121614649892	45048,1040186806
360	0,352266705537	0,352254057768	1,365954705773	1,27285570475	0,049433652312	0,121614649892	45048,1966554514
361	0,352229437097	0,352217893039	1,36580683983	1,272740189274	0,049433652312	0,121614649892	45048,2893214931
362	0,352202533616	0,352130048756	1,365702496957	1,272314358251	0,049433652312	0,121614649892	45048,3820262153
363	0,352107594632	0,3521054847	1,365419168878	1,272221667413	0,049433652312	0,121614649892	45048,4747753935
364	0,352008641034	0,351900103565	1,365028456269	1,271340979132	0,049433652312	0,121614649892	45048,5673521181
365	0,351903626212	0,351893700495	1,364772924127	1,2712942366	0,049433652312	0,121614649892	45048,6600882292
366	0,351866300177	0,35185360975	1,364651568145	1,271148697249	0,049433652312	0,121614649892	45048,7528108218
367	0,351829009544	0,351827819034	1,364500370966	1,271186541301	0,049433652312	0,121614649892	45048,8454394329
368	0,351807376776	0,351825226696	1,364375418246	1,271190539061	0,049433652312	0,121614649892	45048,9380744213
369	0,351826299266	0,351794257876	1,364364416296	1,271158433501	0,049433652312	0,121614649892	45049,0306969907
370	0,351772631384	0,351761975084	1,364178235604	1,271011692973	0,049433652312	0,121614649892	45049,1233277315
371	0,351701462867	0,351696048268	1,363925219479	1,270729642144	0,049433652312	0,121614649892	45049,2158959028
372	0,351687350751	0,351645670605	1,36388831478	1,270565868063	0,049433652312	0,121614649892	45049,3084857523
373	0,351628273747	0,351553954984	1,363686416198	1,270181119305	0,049433652312	0,121614649892	45049,4010549884
374	0,351505442852	0,351519168229	1,36326220007	1,270044182502	0,049433652312	0,121614649892	45049,4936414815
375	0,35149453881	0,351495844815	1,363215705476	1,269961938092	0,049433652312	0,121614649892	45049,586243125
376	0,351469774053	0,351431301058	1,363132698189	1,269728765514	0,049433652312	0,121614649892	45049,6788071065
377	0,351415635287	0,351382249661	1,362932815224	1,269554992486	0,049433652312	0,121614649892	45049,771396331
378	0,351375028663	0,351392542721	1,362759258716	1,26970194042	0,049433652312	0,121614649892	45049,8639797454
379	0,351375845206	2,27831E-7	1,362738219329	7,28476E-7	0,049433652312	0,121614649892	45049,963538044
380	6,99371836931919E-14	0,193533072343	2,62472173778873E-13	0,679010150759	0,049455657601	0,121241673827	45050,199666875
381	0,357432654181	0,351999604043	1,383925919502	1,271757439327	0,049455657601	0,121241673827	45050,2930719444
382	0,351969885064	0,351778771664	1,364937016875	1,270949971535	0,049455657601	0,121241673827	45050,3857038426
383	0,351758302226	0,351643094799	1,36412045342	1,27050537605	0,049455657601	0,121241673827	45050,4782626157
384	0,351639235768	0,351548824986	1,36365335302	1,270204548295	0,049455657601	0,121241673827	45050,5708261111
385	0,351504641613	0,351428690707	1,363141970381	1,269757409469	0,049455657601	0,121241673827	45050,6632865972
386	0,351432533728	0,351366684402	1,362887785993	1,269545157591	0,049455657601	0,121241673827	45050,7558556366
387	0,351377813786	0,351331798037	1,362678922454	1,269474435076	0,049455657601	0,121241673827	45050,8483904167
388	0,351322739056	0,351232372372	1,362428930789	1,269029371273	0,049455657601	0,121241673827	45050,9407939699
389	0,35116827615	0,351140645727	1,36194799856	1,268671805976	0,049455657601	0,121241673827	45051,0332874769
390	0,351109446235	0,351068360564	1,361701520675	1,268424442839	0,049455657601	0,121241673827	45051,1257309259
391	0,351072405616	0,351032175702	1,361566289579	1,268290952658	0,049455657601	0,121241673827	45051,2181497338
392	0,350999068357	0,350971494809	1,361299462899	1,268074681636	0,049455657601	0,121241673827	45051,3105683218
393	0,350913147745	0,350865605886	1,360996383002	1,267626730532	0,049455657601	0,121241673827	45051,4028911343
394	0,350885795262	0,350865556296	1,360925025407	1,267676490196	0,049455657601	0,121241673827	45051,4953237268
395	0,35085104398	0,350875835787	1,36074792726	1,267853734684	0,049455657601	0,121241673827	45051,5876743287
396	0,350908572497	0,3507932493	1,360975044492	1,267404057987	0,049455657601	0,121241673827	45051,6801006713
397	0,350750668813	0,350673067126	1,360349375015	1,266656318189	0,049455657601	0,121241673827	45051,7725138657
398	0,350657613814	0,35067435058	1,360268668587	1,266911092297	0,049455657601	0,121241673827	45051,8650147106
399	0,350635133304	0,350587844641	1,360178766438	1,266367208152	0,049455657601	0,121241673827	45051,9574001736
400	0,350576299689	0,350545178083	1,359863126703	1,266359375193	0,049455657601	0,121241673827	45052,049824294
401	0,350526293878	0,350502647586	1,359837468904	1,266031844166	0,049455657601	0,121241673827	45052,1423019676
402	0,350462120767	0,350467788989	1,359442997759	1,266111530273	0,049455657601	0,121241673827	45052,2347222106
403	0,35043258937	0,350297245683	1,359464945888	1,265188391142	0,049455657601	0,121241673827	45052,3271989236
404	0,350243109582	0,350359165097	1,358822846598	1,265597721757	0,049455657601	0,121241673827	45052,4196884606
405	0,35035371448	0,350239152255	1,359094201898	1,265096403267	0,049455657601	0,121241673827	45052,5120961574
406	0,350203383723	0,350161637906	1,358579802675	1,264813843797	0,049455657601	0,121241673827	45052,6044777431
407	0,350123014685	0,350196452425	1,358260904578	1,265123355119	0,049455657601	0,121241673827	45052,6968570949
408	0,350195083999	0,350084083717	1,358496932155	1,264550407422	0,049455657601	0,121241673827	45052,7891991319
409	0,350080844455	0,350091852041	1,358064589226	1,264558340545	0,049455657601	0,121241673827	45052,8815939583
410	0,350029984165	0,350022126365	1,357900221348	1,26427016472	0,049455657601	0,121241673827	45052,9738793171
411	0,350001226668	0,34998335531	1,3578134062	1,264059590649	0,049455657601	0,121241673827	45053,0662754051
412	0,349934876461	0,34996658183	1,357538036406	1,264159157875	0,049455657601	0,121241673827	45053,1585909375
413	0,349937483352	0,349901991449	1,3575985289	1,263932409809	0,049455657601	0,121241673827	45053,250930787
414	0,349915142742	0,349771473197	1,357643427302	1,263414658888	0,049455657601	0,121241673827	45053,3433476968
415	0,349710225467	0,3498387072	1,356951570363	1,263488410596	0,049455657601	0,121241673827	45053,4357156481
416	0,349811621226	0,349696580856	1,357129742827	1,263124203938	0,049455657601	0,121241673827	45053,5280003472
417	0,34968279286	0,349674650887	1,356701033894	1,26295247895	0,049455657601	0,121241673827	45053,6201419907
418	0,349673054253	0,349692701672	1,356594219146	1,262957820497	0,049455657601	0,121241673827	45053,7124322569
419	0,34964494707	0,349652710534	1,356441443004	1,262889205195	0,049455657601	0,121241673827	45053,8046826968
420	0,349624048571	0,349585543074	1,35632871149	1,26258526276	0,049455657601	0,121241673827	45053,8967991782
421	0,349581669966	0,349513197296	1,356234679497	1,262176770345	0,049455657601	0,121241673827	45053,9891233912
422	0,34947786227	0,349469181588	1,355963446412	1,262082575549	0,049455657601	0,121241673827	45054,0814190972
423	0,349446517157	0,34940085317	1,355812864038	1,261889690512	0,049455657601	0,121241673827	45054,1736397454
424	0,349375851739	0,349376250966	1,35556535348	1,261710562888	0,049455657601	0,121241673827	45054,2660369097
425	0,349343897758	0,349266468026	1,355534734501	1,261291327799	0,049455657601	0,121241673827	45054,3583103819
426	0,34922201796	0,349272908603	1,355100243497	1,261257189673	0,049455657601	0,121241673827	45054,4507553241
427	0,349254563137	0,349343992758	1,355124866326	1,261694534046	0,049455657601	0,121241673827	45054,5431372685
428	0,332450404718		1,284425039152		0,049455657601	0,121241673827	45054,5820329398
