TesterID:	Maccor#2														
Channel Number:	55														
TestName:	KAI_Zelltest_regulaer_fix_no_degass_flag.000														
TestDesc:	Regular cycling: formation, followed by pulse, C-rate quick charge and cycling t														
StartDateTime:	44966,5496679861														
Comment:															
															
									Charge			Discharge			
Cycle	AH-IN	AH-OUT	WH-IN	WH-OUT	ACR	DCIR	V1_Start	V1_End	V1_Min	V1_Max	V1_Start	V1_End	V1_Min	V1_Max	Date
0		5,3629E-8		1,2602E-8	0	0					-0,000822771689854562	-0,000822771689854562	-0,000822771689854562	-0,000664500403217971	44966,5498408796
1	0,519608895991	0,44414083114	1,936282249287	1,627759294397	0	0	-0,000822771689854562	-0,000822771689854562	-0,00113931414671242	-0,000664500403217971	-0,000822771689854562	-0,000822771689854562	-0,00129758543334901	-0,000506229174789041	44966,9886750463
2	0,448175475319	0,445137997946	1,683713830645	1,632328136588	0	0	-0,000822771689854562	-0,000822771689854562	-0,00113931414671242	-0,000664500403217971	-0,000981042860075831	-0,000981042860075831	-0,00113931414671242	-0,000664500403217971	44967,4028130093
3	0,460657008757	7,0372E-8	1,735019238046	2,259E-7	0	0	-0,000822771689854562	-0,000822771689854562	-0,00113931414671242	-0,000506229174789041	-0,000981042860075831	-0,000822771689854562	-0,00113931414671242	-0,000664500403217971	44967,8900805556
4	0	8,6891E-8	0	2,82076E-7	0,043604046106	0,128141522408	-0,000981042860075831	-0,000981042860075831	-0,00113931414671242	-0,000664500403217971	-0,000981042860075831	-0,000822771689854562	-0,00113931414671242	-0,000664500403217971	44968,1930527662
5	0,451036854583	0,448553814314	1,707615747558	1,646046531272	0,043604046106	0,128141522408	-0,000822771689854562	-0,000822771689854562	-0,00113931414671242	-0,000664500403217971	-0,000822771689854562	-0,000981042860075831	-0,00113931414671242	-0,000664500403217971	44968,4578805787
6	0,449632659275	0,447484077205	1,701846738542	1,642317586177	0,043604046106	0,128141522408	-0,000981042860075831	-0,000822771689854562	-0,00113931414671242	-0,000664500403217971	-0,000822771689854562	-0,000981042860075831	-0,00113931414671242	-0,000664500403217971	44968,728507581
7	0,448486253969	0,446508827772	1,697170118264	1,638913434845	0,043604046106	0,128141522408	-0,000981042860075831	-0,000981042860075831	-0,00113931414671242	-0,000664500403217971	-0,000981042860075831	-0,000981042860075831	-0,00113931414671242	-0,000506229174789041	44968,998377963
8	0,447430472988	0,42435197829	1,69287643963	1,531029588371	0,043604046106	0,128141522408	-0,000822771689854562	-0,000981042860075831	-0,00113931414671242	-0,000664500403217971	-0,000822771689854562	-0,000981042860075831	-0,00113931414671242	-0,000506229174789041	44969,1855294444
9	0,425094419682	0,423082320859	1,615425751135	1,526754405084	0,043604046106	0,128141522408	-0,000822771689854562	-0,000822771689854562	-0,00113931414671242	-0,000506229174789041	-0,000822771689854562	-0,000822771689854562	-0,00113931414671242	-0,000506229174789041	44969,3662082523
10	0,423846908719	0,422098078769	1,610665135031	1,52340530458	0,043604046106	0,128141522408	-0,000981042860075831	-0,000664500403217971	-0,00113931414671242	-0,000664500403217971	-0,000981042860075831	-0,000981042860075831	-0,00129758543334901	-0,000664500403217971	44969,5463473495
11	0,42279701154	0,358750503392	1,606656862515	1,265228693718	0,043604046106	0,128141522408	-0,000981042860075831	-0,000981042860075831	-0,00129758543334901	-0,000664500403217971	-0,000822771689854562	-0,000981042860075831	-0,00113931414671242	-0,000664500403217971	44969,7043039931
12	0,359414842206	0,356983466909	1,382149186763	1,260018192978	0,043604046106	0,128141522408	-0,000822771689854562	-0,000822771689854562	-0,00113931414671242	-0,000664500403217971	-0,00113931414671242	-0,000981042860075831	-0,00113931414671242	-0,000664500403217971	44969,8449385532
13	0,357544432932	0,354903887935	1,37514181737	1,252920775337	0,043604046106	0,128141522408	-0,00113931414671242	-0,000981042860075831	-0,00113931414671242	-0,000664500403217971	-0,000822771689854562	-0,000981042860075831	-0,00113931414671242	-0,000664500403217971	44969,984845706
14	0,355483630211	0,438137035637	1,367509999699	1,609402288856	0,043604046106	0,128141522408	-0,000981042860075831	-0,000981042860075831	-0,00113931414671242	-0,000664500403217971	-0,000822771689854562	-0,000822771689854562	-0,00113931414671242	-0,000664500403217971	44970,2261098032
15	0,43886659656	0,438547828002	1,660229822109	1,610888994089	0,043604046106	0,128141522408	-0,000981042860075831	-0,000981042860075831	-0,00113931414671242	-0,000664500403217971	-0,000822771689854562	-0,000981042860075831	-0,00113931414671242	-0,000664500403217971	44970,4898966782
16	0,43940035578	8,6679E-8	1,661982409149	2,75425E-7	0,043604046106	0,128141522408	-0,000981042860075831	-0,000981042860075831	-0,00113931414671242	-0,000664500403217971	-0,000664500403217971	-0,000822771689854562	-0,00129758543334901	-0,000664500403217971	44970,7611598727
17	0,384561701601	0,384672781469	1,462645768866	1,392340873928	0,043604046106	0,128141522408	-0,000981042860075831	-0,000981042860075831	-0,00113931414671242	-0,000664500403217971	-0,000981042860075831	-0,000981042860075831	-0,00113931414671242	-0,000664500403217971	44970,9061497106
18	0,384398912845	0,384112790414	1,461701467531	1,390169521424	0,043604046106	0,128141522408	-0,000822771689854562	-0,000981042860075831	-0,00113931414671242	-0,000664500403217971	-0,000981042860075831	-0,000981042860075831	-0,00113931414671242	-0,000664500403217971	44971,0578511806
19	0,384087706153	0,383720893593	1,4602709226	1,388679830446	0,043604046106	0,128141522408	-0,000664500403217971	-0,000981042860075831	-0,00113931414671242	-0,000506229174789041	-0,000981042860075831	-0,000981042860075831	-0,00113931414671242	-0,000664500403217971	44971,2094231829
20	0,356518474283	0,346273628705	1,383658279044	1,245055563901	0,043604046106	0,128141522408	-0,000981042860075831	-0,000981042860075831	-0,00113931414671242	-0,000664500403217971	-0,000822771689854562	-0,000981042860075831	-0,00113931414671242	-0,000664500403217971	44971,3324711227
21	0,345813078754	0,335438477956	1,341890423094	1,206772712828	0,043604046106	0,128141522408	-0,000981042860075831	-0,000822771689854562	-0,00129758543334901	-0,000664500403217971	-0,000981042860075831	-0,000981042860075831	-0,00113931414671242	-0,000664500403217971	44971,4521247917
22	0,334957767784	9,3048E-8	1,300062541947	2,84633E-7	0,043604046106	0,128141522408	-0,000981042860075831	-0,000822771689854562	-0,00113931414671242	-0,000664500403217971	-0,000822771689854562	-0,000981042860075831	-0,00113931414671242	-0,000664500403217971	44971,5759770949
23	2,54317031611607E-14	0,233919279262	9,52025048793721E-14	0,820776131926	0,044050332159	0,114341832697	-0,000822771689854562	-0,000981042860075831	-0,00113931414671242	-0,000822771689854562	-0,000822771689854562	-0,000822771689854562	-0,00113931414671242	-0,000664500403217971	44971,8448979861
24	0,410448782492	0,402605973257	1,582482236162	1,454803893995	0,044050332159	0,114341832697	-0,000981042860075831	-0,000981042860075831	-0,00113931414671242	-0,000506229174789041	-0,000981042860075831	-0,000981042860075831	-0,00113931414671242	-0,000506229174789041	44971,9507916667
25	0,40308450938	0,40169143438	1,557076381871	1,451634978227	0,044050332159	0,114341832697	-0,000664500403217971	-0,000981042860075831	-0,00113931414671242	-0,000664500403217971	-0,000981042860075831	-0,000981042860075831	-0,00113931414671242	-0,000664500403217971	44972,0557403357
26	0,402043626561	0,400863533471	1,553155001411	1,448689971474	0,044050332159	0,114341832697	-0,000822771689854562	-0,000981042860075831	-0,00113931414671242	-0,000664500403217971	-0,000822771689854562	-0,000822771689854562	-0,00113931414671242	-0,000664500403217971	44972,1602001736
27	0,401245278611	0,400184138874	1,550193255408	1,446235352348	0,044050332159	0,114341832697	-0,000981042860075831	-0,000981042860075831	-0,00113931414671242	-0,000664500403217971	-0,000981042860075831	-0,000981042860075831	-0,00113931414671242	-0,000506229174789041	44972,2644571412
28	0,400563282888	0,399569342709	1,547687203938	1,444030174758	0,044050332159	0,114341832697	-0,000822771689854562	-0,000981042860075831	-0,00113931414671242	-0,000664500403217971	-0,000981042860075831	-0,000822771689854562	-0,00113931414671242	-0,000664500403217971	44972,368709537
29	0,39990777837	0,398919595971	1,54530668999	1,441658435051	0,044050332159	0,114341832697	-0,000981042860075831	-0,000822771689854562	-0,00129758543334901	-0,000506229174789041	-0,000664500403217971	-0,000822771689854562	-0,00113931414671242	-0,000506229174789041	44972,4727831482
30	0,399324923158	0,398365515457	1,5432184747	1,439639343742	0,044050332159	0,114341832697	-0,000822771689854562	-0,000981042860075831	-0,00113931414671242	-0,000664500403217971	-0,000822771689854562	-0,000981042860075831	-0,00129758543334901	-0,000664500403217971	44972,5769964236
31	0,398706528106	0,397726127473	1,540958389745	1,437314291731	0,044050332159	0,114341832697	-0,000822771689854562	-0,000822771689854562	-0,00113931414671242	-0,000664500403217971	-0,000822771689854562	-0,000981042860075831	-0,00129758543334901	-0,000506229174789041	44972,6810992014
32	0,398013665151	0,397042806434	1,53842401288	1,434816594335	0,044050332159	0,114341832697	-0,000981042860075831	-0,000822771689854562	-0,00113931414671242	-0,000664500403217971	-0,000981042860075831	-0,000822771689854562	-0,00113931414671242	-0,000664500403217971	44972,7850551505
33	0,397372919951	0,396389273122	1,53611353323	1,432409351118	0,044050332159	0,114341832697	-0,000981042860075831	-0,000981042860075831	-0,00113931414671242	-0,000664500403217971	-0,000664500403217971	-0,000822771689854562	-0,00113931414671242	-0,000664500403217971	44972,8889488426
34	0,396724290459	0,395824861615	1,533721326556	1,430405405761	0,044050332159	0,114341832697	-0,000822771689854562	-0,000981042860075831	-0,00113931414671242	-0,000664500403217971	-0,000822771689854562	-0,000981042860075831	-0,00113931414671242	-0,000664500403217971	44972,9927186343
35	0,396095685776	0,395216485475	1,531409896072	1,428191620129	0,044050332159	0,114341832697	-0,000664500403217971	-0,000981042860075831	-0,00113931414671242	-0,000664500403217971	-0,000822771689854562	-0,000822771689854562	-0,00113931414671242	-0,000664500403217971	44973,0963613773
36	0,39549712553	0,394632639481	1,52921437807	1,426061102407	0,044050332159	0,114341832697	-0,000981042860075831	-0,000981042860075831	-0,00129758543334901	-0,000664500403217971	-0,000822771689854562	-0,000981042860075831	-0,00113931414671242	-0,000664500403217971	44973,1997803009
37	0,394964398159	0,394125068042	1,527320727615	1,424230070273	0,044050332159	0,114341832697	-0,000981042860075831	-0,000822771689854562	-0,00129758543334901	-0,000664500403217971	-0,000981042860075831	-0,000981042860075831	-0,00113931414671242	-0,000664500403217971	44973,3033714583
38	0,394406649904	0,393561890394	1,525298516341	1,422172960517	0,044050332159	0,114341832697	-0,000822771689854562	-0,000822771689854562	-0,00113931414671242	-0,000664500403217971	-0,000981042860075831	-0,000981042860075831	-0,00129758543334901	-0,000664500403217971	44973,4069120718
39	0,393747295801	0,392868228612	1,522845297831	1,41963002667	0,044050332159	0,114341832697	-0,000981042860075831	-0,000822771689854562	-0,00113931414671242	-0,000664500403217971	-0,000822771689854562	-0,00113931414671242	-0,00113931414671242	-0,000664500403217971	44973,5100493403
40	0,39318692485	0,392394258174	1,520860121421	1,417937931079	0,044050332159	0,114341832697	-0,000981042860075831	-0,000822771689854562	-0,00113931414671242	-0,000664500403217971	-0,000822771689854562	-0,000822771689854562	-0,00129758543334901	-0,000506229174789041	44973,6133074421
41	0,392696520224	0,391917565908	1,519069962815	1,416215378413	0,044050332159	0,114341832697	-0,000822771689854562	-0,000822771689854562	-0,00113931414671242	-0,000506229174789041	-0,000822771689854562	-0,000822771689854562	-0,00113931414671242	-0,000664500403217971	44973,7165241204
42	0,392177793233	0,391398358826	1,517123118998	1,414326681519	0,044050332159	0,114341832697	-0,000981042860075831	-0,000981042860075831	-0,00113931414671242	-0,000664500403217971	-0,000981042860075831	-0,000822771689854562	-0,00113931414671242	-0,000664500403217971	44973,8195715046
43	0,391692662463	0,390881672242	1,515362531833	1,412465227818	0,044050332159	0,114341832697	-0,000822771689854562	-0,000822771689854562	-0,00129758543334901	-0,000506229174789041	-0,000981042860075831	-0,000822771689854562	-0,00113931414671242	-0,000664500403217971	44973,922582963
44	0,391131091875	0,390425822527	1,513213203734	1,410860120015	0,044050332159	0,114341832697	-0,000981042860075831	-0,000822771689854562	-0,00113931414671242	-0,000664500403217971	-0,000822771689854562	-0,000981042860075831	-0,00113931414671242	-0,000664500403217971	44974,02550625
45	0,390680737145	0,38991943345	1,511542351243	1,409017358277	0,044050332159	0,114341832697	-0,000981042860075831	-0,000981042860075831	-0,00113931414671242	-0,000664500403217971	-0,000822771689854562	-0,000822771689854562	-0,00113931414671242	-0,000664500403217971	44974,1282137268
46	0,390139519006	0,389437686208	1,509540525379	1,407323447821	0,044050332159	0,114341832697	-0,000822771689854562	-0,000981042860075831	-0,00113931414671242	-0,000664500403217971	-0,000981042860075831	-0,000981042860075831	-0,00129758543334901	-0,000664500403217971	44974,2306798495
47	0,389646157944	0,389042442788	1,507656705147	1,405912379476	0,044050332159	0,114341832697	-0,000981042860075831	-0,000981042860075831	-0,00129758543334901	-0,000664500403217971	-0,000981042860075831	-0,000822771689854562	-0,00113931414671242	-0,000664500403217971	44974,3328588079
48	0,389371526589	0,388667822142	1,506602410999	1,404597911249	0,044050332159	0,114341832697	-0,000981042860075831	-0,000981042860075831	-0,00129758543334901	-0,000664500403217971	-0,000664500403217971	-0,000981042860075831	-0,00113931414671242	-0,000664500403217971	44974,4352307407
49	0,388921025957	0,388192484114	1,504947266256	1,402871817688	0,044050332159	0,114341832697	-0,000981042860075831	-0,000981042860075831	-0,00129758543334901	-0,000664500403217971	-0,00113931414671242	-0,000981042860075831	-0,00113931414671242	-0,000664500403217971	44974,5375289699
50	0,388456602405	0,387775336791	1,503234372154	1,401372139314	0,044050332159	0,114341832697	-0,000981042860075831	-0,00113931414671242	-0,00113931414671242	-0,000664500403217971	-0,000981042860075831	-0,000981042860075831	-0,00113931414671242	-0,000664500403217971	44974,639744213
51	0,388036583684	0,38732844942	1,501671960314	1,399771869889	0,044050332159	0,114341832697	-0,000981042860075831	-0,000822771689854562	-0,00113931414671242	-0,000664500403217971	-0,000981042860075831	-0,000822771689854562	-0,00129758543334901	-0,000664500403217971	44974,7418030324
52	0,387609187413	0,387104949255	1,500074711647	1,399026095729	0,044050332159	0,114341832697	-0,000981042860075831	-0,000822771689854562	-0,00113931414671242	-0,000664500403217971	-0,000822771689854562	-0,000822771689854562	-0,00129758543334901	-0,000664500403217971	44974,8438660532
53	0,387347498505	0,386689137096	1,499065679738	1,397519991827	0,044050332159	0,114341832697	-0,000981042860075831	-0,000981042860075831	-0,00129758543334901	-0,000664500403217971	-0,000981042860075831	-0,000981042860075831	-0,00129758543334901	-0,000664500403217971	44974,9460209838
54	0,386926574405	0,386267955456	1,497452210508	1,396003587339	0,044050332159	0,114341832697	-0,000981042860075831	-0,000981042860075831	-0,00129758543334901	-0,000664500403217971	-0,000822771689854562	-0,000822771689854562	-0,00113931414671242	-0,000664500403217971	44975,0477868519
55	0,386527530917	0,38586115417	1,49596112094	1,394577258758	0,044050332159	0,114341832697	-0,00113931414671242	-0,000981042860075831	-0,00113931414671242	-0,000664500403217971	-0,000981042860075831	-0,000981042860075831	-0,00113931414671242	-0,000664500403217971	44975,149475625
56	0,386069589497	0,385629917895	1,49421852343	1,393783259054	0,044050332159	0,114341832697	-0,000822771689854562	-0,000822771689854562	-0,00113931414671242	-0,000664500403217971	-0,000981042860075831	-0,000981042860075831	-0,00113931414671242	-0,000664500403217971	44975,2509466319
57	0,385853039535	0,385274771791	1,493337260645	1,392517752632	0,044050332159	0,114341832697	-0,000822771689854562	-0,000822771689854562	-0,00113931414671242	-0,000664500403217971	-0,00113931414671242	-0,000981042860075831	-0,00113931414671242	-0,000664500403217971	44975,3522626968
58	0,385554586107	0,385120995394	1,492228795066	1,391990183056	0,044050332159	0,114341832697	-0,000981042860075831	-0,000822771689854562	-0,00113931414671242	-0,000664500403217971	-0,000981042860075831	-0,000822771689854562	-0,00129758543334901	-0,000664500403217971	44975,4536197917
59	0,385356149882	0,384799374209	1,491402132919	1,390843261298	0,044050332159	0,114341832697	-0,000822771689854562	-0,000822771689854562	-0,00129758543334901	-0,000664500403217971	-0,000981042860075831	-0,000822771689854562	-0,00129758543334901	-0,000664500403217971	44975,5548347106
60	0,38507599837	0,384639269983	1,490372358336	1,390294097104	0,044050332159	0,114341832697	-0,000981042860075831	-0,000822771689854562	-0,00129758543334901	-0,000664500403217971	-0,00113931414671242	-0,000981042860075831	-0,00113931414671242	-0,000506229174789041	44975,6560691319
61	0,384848595939	0,384299522353	1,489422056666	1,389082623162	0,044050332159	0,114341832697	-0,000981042860075831	-0,000981042860075831	-0,00113931414671242	-0,000664500403217971	-0,000822771689854562	-0,000822771689854562	-0,00129758543334901	-0,000664500403217971	44975,7570882755
62	0,384558295948	0,384129025247	1,488334945801	1,388496755483	0,044050332159	0,114341832697	-0,000822771689854562	-0,000981042860075831	-0,00113931414671242	-0,000664500403217971	-0,000981042860075831	-0,000822771689854562	-0,00113931414671242	-0,000664500403217971	44975,8581164931
63	0,384359551646	0,383828098474	1,487529911543	1,387414490963	0,044050332159	0,114341832697	-0,000981042860075831	-0,000981042860075831	-0,00113931414671242	-0,000664500403217971	-0,000981042860075831	-0,000664500403217971	-0,00129758543334901	-0,000664500403217971	44975,9589684144
64	0,384098033465	0,383688578244	1,486553639418	1,386939059368	0,044050332159	0,114341832697	-0,000822771689854562	-0,000981042860075831	-0,00129758543334901	-0,000664500403217971	-0,000981042860075831	-0,000981042860075831	-0,00113931414671242	-0,000664500403217971	44976,0599539352
65	0,383900053865	0,383385066126	1,485760298498	1,385859265616	0,044050332159	0,114341832697	-0,000981042860075831	-0,000981042860075831	-0,00113931414671242	-0,000664500403217971	-0,000981042860075831	-0,000981042860075831	-0,00113931414671242	-0,000664500403217971	44976,1608121644
66	0,383556985916	0,383156466056	1,484435147858	1,385041305556	0,044050332159	0,114341832697	-0,000981042860075831	-0,000822771689854562	-0,00113931414671242	-0,000664500403217971	-0,000664500403217971	-0,000981042860075831	-0,00113931414671242	-0,000664500403217971	44976,2613983333
67	0,383422662146	0,382873558917	1,483919014666	1,384021159716	0,044050332159	0,114341832697	-0,000981042860075831	-0,000981042860075831	-0,00113931414671242	-0,000664500403217971	-0,000664500403217971	-0,000822771689854562	-0,00113931414671242	-0,000664500403217971	44976,3621292708
68	0,383034508091	0,382634607086	1,482416468565	1,383181195544	0,044050332159	0,114341832697	-0,000822771689854562	-0,000981042860075831	-0,00113931414671242	-0,000664500403217971	-0,000822771689854562	-0,000822771689854562	-0,00113931414671242	-0,000664500403217971	44976,4626402894
69	0,382903299043	0,382398276414	1,481917714386	1,382365230627	0,044050332159	0,114341832697	-0,000981042860075831	-0,000822771689854562	-0,00113931414671242	-0,000664500403217971	-0,000822771689854562	-0,000981042860075831	-0,00113931414671242	-0,000664500403217971	44976,5632065162
70	0,38262063262	0,382094688638	1,48087398978	1,381249183231	0,044050332159	0,114341832697	-0,000981042860075831	-0,000822771689854562	-0,00113931414671242	-0,000506229174789041	-0,00113931414671242	-0,000981042860075831	-0,00129758543334901	-0,000506229174789041	44976,6637164583
71	0,382330252069	0,381826058647	1,479809178423	1,380293381347	0,044050332159	0,114341832697	-0,00113931414671242	-0,000822771689854562	-0,00113931414671242	-0,000664500403217971	-0,000822771689854562	-0,000981042860075831	-0,00113931414671242	-0,000506229174789041	44976,7642380671
72	0,382036402618	0,381512159797	1,478723006886	1,37913999727	0,044050332159	0,114341832697	-0,000822771689854562	-0,000981042860075831	-0,00113931414671242	-0,000664500403217971	-0,000981042860075831	-0,000822771689854562	-0,00129758543334901	-0,000664500403217971	44976,8646590857
73	0,381699928471	8,224E-8	1,477467950621	2,65231E-7	0,044050332159	0,114341832697	-0,000822771689854562	-0,000822771689854562	-0,00113931414671242	-0,000664500403217971	-0,000981042860075831	-0,000981042860075831	-0,00113931414671242	-0,000664500403217971	44976,9718457523
74	0	0,216183263476	0	0,758616902475	0,047912877053	0,110399834812	-0,000981042860075831	-0,000822771689854562	-0,000981042860075831	-0,000822771689854562	-0,000981042860075831	-0,000822771689854562	-0,00129758543334901	-0,000664500403217971	44977,2253420023
75	0,389004314196	0,381986220942	1,502391500337	1,381084730122	0,047912877053	0,110399834812	-0,000822771689854562	-0,000981042860075831	-0,00113931414671242	-0,000664500403217971	-0,000981042860075831	-0,000822771689854562	-0,00113931414671242	-0,000664500403217971	44977,3263649421
76	0,382183198559	0,381547066082	1,478803362756	1,379540128104	0,047912877053	0,110399834812	-0,000981042860075831	-0,000981042860075831	-0,00113931414671242	-0,000664500403217971	-0,000822771689854562	-0,000981042860075831	-0,00113931414671242	-0,000664500403217971	44977,4262141204
77	0,381830841634	0,381213802898	1,477481092914	1,378355777493	0,047912877053	0,110399834812	-0,000981042860075831	-0,00113931414671242	-0,00113931414671242	-0,000664500403217971	-0,000981042860075831	-0,00113931414671242	-0,00113931414671242	-0,000664500403217971	44977,5262725463
78	0,381458321147	0,380893459867	1,476134288838	1,377167421018	0,047912877053	0,110399834812	-0,000981042860075831	-0,000981042860075831	-0,00129758543334901	-0,000664500403217971	-0,000822771689854562	-0,000981042860075831	-0,00129758543334901	-0,000664500403217971	44977,6263648148
79	0,381098281686	0,380548598344	1,47481129485	1,375902007506	0,047912877053	0,110399834812	-0,000981042860075831	-0,000981042860075831	-0,00113931414671242	-0,000664500403217971	-0,000981042860075831	-0,000981042860075831	-0,00113931414671242	-0,000664500403217971	44977,7263389236
80	0,38072233138	0,380167633765	1,47341048695	1,374522376037	0,047912877053	0,110399834812	-0,000822771689854562	-0,000981042860075831	-0,00113931414671242	-0,000664500403217971	-0,000981042860075831	-0,000822771689854562	-0,00113931414671242	-0,000664500403217971	44977,826064919
81	0,380406928125	0,379852425394	1,472264555405	1,373385334486	0,047912877053	0,110399834812	-0,000822771689854562	-0,000822771689854562	-0,00129758543334901	-0,000664500403217971	-0,000981042860075831	-0,000822771689854562	-0,00113931414671242	-0,000506229174789041	44977,9258194444
82	0,380046348321	0,379526987546	1,470913822385	1,37219273498	0,047912877053	0,110399834812	-0,000664500403217971	-0,000822771689854562	-0,00113931414671242	-0,000664500403217971	-0,000822771689854562	-0,000822771689854562	-0,00129758543334901	-0,000664500403217971	44978,025478912
83	0,379756065621	0,379220797894	1,469867188969	1,371113518533	0,047912877053	0,110399834812	-0,000822771689854562	-0,000981042860075831	-0,00113931414671242	-0,000664500403217971	-0,000981042860075831	-0,000822771689854562	-0,00129758543334901	-0,000664500403217971	44978,125099838
84	0,379452839918	0,378944412504	1,468756004213	1,370115660885	0,047912877053	0,110399834812	-0,000822771689854562	-0,000981042860075831	-0,00113931414671242	-0,000664500403217971	-0,000981042860075831	-0,000981042860075831	-0,00129758543334901	-0,000664500403217971	44978,2247767708
85	0,379167622927	0,378693853855	1,467700378756	1,369213915752	0,047912877053	0,110399834812	-0,000822771689854562	-0,000981042860075831	-0,00113931414671242	-0,000664500403217971	-0,000981042860075831	-0,000981042860075831	-0,00113931414671242	-0,000664500403217971	44978,3243426968
86	0,378887698367	0,378407087877	1,466657542363	1,368184039536	0,047912877053	0,110399834812	-0,000981042860075831	-0,000822771689854562	-0,00129758543334901	-0,000664500403217971	-0,000822771689854562	-0,000981042860075831	-0,00113931414671242	-0,000664500403217971	44978,4237630903
87	0,378611533256	0,378137175914	1,465650604418	1,367212555925	0,047912877053	0,110399834812	-0,000981042860075831	-0,00113931414671242	-0,00113931414671242	-0,000664500403217971	-0,00113931414671242	-0,000981042860075831	-0,00113931414671242	-0,000506229174789041	44978,5231547222
88	0,378365622017	0,377898149271	1,46474472117	1,366352210795	0,047912877053	0,110399834812	-0,000981042860075831	-0,000822771689854562	-0,00129758543334901	-0,000664500403217971	-0,000822771689854562	-0,000664500403217971	-0,00129758543334901	-0,000664500403217971	44978,6225837384
89	0,378123875606	0,377665639925	1,463856525919	1,365509744341	0,047912877053	0,110399834812	-0,00113931414671242	-0,000981042860075831	-0,00129758543334901	-0,000664500403217971	-0,000822771689854562	-0,000822771689854562	-0,00129758543334901	-0,000664500403217971	44978,7220002199
90	0,377844993471	0,377415129385	1,462808901071	1,364603611818	0,047912877053	0,110399834812	-0,000822771689854562	-0,000822771689854562	-0,00129758543334901	-0,000664500403217971	-0,000664500403217971	-0,000981042860075831	-0,00113931414671242	-0,000664500403217971	44978,8212189815
91	0,377630565082	0,377205818626	1,462006985929	1,363845056325	0,047912877053	0,110399834812	-0,000981042860075831	-0,000981042860075831	-0,00113931414671242	-0,000664500403217971	-0,000822771689854562	-0,000981042860075831	-0,00113931414671242	-0,000664500403217971	44978,9205159144
92	0,377328477453	0,376908771885	1,460848056534	1,362744651052	0,047912877053	0,110399834812	-0,000981042860075831	-0,000822771689854562	-0,00113931414671242	-0,000664500403217971	-0,000981042860075831	-0,000981042860075831	-0,00129758543334901	-0,000664500403217971	44979,0195035532
93	0,377182889394	0,376755081109	1,460358507006	1,362209988851	0,047912877053	0,110399834812	-0,000822771689854562	-0,000822771689854562	-0,00129758543334901	-0,000506229174789041	-0,000981042860075831	-0,000981042860075831	-0,00129758543334901	-0,000664500403217971	44979,1187191204
94	0,376908951124	0,376503217391	1,459311986148	1,361290980218	0,047912877053	0,110399834812	-0,000981042860075831	-0,000822771689854562	-0,00129758543334901	-0,000664500403217971	-0,000822771689854562	-0,000981042860075831	-0,00129758543334901	-0,000664500403217971	44979,2177528472
95	0,376687801199	0,376295229717	1,458501167208	1,360503243004	0,047912877053	0,110399834812	-0,000981042860075831	-0,000981042860075831	-0,00113931414671242	-0,000664500403217971	-0,000981042860075831	-0,000981042860075831	-0,00129758543334901	-0,000664500403217971	44979,3167112153
96	0,376502704497	0,37610917816	1,457831659351	1,359831797082	0,047912877053	0,110399834812	-0,000822771689854562	-0,000981042860075831	-0,00113931414671242	-0,000664500403217971	-0,000822771689854562	-0,000981042860075831	-0,00113931414671242	-0,000664500403217971	44979,4156977546
97	0,376335765588	0,375938757138	1,457224206731	1,359253191414	0,047912877053	0,110399834812	-0,000981042860075831	-0,000981042860075831	-0,00113931414671242	-0,000664500403217971	-0,000981042860075831	-0,000822771689854562	-0,00113931414671242	-0,000664500403217971	44979,5147417477
98	0,376123878735	0,3757165684	1,456412811039	1,358436529985	0,047912877053	0,110399834812	-0,000822771689854562	-0,000981042860075831	-0,00113931414671242	-0,000664500403217971	-0,000664500403217971	-0,000981042860075831	-0,00113931414671242	-0,000664500403217971	44979,6136368518
99	0,375893474536	0,375475035673	1,455543365519	1,357562022547	0,047912877053	0,110399834812	-0,000822771689854562	-0,000822771689854562	-0,00113931414671242	-0,000664500403217971	-0,000981042860075831	-0,000822771689854562	-0,00129758543334901	-0,000664500403217971	44979,7124185069
100	0,375709120567	0,375299427859	1,4548749006	1,356956151995	0,047912877053	0,110399834812	-0,000822771689854562	-0,000822771689854562	-0,00113931414671242	-0,000664500403217971	-0,000822771689854562	-0,000981042860075831	-0,00113931414671242	-0,000664500403217971	44979,8112896296
101	0,375506151284	0,375079803697	1,453938532861	1,356148931742	0,047912877053	0,110399834812	-0,000822771689854562	-0,000981042860075831	-0,00113931414671242	-0,000664500403217971	-0,000981042860075831	-0,000981042860075831	-0,00113931414671242	-0,000664500403217971	44979,910449537
102	0,375252601232	0,374867989398	1,453170214718	1,355349564367	0,047912877053	0,110399834812	-0,000981042860075831	-0,00113931414671242	-0,00113931414671242	-0,000664500403217971	-0,000822771689854562	-0,000822771689854562	-0,00113931414671242	-0,000664500403217971	44980,0090809375
103	0,375111915392	0,374698809022	1,452666095592	1,354741290572	0,047912877053	0,110399834812	-0,000981042860075831	-0,00113931414671242	-0,00113931414671242	-0,000664500403217971	-0,000981042860075831	-0,000822771689854562	-0,00113931414671242	-0,000664500403217971	44980,1077768171
104	0,374895207404	0,374477910733	1,4518788379	1,353931124682	0,047912877053	0,110399834812	-0,000822771689854562	-0,000822771689854562	-0,00113931414671242	-0,000664500403217971	-0,000981042860075831	-0,000981042860075831	-0,00129758543334901	-0,000664500403217971	44980,206425544
105	0,374683492115	0,374297119298	1,451095096204	1,353259073504	0,047912877053	0,110399834812	-0,000981042860075831	-0,000981042860075831	-0,00129758543334901	-0,000664500403217971	-0,000664500403217971	-0,000981042860075831	-0,00129758543334901	-0,000664500403217971	44980,3051105903
106	0,374492731592	0,37407105032	1,4503993844	1,35242033282	0,047912877053	0,110399834812	-0,000981042860075831	-0,000981042860075831	-0,00113931414671242	-0,000664500403217971	-0,000981042860075831	-0,000981042860075831	-0,00113931414671242	-0,000664500403217971	44980,4036904745
107	0,374296606992	0,373914806834	1,449658220614	1,351873193038	0,047912877053	0,110399834812	-0,000822771689854562	-0,000822771689854562	-0,00113931414671242	-0,000664500403217971	-0,000981042860075831	-0,000981042860075831	-0,00113931414671242	-0,000664500403217971	44980,5023587037
108	0,37410416763	0,373695195816	1,448924770564	1,351070913532	0,047912877053	0,110399834812	-0,000981042860075831	-0,000822771689854562	-0,00113931414671242	-0,000664500403217971	-0,000822771689854562	-0,000981042860075831	-0,00113931414671242	-0,000664500403217971	44980,6009265278
109	0,373855654747	0,373439459485	1,448014388043	1,350174798046	0,047912877053	0,110399834812	-0,000981042860075831	-0,00113931414671242	-0,00113931414671242	-0,000664500403217971	-0,000981042860075831	-0,000981042860075831	-0,00113931414671242	-0,000664500403217971	44980,6993831944
110	0,373673296596	0,373285683089	1,44734672372	1,349644227977	0,047912877053	0,110399834812	-0,000822771689854562	-0,000822771689854562	-0,00113931414671242	-0,000664500403217971	-0,000981042860075831	-0,000822771689854562	-0,00113931414671242	-0,000664500403217971	44980,7979400463
111	0,373432922631	0,373054543244	1,446422655943	1,348794246085	0,047912877053	0,110399834812	-0,000822771689854562	-0,000822771689854562	-0,00113931414671242	-0,000664500403217971	-0,000822771689854562	-0,000822771689854562	-0,00113931414671242	-0,000664500403217971	44980,8962260764
112	0,373241271843	0,3728582124	1,445713603145	1,348090383405	0,047912877053	0,110399834812	-0,000981042860075831	-0,000822771689854562	-0,00113931414671242	-0,000664500403217971	-0,000981042860075831	-0,00113931414671242	-0,00129758543334901	-0,000664500403217971	44980,9945009954
113	0,373069985027	0,372707049325	1,445087030361	1,347563755487	0,047912877053	0,110399834812	-0,000822771689854562	-0,000981042860075831	-0,00113931414671242	-0,000664500403217971	-0,000981042860075831	-0,000981042860075831	-0,00129758543334901	-0,000664500403217971	44981,0928360417
114	0,372890557817	0,372527572284	1,444432831681	1,346915433106	0,047912877053	0,110399834812	-0,000981042860075831	-0,000822771689854562	-0,00129758543334901	-0,000664500403217971	-0,000822771689854562	-0,000981042860075831	-0,00113931414671242	-0,000664500403217971	44981,1911532523
115	0,372707434572	0,372359569393	1,443756703449	1,346308197694	0,047912877053	0,110399834812	-0,000981042860075831	-0,000822771689854562	-0,00113931414671242	-0,000664500403217971	-0,000822771689854562	-0,000981042860075831	-0,00113931414671242	-0,000664500403217971	44981,2893722917
116	0,372521442186	0,372181331092	1,443038572284	1,345667610355	0,047912877053	0,110399834812	-0,000822771689854562	-0,000981042860075831	-0,00129758543334901	-0,000664500403217971	-0,000822771689854562	-0,000981042860075831	-0,00113931414671242	-0,000664500403217971	44981,3874925694
117	0,372380988536	0,372040595013	1,442513802577	1,345158826992	0,047912877053	0,110399834812	-0,000822771689854562	-0,000981042860075831	-0,00129758543334901	-0,000664500403217971	-0,000822771689854562	-0,000981042860075831	-0,00129758543334901	-0,000664500403217971	44981,4855381944
118	0,372217129708	0,37185464052	1,44188819847	1,34448397433	0,047912877053	0,110399834812	-0,000981042860075831	-0,000981042860075831	-0,00113931414671242	-0,000664500403217971	-0,00113931414671242	-0,000822771689854562	-0,00129758543334901	-0,000664500403217971	44981,5835013889
119	0,372099067359	0,371774526627	1,441454569925	1,344241755012	0,047912877053	0,110399834812	-0,00113931414671242	-0,000981042860075831	-0,00113931414671242	-0,000664500403217971	-0,00113931414671242	-0,000981042860075831	-0,00113931414671242	-0,000664500403217971	44981,6816699074
120	0,371952232387	0,371596266711	1,440909399921	1,343560854121	0,047912877053	0,110399834812	-0,000981042860075831	-0,000822771689854562	-0,00129758543334901	-0,000664500403217971	-0,000822771689854562	-0,000981042860075831	-0,00113931414671242	-0,000664500403217971	44981,7798024884
121	0,37175426333	0,371389636453	1,440152849413	1,342809820749	0,047912877053	0,110399834812	-0,000981042860075831	-0,000822771689854562	-0,00113931414671242	-0,000664500403217971	-0,000981042860075831	-0,000981042860075831	-0,00113931414671242	-0,000664500403217971	44981,8777701505
122	0,371543041853	0,371195861711	1,439367855621	1,342089325012	0,047912877053	0,110399834812	-0,000981042860075831	-0,000981042860075831	-0,00113931414671242	-0,000664500403217971	-0,000822771689854562	-0,000822771689854562	-0,00113931414671242	-0,000664500403217971	44981,9756214583
123	0,371412521473	0,371067997253	1,43889053149	1,341644375024	0,047912877053	0,110399834812	-0,000981042860075831	-0,000981042860075831	-0,00113931414671242	-0,000664500403217971	-0,000822771689854562	-0,000822771689854562	-0,00129758543334901	-0,000664500403217971	44982,0735952431
124	0,371233300368	1,24202E-7	1,43820206415	3,9975E-7	0,047912877053	0,110399834812	-0,000822771689854562	-0,000981042860075831	-0,00129758543334901	-0,000664500403217971	-0,000981042860075831	-0,000981042860075831	-0,00113931414671242	-0,000664500403217971	44982,1784134954
125	3,17896289514509E-14	0,207703067648	1,191585988047E-13	0,728944749252	0,04668867588	0,115328289568	-0,00113931414671242	-0,00113931414671242	-0,00113931414671242	-0,000822771689854562	-0,000981042860075831	-0,00113931414671242	-0,00113931414671242	-0,000664500403217971	44982,4257704861
126	0,378393875365	0,371836515132	1,462804674461	1,344629170333	0,04668867588	0,115328289568	-0,000822771689854562	-0,000664500403217971	-0,00113931414671242	-0,000664500403217971	-0,000822771689854562	-0,000822771689854562	-0,00129758543334901	-0,000506229174789041	44982,5243050694
127	0,372031446348	0,371529097131	1,440771774957	1,343561982712	0,04668867588	0,115328289568	-0,000822771689854562	-0,000981042860075831	-0,00113931414671242	-0,000664500403217971	-0,000981042860075831	-0,00113931414671242	-0,00129758543334901	-0,000664500403217971	44982,621976875
128	0,37172099553	0,371300451709	1,439549736402	1,342733681874	0,04668867588	0,115328289568	-0,000981042860075831	-0,000822771689854562	-0,00129758543334901	-0,000664500403217971	-0,000981042860075831	-0,000981042860075831	-0,00129758543334901	-0,000664500403217971	44982,7195346412
129	0,371478115397	0,371051241365	1,43866567652	1,341778351257	0,04668867588	0,115328289568	-0,000981042860075831	-0,000981042860075831	-0,00113931414671242	-0,000664500403217971	-0,000981042860075831	-0,000822771689854562	-0,00113931414671242	-0,000664500403217971	44982,8170232292
130	0,371285680519	0,370874257482	1,437968022157	1,341139195218	0,04668867588	0,115328289568	-0,000822771689854562	-0,000822771689854562	-0,00129758543334901	-0,000664500403217971	-0,000822771689854562	-0,000822771689854562	-0,00113931414671242	-0,000664500403217971	44982,9146443519
131	0,371040309117	0,370676599106	1,437052101623	1,340410673431	0,04668867588	0,115328289568	-0,000981042860075831	-0,000981042860075831	-0,00113931414671242	-0,000664500403217971	-0,000822771689854562	-0,000981042860075831	-0,00113931414671242	-0,000664500403217971	44983,0121718518
132	0,370859722189	0,370486764157	1,4364033877	1,339695562541	0,04668867588	0,115328289568	-0,000981042860075831	-0,000981042860075831	-0,00113931414671242	-0,000664500403217971	-0,000822771689854562	-0,000981042860075831	-0,00113931414671242	-0,000664500403217971	44983,1096749653
133	0,370675878425	0,370309760989	1,435735316347	1,339033749114	0,04668867588	0,115328289568	-0,000981042860075831	-0,000822771689854562	-0,00113931414671242	-0,000506229174789041	-0,000822771689854562	-0,000822771689854562	-0,00113931414671242	-0,000664500403217971	44983,2071153356
134	0,370480581759	0,370114793073	1,435009541817	1,338305576559	0,04668867588	0,115328289568	-0,000822771689854562	-0,000981042860075831	-0,00113931414671242	-0,000664500403217971	-0,000822771689854562	-0,000822771689854562	-0,00113931414671242	-0,000664500403217971	44983,3044367361
135	0,370344862145	0,369968244371	1,434530014726	1,338231415179	0,04668867588	0,115328289568	-0,000981042860075831	-0,000981042860075831	-0,00129758543334901	-0,000664500403217971	-0,000981042860075831	-0,000822771689854562	-0,00113931414671242	-0,000664500403217971	44983,4029611458
136	0,370139598636	0,369753095553	1,433765485783	1,336941482447	0,04668867588	0,115328289568	-0,000981042860075831	-0,000822771689854562	-0,00113931414671242	-0,000664500403217971	-0,000981042860075831	-0,000981042860075831	-0,00113931414671242	-0,000664500403217971	44983,5003197106
137	0,370012096962	0,36966109128	1,433344935995	1,336845457638	0,04668867588	0,115328289568	-0,000981042860075831	-0,000981042860075831	-0,00113931414671242	-0,000664500403217971	-0,000981042860075831	-0,000822771689854562	-0,00113931414671242	-0,000664500403217971	44983,5981246875
138	0,369061082796	0,368728837734	1,429437898999	1,332970265645	0,04668867588	0,115328289568	-0,000981042860075831	-0,000981042860075831	-0,00113931414671242	-0,000664500403217971	-0,000981042860075831	-0,000981042860075831	-0,00113931414671242	-0,000664500403217971	44983,6928832986
139	0,369658177464	0,369286802521	1,432039926461	1,335246227144	0,04668867588	0,115328289568	-0,000981042860075831	-0,000981042860075831	-0,00113931414671242	-0,000664500403217971	-0,000822771689854562	-0,000981042860075831	-0,00113931414671242	-0,000664500403217971	44983,790191794
140	0,369455000202	0,369130556494	1,431274154964	1,334662212382	0,04668867588	0,115328289568	-0,000981042860075831	-0,000822771689854562	-0,00129758543334901	-0,000664500403217971	-0,000981042860075831	-0,000981042860075831	-0,00129758543334901	-0,000664500403217971	44983,8874050231
141	0,369300759199	0,368961262099	1,430710237523	1,334063222582	0,04668867588	0,115328289568	-0,000981042860075831	-0,000981042860075831	-0,00113931414671242	-0,000664500403217971	-0,000822771689854562	-0,000981042860075831	-0,00113931414671242	-0,000664500403217971	44983,9845581713
142	0,3691595441	0,368851528962	1,430191778318	1,333649225824	0,04668867588	0,115328289568	-0,00113931414671242	-0,000981042860075831	-0,00113931414671242	-0,000664500403217971	-0,000981042860075831	-0,000981042860075831	-0,00113931414671242	-0,000664500403217971	44984,0817541435
143	0,369058718738	0,36873008283	1,429830024279	1,333216924216	0,04668867588	0,115328289568	-0,000822771689854562	-0,000822771689854562	-0,00113931414671242	-0,000664500403217971	-0,000822771689854562	-0,000981042860075831	-0,00129758543334901	-0,000664500403217971	44984,1790140278
144	0,368872421056	0,368554475225	1,429137108874	1,332556767308	0,04668867588	0,115328289568	-0,000981042860075831	-0,00113931414671242	-0,00113931414671242	-0,000664500403217971	-0,000822771689854562	-0,000822771689854562	-0,00129758543334901	-0,000506229174789041	44984,2761557292
145	0,368752028179	0,368406014267	1,428698812614	1,332018300965	0,04668867588	0,115328289568	-0,000822771689854562	-0,000822771689854562	-0,00113931414671242	-0,000664500403217971	-0,000822771689854562	-0,000981042860075831	-0,00129758543334901	-0,000664500403217971	44984,3732994213
146	0,368562914154	0,368271565331	1,428010988911	1,33153302647	0,04668867588	0,115328289568	-0,000822771689854562	-0,000981042860075831	-0,00129758543334901	-0,000664500403217971	-0,000822771689854562	-0,000822771689854562	-0,00113931414671242	-0,000664500403217971	44984,4704034028
147	0,36845844097	0,36686605153	1,427622264298	1,326075917972	0,04668867588	0,115328289568	-0,000981042860075831	-0,000981042860075831	-0,00113931414671242	-0,000664500403217971	-0,000822771689854562	-0,000822771689854562	-0,00319684040732682	-0,000347957946360111	44984,7584811921
148	0,367092664147	0,367140123694	1,422338144395	1,327616405748	0,04668867588	0,115328289568	-0,000981042860075831	-0,000822771689854562	-0,00113931414671242	-0,000664500403217971	-0,000822771689854562	-0,000822771689854562	-0,00113931414671242	-0,000506229174789041	44984,8551657523
149	0,367278974044	0,367048389846	1,423033639278	1,327186384507	0,04668867588	0,115328289568	-0,000981042860075831	-0,000822771689854562	-0,00113931414671242	-0,000664500403217971	-0,000822771689854562	-0,000822771689854562	-0,00113931414671242	-0,000664500403217971	44984,9517483912
150	0,367200879702	0,366943767424	1,422814341214	1,32672867085	0,04668867588	0,115328289568	-0,000822771689854562	-0,000822771689854562	-0,00113931414671242	-0,000664500403217971	-0,000822771689854562	-0,000822771689854562	-0,00113931414671242	-0,000664500403217971	44985,0482614468
151	0,367152905016	0,366845545736	1,422697600446	1,326341405145	0,04668867588	0,115328289568	-0,000822771689854562	-0,000981042860075831	-0,00113931414671242	-0,000506229174789041	-0,000822771689854562	-0,000822771689854562	-0,00113931414671242	-0,000506229174789041	44985,1449464699
152	0,367032779344	0,366702223465	1,422308864418	1,32577200898	0,04668867588	0,115328289568	-0,000822771689854562	-0,000822771689854562	-0,00113931414671242	-0,000664500403217971	-0,000981042860075831	-0,000981042860075831	-0,00113931414671242	-0,000664500403217971	44985,2416982292
153	0,366883158582	0,366565336265	1,421797046771	1,32523621607	0,04668867588	0,115328289568	-0,000822771689854562	-0,000822771689854562	-0,00113931414671242	-0,000664500403217971	-0,000981042860075831	-0,000664500403217971	-0,00113931414671242	-0,000664500403217971	44985,3384073727
154	0,366746108649	0,36643234181	1,421288512674	1,324728493332	0,04668867588	0,115328289568	-0,000822771689854562	-0,000981042860075831	-0,00113931414671242	-0,000664500403217971	-0,000822771689854562	-0,000822771689854562	-0,00113931414671242	-0,000506229174789041	44985,4350605208
155	0,366641398465	0,366318598518	1,420954041896	1,324318694815	0,04668867588	0,115328289568	-0,000981042860075831	-0,00113931414671242	-0,00113931414671242	-0,000506229174789041	-0,000822771689854562	-0,000822771689854562	-0,00129758543334901	-0,000664500403217971	44985,5318843056
156	0,366449333006	0,366140386917	1,420252921609	1,323652290468	0,04668867588	0,115328289568	-0,000981042860075831	-0,000822771689854562	-0,00113931414671242	-0,000664500403217971	-0,000981042860075831	-0,000822771689854562	-0,00113931414671242	-0,000664500403217971	44985,6285222338
157	0,366351955276	0,366034449464	1,419945249455	1,323264249683	0,04668867588	0,115328289568	-0,000822771689854562	-0,000981042860075831	-0,00113931414671242	-0,000664500403217971	-0,000822771689854562	-0,000981042860075831	-0,00113931414671242	-0,000664500403217971	44985,7253713542
158	0,366157621212	0,365845831849	1,419239361448	1,322528667999	0,04668867588	0,115328289568	-0,000981042860075831	-0,000822771689854562	-0,00113931414671242	-0,000506229174789041	-0,000822771689854562	-0,000822771689854562	-0,00113931414671242	-0,000664500403217971	44985,8220066435
159	0,366011987035	0,365701229727	1,418731389732	1,321995858979	0,04668867588	0,115328289568	-0,000822771689854562	-0,000664500403217971	-0,00113931414671242	-0,000664500403217971	-0,000822771689854562	-0,000981042860075831	-0,00129758543334901	-0,000664500403217971	44985,9186797338
160	0,365854072869	0,365546244901	1,418172032015	1,32139826522	0,04668867588	0,115328289568	-0,000981042860075831	-0,000822771689854562	-0,00113931414671242	-0,000664500403217971	-0,000981042860075831	-0,000664500403217971	-0,00113931414671242	-0,000664500403217971	44986,0153442361
161	0,365709736992	0,365396433097	1,417659624497	1,320842631065	0,04668867588	0,115328289568	-0,000981042860075831	-0,000822771689854562	-0,00113931414671242	-0,000664500403217971	-0,000981042860075831	-0,000822771689854562	-0,00113931414671242	-0,000664500403217971	44986,1120173843
162	0,365572435027	0,365269808647	1,417179296511	1,320368220489	0,04668867588	0,115328289568	-0,000981042860075831	-0,000981042860075831	-0,00113931414671242	-0,000506229174789041	-0,000981042860075831	-0,000981042860075831	-0,00113931414671242	-0,000664500403217971	44986,2087351389
163	0,365473744366	0,36516001087	1,416842567923	1,319966347936	0,04668867588	0,115328289568	-0,000981042860075831	-0,000822771689854562	-0,00113931414671242	-0,000664500403217971	-0,000664500403217971	-0,000981042860075831	-0,00113931414671242	-0,000506229174789041	44986,3056163773
164	0,365248969414	0,364970139895	1,415993640246	1,319255767973	0,04668867588	0,115328289568	-0,000981042860075831	-0,000822771689854562	-0,00113931414671242	-0,000664500403217971	-0,000822771689854562	-0,000981042860075831	-0,00113931414671242	-0,000664500403217971	44986,4021570255
165	0,36515121724	0,364859093002	1,415628230513	1,318863535016	0,04668867588	0,115328289568	-0,000822771689854562	-0,000981042860075831	-0,00113931414671242	-0,000664500403217971	-0,000822771689854562	-0,000822771689854562	-0,00113931414671242	-0,000506229174789041	44986,4986690162
166	0,365033291565	0,364745339113	1,415190473897	1,318442614256	0,04668867588	0,115328289568	-0,000981042860075831	-0,000981042860075831	-0,00113931414671242	-0,000664500403217971	-0,000981042860075831	-0,000664500403217971	-0,00129758543334901	-0,000664500403217971	44986,5951797917
167	0,364927059801	0,364512911995	1,414841506731	1,317623816842	0,04668867588	0,115328289568	-0,00113931414671242	-0,000822771689854562	-0,00113931414671242	-0,000664500403217971	-0,000981042860075831	-0,000981042860075831	-0,00113931414671242	-0,000506229174789041	44986,6917430324
168	0,364705371408	0,364550440289	1,413859396362	1,317750098803	0,04668867588	0,115328289568	-0,000981042860075831	-0,000981042860075831	-0,00113931414671242	-0,000664500403217971	-0,000981042860075831	-0,000822771689854562	-0,00113931414671242	-0,000664500403217971	44986,7883536921
169	0,364673524072	0,364381123216	1,413953086563	1,317092751435	0,04668867588	0,115328289568	-0,000822771689854562	-0,000981042860075831	-0,00113931414671242	-0,000664500403217971	-0,000822771689854562	-0,000822771689854562	-0,00113931414671242	-0,000664500403217971	44986,8847628704
170	0,364575140883	0,36427907342	1,413601146839	1,316718052602	0,04668867588	0,115328289568	-0,000981042860075831	-0,000981042860075831	-0,00113931414671242	-0,000506229174789041	-0,000822771689854562	-0,000981042860075831	-0,00113931414671242	-0,000664500403217971	44986,9812225
171	0,364476360671	0,364186162717	1,413250580387	1,316375709648	0,04668867588	0,115328289568	-0,000822771689854562	-0,000822771689854562	-0,00113931414671242	-0,000664500403217971	-0,000981042860075831	-0,000822771689854562	-0,00129758543334901	-0,000664500403217971	44987,0777727546
172	0,364318433373	0,364040156132	1,412637049411	1,315851762974	0,04668867588	0,115328289568	-0,000822771689854562	-0,000822771689854562	-0,00113931414671242	-0,000664500403217971	-0,000981042860075831	-0,000981042860075831	-0,00113931414671242	-0,000664500403217971	44987,1741374884
173	0,364199494187	0,363913640404	1,412212189616	1,315388491818	0,04668867588	0,115328289568	-0,000981042860075831	-0,000822771689854562	-0,00113931414671242	-0,000664500403217971	-0,000981042860075831	-0,000822771689854562	-0,00113931414671242	-0,000664500403217971	44987,2705089005
174	0,364089039062	0,363823165847	1,411813835151	1,315080042221	0,04668867588	0,115328289568	-0,000822771689854562	-0,000981042860075831	-0,00113931414671242	-0,000664500403217971	-0,000822771689854562	-0,000981042860075831	-0,00113931414671242	-0,000506229174789041	44987,366930787
175	0,364018384287	2,3535E-8	1,411533828695	7,5751E-8	0,04668867588	0,115328289568	-0,000822771689854562	-0,000981042860075831	-0,00113931414671242	-0,000664500403217971	-0,000822771689854562	-0,000981042860075831	-0,00113931414671242	-0,000664500403217971	44987,4703464005
176	6,35792579029017E-15	0,202106064614	2,38445258371484E-14	0,709317770695	0,04782659933	0,118168890476	-0,000822771689854562	-0,000822771689854562	-0,000981042860075831	-0,000822771689854562	-0,000822771689854562	-0,000822771689854562	-0,00113931414671242	-0,000664500403217971	44987,7137598958
177	0,371204327896	0,364737620164	1,436353072797	1,318602254761	0,04782659933	0,118168890476	-0,000981042860075831	-0,000506229174789041	-0,00113931414671242	-0,000506229174789041	-0,000822771689854562	-0,000822771689854562	-0,00113931414671242	-0,000506229174789041	44987,8110862731
178	0,364883702634	0,364479345324	1,414399455786	1,317720541782	0,04782659933	0,118168890476	-0,000981042860075831	-0,000981042860075831	-0,00113931414671242	-0,000664500403217971	-0,000981042860075831	-0,000822771689854562	-0,00113931414671242	-0,000664500403217971	44987,9073287037
179	0,36467102064	0,364301069508	1,413532060168	1,31708501213	0,04782659933	0,118168890476	-0,000822771689854562	-0,000981042860075831	-0,00113931414671242	-0,000664500403217971	-0,000822771689854562	-0,000822771689854562	-0,00113931414671242	-0,000664500403217971	44988,0035023148
180	0,364519993362	0,364166795626	1,412981053622	1,316593005497	0,04782659933	0,118168890476	-0,000981042860075831	-0,000981042860075831	-0,00113931414671242	-0,000664500403217971	-0,000981042860075831	-0,000981042860075831	-0,00113931414671242	-0,000664500403217971	44988,0997666551
181	0,364368208827	0,364029837429	1,412420926606	1,316090893385	0,04782659933	0,118168890476	-0,000822771689854562	-0,000822771689854562	-0,00113931414671242	-0,000506229174789041	-0,000981042860075831	-0,000981042860075831	-0,00113931414671242	-0,000664500403217971	44988,1960735069
182	0,364188377493	0,36387745236	1,411764640061	1,315521680487	0,04782659933	0,118168890476	-0,000981042860075831	-0,000822771689854562	-0,00113931414671242	-0,000506229174789041	-0,00113931414671242	-0,000981042860075831	-0,00113931414671242	-0,000664500403217971	44988,2923528819
183	0,364035667463	0,363727603042	1,411180892026	1,314975136522	0,04782659933	0,118168890476	-0,000822771689854562	-0,000822771689854562	-0,00113931414671242	-0,000664500403217971	-0,000981042860075831	-0,000822771689854562	-0,00113931414671242	-0,000664500403217971	44988,3885171065
184	0,363897125671	0,363613919727	1,410669929969	1,314583825097	0,04782659933	0,118168890476	-0,000822771689854562	-0,000981042860075831	-0,00113931414671242	-0,000664500403217971	-0,000822771689854562	-0,000822771689854562	-0,00113931414671242	-0,000506229174789041	44988,4846608912
185	0,363748935225	0,363464063207	1,410104003793	1,314025529987	0,04782659933	0,118168890476	-0,000981042860075831	-0,000981042860075831	-0,00113931414671242	-0,000506229174789041	-0,000822771689854562	-0,000822771689854562	-0,00113931414671242	-0,000664500403217971	44988,5806981366
186	0,363640316822	0,363376229945	1,409716481425	1,313776599635	0,04782659933	0,118168890476	-0,000822771689854562	-0,000981042860075831	-0,00113931414671242	-0,000664500403217971	-0,000981042860075831	-0,000822771689854562	-0,00113931414671242	-0,000664500403217971	44988,6767234838
187	0,363588365156	0,363309109533	1,409490771282	1,313512249552	0,04782659933	0,118168890476	-0,000822771689854562	-0,000822771689854562	-0,00113931414671242	-0,000506229174789041	-0,000822771689854562	-0,000981042860075831	-0,00113931414671242	-0,000664500403217971	44988,7728786343
188	0,363441116913	0,363168306485	1,40893179884	1,312971879422	0,04782659933	0,118168890476	-0,000981042860075831	-0,000822771689854562	-0,00113931414671242	-0,000664500403217971	-0,000981042860075831	-0,000664500403217971	-0,00113931414671242	-0,000506229174789041	44988,868767963
189	0,363325886732	0,363048201029	1,408506219887	1,312525507276	0,04782659933	0,118168890476	-0,000981042860075831	-0,000822771689854562	-0,00113931414671242	-0,000664500403217971	-0,000981042860075831	-0,000981042860075831	-0,00113931414671242	-0,000506229174789041	44988,9646549884
190	0,363229359515	0,362951334639	1,408159046714	1,312177405715	0,04782659933	0,118168890476	-0,000664500403217971	-0,000981042860075831	-0,00113931414671242	-0,000664500403217971	-0,000822771689854562	-0,000981042860075831	-0,00113931414671242	-0,000664500403217971	44989,0605541435
191	0,363114261738	0,362851840308	1,407739215258	1,311800147867	0,04782659933	0,118168890476	-0,000981042860075831	-0,000822771689854562	-0,00113931414671242	-0,000664500403217971	-0,000981042860075831	-0,000822771689854562	-0,00113931414671242	-0,000664500403217971	44989,1564117014
192	0,363038979383	0,36278216528	1,407458390098	1,311565210159	0,04782659933	0,118168890476	-0,000822771689854562	-0,000822771689854562	-0,00113931414671242	-0,000506229174789041	-0,000981042860075831	-0,000981042860075831	-0,00113931414671242	-0,000506229174789041	44989,2523530787
193	0,362972168522	0,362708507438	1,407203343767	1,31129265894	0,04782659933	0,118168890476	-0,000981042860075831	-0,000664500403217971	-0,00113931414671242	-0,000664500403217971	-0,000822771689854562	-0,000981042860075831	-0,00113931414671242	-0,000506229174789041	44989,348352963
194	0,362871952208	0,362619391572	1,406840948398	1,310976386163	0,04782659933	0,118168890476	-0,000822771689854562	-0,000822771689854562	-0,00113931414671242	-0,000664500403217971	-0,000822771689854562	-0,000981042860075831	-0,00113931414671242	-0,000506229174789041	44989,4443163194
195	0,362781806262	0,362531583321	1,406497980861	1,310643585336	0,04782659933	0,118168890476	-0,000981042860075831	-0,000981042860075831	-0,00113931414671242	-0,000506229174789041	-0,000822771689854562	-0,000664500403217971	-0,00113931414671242	-0,000506229174789041	44989,5402511227
196	0,362676761387	0,362434640422	1,406099500363	1,310292936147	0,04782659933	0,118168890476	-0,000822771689854562	-0,000822771689854562	-0,00113931414671242	-0,000506229174789041	-0,000822771689854562	-0,000822771689854562	-0,00113931414671242	-0,000664500403217971	44989,6360541898
197	0,362561352572	0,362318385963	1,405658942994	1,309864619722	0,04782659933	0,118168890476	-0,000822771689854562	-0,000822771689854562	-0,00113931414671242	-0,000506229174789041	-0,000822771689854562	-0,00113931414671242	-0,00113931414671242	-0,000664500403217971	44989,7317611343
198	0,362481071218	0,362242169691	1,405376394594	1,309608579372	0,04782659933	0,118168890476	-0,000981042860075831	-0,000981042860075831	-0,00113931414671242	-0,000664500403217971	-0,000981042860075831	-0,000822771689854562	-0,00129758543334901	-0,000506229174789041	44989,8275160069
199	0,362429740083	0,362182800441	1,405185367009	1,309392823229	0,04782659933	0,118168890476	-0,000822771689854562	-0,000822771689854562	-0,00113931414671242	-0,000664500403217971	-0,000822771689854562	-0,000822771689854562	-0,00113931414671242	-0,000664500403217971	44989,9233655671
200	0,362341717176	0,362094932635	1,404843690154	1,309078709469	0,04782659933	0,118168890476	-0,000981042860075831	-0,000981042860075831	-0,00113931414671242	-0,000664500403217971	-0,000981042860075831	-0,00113931414671242	-0,00113931414671242	-0,000664500403217971	44990,0191376157
201	0,362276417708	0,362025226667	1,404613961987	1,308817754273	0,04782659933	0,118168890476	-0,000822771689854562	-0,000822771689854562	-0,00113931414671242	-0,000506229174789041	-0,000981042860075831	-0,000981042860075831	-0,00113931414671242	-0,000664500403217971	44990,1149643519
202	0,362159844968	0,361906382835	1,404173272473	1,308368403381	0,04782659933	0,118168890476	-0,000822771689854562	-0,000981042860075831	-0,00113931414671242	-0,000506229174789041	-0,000981042860075831	-0,000822771689854562	-0,00113931414671242	-0,000664500403217971	44990,2105910648
203	0,36207475049	0,361837945486	1,403848268193	1,308131762155	0,04782659933	0,118168890476	-0,000822771689854562	-0,000822771689854562	-0,00113931414671242	-0,000664500403217971	-0,000981042860075831	-0,000664500403217971	-0,00113931414671242	-0,000664500403217971	44990,3062047569
204	0,362023556513	0,361779796534	1,403650839172	1,307910188725	0,04782659933	0,118168890476	-0,000822771689854562	-0,000822771689854562	-0,00113931414671242	-0,000664500403217971	-0,000981042860075831	-0,00113931414671242	-0,00113931414671242	-0,000664500403217971	44990,4019189005
205	0,361933043372	0,361695836521	1,403302060899	1,307615816701	0,04782659933	0,118168890476	-0,000981042860075831	-0,000822771689854562	-0,00113931414671242	-0,000664500403217971	-0,000981042860075831	-0,000664500403217971	-0,00113931414671242	-0,000664500403217971	44990,4975136111
206	0,361892554294	0,361651913426	1,403161284513	1,307473110217	0,04782659933	0,118168890476	-0,000822771689854562	-0,000822771689854562	-0,00113931414671242	-0,000664500403217971	-0,000822771689854562	-0,000664500403217971	-0,00113931414671242	-0,000664500403217971	44990,5932484375
207	0,361790820047	0,361552519338	1,402751841219	1,307108121698	0,04782659933	0,118168890476	-0,000822771689854562	-0,000981042860075831	-0,00113931414671242	-0,000664500403217971	-0,000822771689854562	-0,000822771689854562	-0,00113931414671242	-0,000664500403217971	44990,6888749074
208	0,361689434108	0,361451723959	1,402356541831	1,306725483584	0,04782659933	0,118168890476	-0,000664500403217971	-0,000981042860075831	-0,00113931414671242	-0,000664500403217971	-0,000822771689854562	-0,000822771689854562	-0,00113931414671242	-0,000506229174789041	44990,7843711227
209	0,361674595386	0,361441352064	1,402337786423	1,306699342706	0,04782659933	0,118168890476	-0,000981042860075831	-0,000981042860075831	-0,00113931414671242	-0,000664500403217971	-0,000664500403217971	-0,000981042860075831	-0,00113931414671242	-0,000506229174789041	44990,8800779167
210	0,361594415604	0,361354864565	1,402015456845	1,306380222142	0,04782659933	0,118168890476	-0,000822771689854562	-0,000664500403217971	-0,00113931414671242	-0,000664500403217971	-0,000981042860075831	-0,000822771689854562	-0,00113931414671242	-0,000506229174789041	44990,9757419792
211	0,361531371213	0,361303233969	1,401798969522	1,306200353221	0,04782659933	0,118168890476	-0,000981042860075831	-0,000822771689854562	-0,00113931414671242	-0,000664500403217971	-0,000822771689854562	-0,000664500403217971	-0,00113931414671242	-0,000506229174789041	44991,0714292824
212	0,361404322502	0,361182994572	1,401283323311	1,305744728152	0,04782659933	0,118168890476	-0,000981042860075831	-0,000981042860075831	-0,00113931414671242	-0,000664500403217971	-0,000981042860075831	-0,000822771689854562	-0,00113931414671242	-0,000506229174789041	44991,1668947106
213	0,361330245872	0,361101671403	1,400999602146	1,305451227076	0,04782659933	0,118168890476	-0,000981042860075831	-0,000822771689854562	-0,00113931414671242	-0,000664500403217971	-0,000981042860075831	-0,000981042860075831	-0,00113931414671242	-0,000664500403217971	44991,2622774884
214	0,361276084911	0,361055116339	1,400801398945	1,305284723056	0,04782659933	0,118168890476	-0,000822771689854562	-0,000822771689854562	-0,00113931414671242	-0,000664500403217971	-0,000822771689854562	-0,000822771689854562	-0,00113931414671242	-0,000664500403217971	44991,3576716204
215	0,361247871475	0,360995733525	1,400706210244	1,30506867605	0,04782659933	0,118168890476	-0,000822771689854562	-0,000664500403217971	-0,00129758543334901	-0,000664500403217971	-0,000822771689854562	-0,000981042860075831	-0,00113931414671242	-0,000664500403217971	44991,4531719444
216	0,361147257451	0,360927295962	1,400293114712	1,304822306372	0,04782659933	0,118168890476	-0,000981042860075831	-0,000981042860075831	-0,00113931414671242	-0,000506229174789041	-0,000981042860075831	-0,000981042860075831	-0,00113931414671242	-0,000506229174789041	44991,5485648148
217	0,361090121066	0,360861459007	1,400077332803	1,304582742411	0,04782659933	0,118168890476	-0,000822771689854562	-0,000822771689854562	-0,00113931414671242	-0,000664500403217971	-0,000981042860075831	-0,000822771689854562	-0,00113931414671242	-0,000506229174789041	44991,6439800926
218	0,361038743535	0,360804618727	1,399888769159	1,304357169831	0,04782659933	0,118168890476	-0,000822771689854562	-0,000822771689854562	-0,00113931414671242	-0,000664500403217971	-0,000981042860075831	-0,000822771689854562	-0,00113931414671242	-0,000506229174789041	44991,7394252431
219	0,360939088534	0,360715529351	1,399509581605	1,304020947247	0,04782659933	0,118168890476	-0,000981042860075831	-0,000822771689854562	-0,00113931414671242	-0,000664500403217971	-0,000981042860075831	-0,000822771689854562	-0,00113931414671242	-0,000664500403217971	44991,8348025
220	0,360892173143	0,360667703126	1,39935503142	1,303851166654	0,04782659933	0,118168890476	-0,000981042860075831	-0,000981042860075831	-0,00113931414671242	-0,000664500403217971	-0,000981042860075831	-0,000822771689854562	-0,00113931414671242	-0,000664500403217971	44991,9302146991
221	0,360837591623	0,360617269302	1,399146314934	1,30366326462	0,04782659933	0,118168890476	-0,000822771689854562	-0,000981042860075831	-0,00113931414671242	-0,000664500403217971	-0,000981042860075831	-0,000981042860075831	-0,00113931414671242	-0,000506229174789041	44992,0256321181
222	0,360755721823	0,360528240541	1,398832011059	1,303328936485	0,04782659933	0,118168890476	-0,000822771689854562	-0,000822771689854562	-0,00113931414671242	-0,000664500403217971	-0,000981042860075831	-0,000822771689854562	-0,00113931414671242	-0,000664500403217971	44992,1209710417
223	0,360691284972	0,36046237921	1,398594577061	1,30309969505	0,04782659933	0,118168890476	-0,000664500403217971	-0,000981042860075831	-0,00113931414671242	-0,000506229174789041	-0,000822771689854562	-0,000664500403217971	-0,00113931414671242	-0,000664500403217971	44992,2163262731
224	0,360612339762	0,360399091782	1,398284443503	1,302885929406	0,04782659933	0,118168890476	-0,000981042860075831	-0,000981042860075831	-0,00113931414671242	-0,000664500403217971	-0,000664500403217971	-0,000822771689854562	-0,00113931414671242	-0,000664500403217971	44992,3116446875
225	0,360535513163	0,360322804939	1,397980546058	1,302604292012	0,04782659933	0,118168890476	-0,000822771689854562	-0,000981042860075831	-0,00113931414671242	-0,000664500403217971	-0,000981042860075831	-0,000822771689854562	-0,00113931414671242	-0,000506229174789041	44992,4068986111
226	0,3605243197	4,4728E-8	1,397940793823	1,43194E-7	0,04782659933	0,118168890476	-0,000822771689854562	-0,000981042860075831	-0,00113931414671242	-0,000664500403217971	-0,000981042860075831	-0,000822771689854562	-0,00113931414671242	-0,000664500403217971	44992,5092748032
227	0	0,19858106528	0	0,696952901169	0,046989299357	0,118283830583	-0,000822771689854562	-0,000822771689854562	-0,00113931414671242	-0,000664500403217971	-0,000981042860075831	-0,000664500403217971	-0,00113931414671242	-0,000664500403217971	44992,7504506944
228	0,366807486656	0,361081021496	1,419732594302	1,305491706269	0,046989299357	0,118283830583	-0,000822771689854562	-0,000981042860075831	-0,00113931414671242	-0,000664500403217971	-0,000822771689854562	-0,000981042860075831	-0,00113931414671242	-0,000664500403217971	44992,8464169213
229	0,361250010774	0,360875697791	1,400404185665	1,304819746598	0,046989299357	0,118283830583	-0,000822771689854562	-0,000822771689854562	-0,00113931414671242	-0,000664500403217971	-0,000981042860075831	-0,000822771689854562	-0,00113931414671242	-0,000664500403217971	44992,9415314005
230	0,361099900575	0,360772341656	1,3998091503	1,304456859176	0,046989299357	0,118283830583	-0,000822771689854562	-0,000822771689854562	-0,00129758543334901	-0,000664500403217971	-0,000822771689854562	-0,000822771689854562	-0,00113931414671242	-0,000664500403217971	44993,0367765046
231	0,360921712126	0,360630285883	1,399119219069	1,303913280443	0,046989299357	0,118283830583	-0,000822771689854562	-0,000822771689854562	-0,00113931414671242	-0,000664500403217971	-0,000981042860075831	-0,000822771689854562	-0,00129758543334901	-0,000664500403217971	44993,1318862037
232	0,360784942762	0,360503705092	1,398613944254	1,303434914507	0,046989299357	0,118283830583	-0,000822771689854562	-0,000822771689854562	-0,00113931414671242	-0,000664500403217971	-0,000822771689854562	-0,000981042860075831	-0,00113931414671242	-0,000664500403217971	44993,2269842014
233	0,360667427203	0,360391292304	1,398172595148	1,303011782684	0,046989299357	0,118283830583	-0,000822771689854562	-0,000822771689854562	-0,00129758543334901	-0,000664500403217971	-0,00113931414671242	-0,000822771689854562	-0,00113931414671242	-0,000664500403217971	44993,3220801389
234	0,360578740142	0,3603241738	1,397863812599	1,302769181753	0,046989299357	0,118283830583	-0,000981042860075831	-0,000664500403217971	-0,00113931414671242	-0,000664500403217971	-0,000981042860075831	-0,000822771689854562	-0,00113931414671242	-0,000506229174789041	44993,4172471875
235	0,360468369374	0,360202718134	1,397445035684	1,302303324032	0,046989299357	0,118283830583	-0,000981042860075831	-0,000981042860075831	-0,00113931414671242	-0,000664500403217971	-0,000822771689854562	-0,000981042860075831	-0,00113931414671242	-0,000664500403217971	44993,5123831713
236	0,360400150595	0,360163974838	1,397218047532	1,302151148998	0,046989299357	0,118283830583	-0,000822771689854562	-0,000981042860075831	-0,00113931414671242	-0,000506229174789041	-0,000822771689854562	-0,000981042860075831	-0,00113931414671242	-0,000506229174789041	44993,6076367593
237	0,36030431084	0,360064505091	1,396859405721	1,30179679524	0,046989299357	0,118283830583	-0,000981042860075831	-0,000822771689854562	-0,00113931414671242	-0,000664500403217971	-0,000981042860075831	-0,000981042860075831	-0,00113931414671242	-0,000664500403217971	44993,7028095602
238	0,360210145666	0,359977991102	1,396514346764	1,301475198245	0,046989299357	0,118283830583	-0,000981042860075831	-0,000981042860075831	-0,00113931414671242	-0,000506229174789041	-0,000981042860075831	-0,000822771689854562	-0,00113931414671242	-0,000664500403217971	44993,7979343403
239	0,36014229423	0,359904317153	1,396268783943	1,301212479653	0,046989299357	0,118283830583	-0,000822771689854562	-0,000822771689854562	-0,00113931414671242	-0,000664500403217971	-0,000822771689854562	-0,000822771689854562	-0,00113931414671242	-0,000664500403217971	44993,8930249653
240	0,360040909359	0,359798484392	1,395899874846	1,300837299116	0,046989299357	0,118283830583	-0,000822771689854562	-0,000981042860075831	-0,00113931414671242	-0,000664500403217971	-0,000664500403217971	-0,000822771689854562	-0,00113931414671242	-0,000664500403217971	44993,9880363542
241	0,359956309724	0,359736448624	1,395567006555	1,300623991964	0,046989299357	0,118283830583	-0,00113931414671242	-0,000822771689854562	-0,00113931414671242	-0,000506229174789041	-0,000981042860075831	-0,000822771689854562	-0,00113931414671242	-0,000664500403217971	44994,0830337153
242	0,359881016784	0,359683470785	1,39528063563	1,300406453348	0,046989299357	0,118283830583	-0,000822771689854562	-0,000822771689854562	-0,00113931414671242	-0,000664500403217971	-0,000981042860075831	-0,000822771689854562	-0,00113931414671242	-0,000664500403217971	44994,1779591204
243	0,359868604787	0,359658950174	1,39523982856	1,300322364897	0,046989299357	0,118283830583	-0,000822771689854562	-0,000664500403217971	-0,00113931414671242	-0,000506229174789041	-0,000822771689854562	-0,000981042860075831	-0,00129758543334901	-0,000664500403217971	44994,2729398727
244	0,359814731053	0,359584008243	1,395030719016	1,300019250606	0,046989299357	0,118283830583	-0,000981042860075831	-0,00113931414671242	-0,00113931414671242	-0,000664500403217971	-0,000981042860075831	-0,000822771689854562	-0,00113931414671242	-0,000664500403217971	44994,3679115625
245	0,359767868581	0,359558202484	1,394867216122	1,299942596275	0,046989299357	0,118283830583	-0,000822771689854562	-0,000822771689854562	-0,00113931414671242	-0,000664500403217971	-0,000981042860075831	-0,000822771689854562	-0,00113931414671242	-0,000506229174789041	44994,4629541782
246	0,359694738059	0,29393900006	1,394582131441	1,085684390909	0,046989299357	0,118283830583	-0,000822771689854562	-0,000822771689854562	-0,00129758543334901	-0,000664500403217971	-0,000981042860075831	-0,000822771689854562	-0,00113931414671242	-0,000664500403217971	44994,5520745602
