TesterID:	Maccor#2						
Channel Number:	37						
TestName:	KAI_Zelltest_regulaer_fix_no_degass_flag.000						
TestDesc:	Regular cycling: formation, followed by pulse, C-rate quick charge and cycling t						
StartDateTime:	44986,7003722917						
Comment:							
							
							
Cycle	AH-IN	AH-OUT	WH-IN	WH-OUT	ACR	DCIR	Date
0		4,36840365199257E-10		1,03151594369973E-10	0	0	44987,7005003472
1	0,51753319323	0,443094842031	1,926381697161	1,625223410842	0	0	44988,1379120602
2	0,446436632575	0,443516440223	1,677161589709	1,627365684103	0	0	44988,550540706
3	0,458337287864	1,28449174741232E-9	1,725989715107	4,12990411235064E-9	0	0	44989,0353207292
4	6,99371836931919E-14	0	2,62431427172756E-13	0	0,044985212386	0,126968100667	44989,3359442245
5	0,448366412049	0,445600625062	1,696998630742	1,635978749639	0,044985212386	0,126968100667	44989,5983863657
6	0,447000072306	0,444602638624	1,691379179173	1,632457299517	0,044985212386	0,126968100667	44989,8666943056
7	0,445979512049	0,443781142062	1,68717105248	1,629576821642	0,044985212386	0,126968100667	44990,134390625
8	0,445033350094	0,423110807139	1,683292399274	1,527745986086	0,044985212386	0,126968100667	44990,3199853819
9	0,423624140491	0,422215660781	1,609207345388	1,524769433538	0,044985212386	0,126968100667	44990,4997838657
10	0,422624209562	0,421507904752	1,605312510524	1,522390165976	0,044985212386	0,126968100667	44990,6789468056
11	0,421943747507	0,363524641456	1,602636686747	1,282226872239	0,044985212386	0,126968100667	44990,8363669676
12	0,363795001995	0,364080035943	1,397096812292	1,284796056843	0,044985212386	0,126968100667	44990,9779290625
13	0,364279589341	0,363532405118	1,398520546454	1,282988567238	0,044985212386	0,126968100667	44991,1193750231
14	0,36378648749	0,436718610653	1,396542870822	1,604603808036	0,044985212386	0,126968100667	44991,3619644329
15	0,437982841091	0,437460162011	1,656146007111	1,607229225383	0,044985212386	0,126968100667	44991,6247006713
16	0,438438710661	4,23857480735485E-10	1,657454121781	1,34501261453805E-9	0,044985212386	0,126968100667	44991,8943533565
17	0,385323880002	0,384857914356	1,464317897901	1,393681671237	0,044985212386	0,126968100667	44992,039457581
18	0,3853419611	0,384571302243	1,464079755317	1,392541842656	0,044985212386	0,126968100667	44992,1913703704
19	0,385220561806	0,384359333876	1,463371968319	1,391704809974	0,044985212386	0,126968100667	44992,3432119676
20	0,35689834763	0,349808746086	1,383243266089	1,257541139537	0,044985212386	0,126968100667	44992,4672293981
21	0,349613298093	0,342251276658	1,35432970368	1,230619035879	0,044985212386	0,126968100667	44992,5888884606
22	0,342638170097	2,55619134813458E-9	1,327326444363	7,81136361317247E-9	0,044985212386	0,126968100667	44992,7156067477
23	1,90737773708705E-14	0,242902323681	7,13628298286663E-14	0,852209059644	0,0446376279	0,110344678164	44992,9893090741
24	0,420154946144	0,411424048405	1,616772313284	1,486330116074	0,0446376279	0,110344678164	44993,0965510764
25	0,411935099417	0,410691698433	1,588523288971	1,483807276006	0,0446376279	0,110344678164	44993,2028299653
26	0,411121536519	0,410056191538	1,585361672285	1,481595368414	0,0446376279	0,110344678164	44993,3087657986
27	0,410494854319	0,409564093171	1,582962773328	1,479952870382	0,0446376279	0,110344678164	44993,4145953819
28	0,409826291515	0,408964742951	1,580472623841	1,477801979114	0,0446376279	0,110344678164	44993,5200800463
29	0,409440235897	0,408623805118	1,578926937452	1,476608648451	0,0446376279	0,110344678164	44993,6256060417
30	0,409004670483	0,408245296817	1,577232369796	1,475313166976	0,0446376279	0,110344678164	44993,7309081944
31	0,408654044183	0,407878541562	1,575862774255	1,47398080362	0,0446376279	0,110344678164	44993,8362094676
32	0,408247234828	0,407512935823	1,574320664938	1,47267339059	0,0446376279	0,110344678164	44993,9413661343
33	0,407868293161	0,407162923957	1,572861399923	1,471424082433	0,0446376279	0,110344678164	44994,0463734028
34	0,40752396002	0,406841274583	1,57153481288	1,470268537116	0,0446376279	0,110344678164	44994,1512783681
35	0,407195945385	0,406532587539	1,570263426767	1,469171680132	0,0446376279	0,110344678164	44994,2560754745
36	0,406907410381	0,406250997338	1,569146999946	1,468178796086	0,0446376279	0,110344678164	44994,3609265046
37	0,406617660132	0,40597589519	1,56804765443	1,467197598097	0,0446376279	0,110344678164	44994,4657628704
38	0,406263291902	0,405646533016	1,566651703496	1,465992279698	0,0446376279	0,110344678164	44994,5702047338
39	0,406011556607	0,405388187814	1,565694902371	1,465079556133	0,0446376279	0,110344678164	44994,6747173843
40	0,405717593139	0,405110521302	1,56456083177	1,464069976983	0,0446376279	0,110344678164	44994,779089294
41	0,405466016173	0,404875424915	1,563605298428	1,463238661173	0,0446376279	0,110344678164	44994,8835176042
42	0,405203156545	0,404611873634	1,562571486686	1,46229403873	0,0446376279	0,110344678164	44994,9877889931
43	0,40495111146	0,404365236128	1,561611986961	1,461410378159	0,0446376279	0,110344678164	44995,0920811343
44	0,404699542873	0,404132720001	1,560628302888	1,460578127913	0,0446376279	0,110344678164	44995,1962771181
45	0,404442508224	0,403888643894	1,559645682975	1,45970103096	0,0446376279	0,110344678164	44995,3003767824
46	0,404207963763	0,403645816693	1,558737297469	1,45883091262	0,0446376279	0,110344678164	44995,4044384954
47	0,403971905903	0,403426206732	1,557841758003	1,458042645623	0,0446376279	0,110344678164	44995,5084516667
48	0,403785703371	0,403255729549	1,557112436422	1,45743467243	0,0446376279	0,110344678164	44995,6125241088
49	0,40355125189	0,403003920722	1,556204028802	1,456491303923	0,0446376279	0,110344678164	44995,7164111574
50	0,403304950373	0,402774000535	1,555260318529	1,455671165574	0,0446376279	0,110344678164	44995,820149456
51	0,403100438603	0,402576304225	1,554498610883	1,454971165066	0,0446376279	0,110344678164	44995,9238819444
52	0,402873425929	0,402354108494	1,553622302167	1,454171376149	0,0446376279	0,110344678164	44996,0276039352
53	0,402682207879	0,402174648834	1,552900955426	1,45354725126	0,0446376279	0,110344678164	44996,131332419
54	0,402479399257	0,401971857704	1,552122799043	1,452835660117	0,0446376279	0,110344678164	44996,2349525347
55	0,402263565957	0,401765137799	1,551274447355	1,452102109971	0,0446376279	0,110344678164	44996,3385165046
56	0,402081015347	0,401574009442	1,550583694196	1,451403191624	0,0446376279	0,110344678164	44996,4420787037
57	0,401897662284	0,401399681686	1,549890580497	1,450787597933	0,0446376279	0,110344678164	44996,5456608449
58	0,401671792435	0,401167164496	1,549018981896	1,449942645815	0,0446376279	0,110344678164	44996,6490504167
59	0,401490791018	0,401000526655	1,548324030792	1,449343771392	0,0446376279	0,110344678164	44996,7524418056
60	0,401314598694	0,400815787374	1,54764299574	1,448685074381	0,0446376279	0,110344678164	44996,8558090625
61	0,401109023059	0,400615568026	1,546855544598	1,447964617327	0,0446376279	0,110344678164	44996,9590857176
62	0,400891234532	0,40041022885	1,546022078682	1,447211639818	0,0446376279	0,110344678164	44997,0622420023
63	0,400714081689	0,400238491953	1,545346582595	1,446587689629	0,0446376279	0,110344678164	44997,1654203819
64	0,400528362712	0,40005505986	1,544637870645	1,445920552827	0,0446376279	0,110344678164	44997,2685029861
65	0,400338199687	0,399865134839	1,543912733367	1,445237239188	0,0446376279	0,110344678164	44997,3715526968
66	0,40015155996	0,399694661897	1,543206062778	1,44463105619	0,0446376279	0,110344678164	44997,4744920023
67	0,399994414125	0,399531922945	1,542579393242	1,444026188789	0,0446376279	0,110344678164	44997,5774026852
68	0,399833252509	0,399383358143	1,541952693078	1,443481301081	0,0446376279	0,110344678164	44997,6802236574
69	0,399747392408	0,399295567054	1,541644165608	1,443189706426	0,0446376279	0,110344678164	44997,7832852894
70	0,39958100282	0,399127621597	1,540998435514	1,442579023793	0,0446376279	0,110344678164	44997,8862248264
71	0,39941457132	0,398964871201	1,54034292533	1,441968025961	0,0446376279	0,110344678164	44997,989073588
72	0,399260404238	0,398818954686	1,53973595711	1,441445266031	0,0446376279	0,110344678164	44998,0918552315
73	0,399087704098	1,49649678288955E-9	1,539071220354	4,80031731594142E-9	0,0446376279	0,110344678164	44998,2015236806
74	2,54317031611607E-14	0,2314420657	9,51675792169855E-14	0,811988452768	0,044514104724	0,105522617698	44998,4642659028
75	0,406115974247	0,399329119523	1,563032855186	1,44324941633	0,044514104724	0,105522617698	44998,5679135069
76	0,399644143634	0,399037211894	1,54094820741	1,442264001016	0,044514104724	0,105522617698	44998,6708582523
77	0,399284129077	0,398766018808	1,539566998529	1,441281772151	0,044514104724	0,105522617698	44998,7735778935
78	0,399069280735	0,398585206605	1,538745381192	1,440644083422	0,044514104724	0,105522617698	44998,8762842708
79	0,398847454132	0,398383622846	1,537895485841	1,439903234474	0,044514104724	0,105522617698	44998,978909537
80	0,39868796723	0,398235199186	1,537306021907	1,439368745631	0,044514104724	0,105522617698	44999,0815988542
81	0,398443893554	0,398006485735	1,536364810489	1,438517053978	0,044514104724	0,105522617698	44999,1839965162
82	0,39834920549	0,397925130567	1,536019155267	1,438246859265	0,044514104724	0,105522617698	44999,2866432292
83	0,39816046135	0,397731400539	1,535289700539	1,437515160226	0,044514104724	0,105522617698	44999,3891418866
84	0,398009899405	0,397594502529	1,534729622865	1,437026984683	0,044514104724	0,105522617698	44999,491568669
85	0,397872894517	0,397443363614	1,534182904299	1,436478679934	0,044514104724	0,105522617698	44999,5939845602
86	0,397708030627	0,397292221095	1,533596602336	1,435909222515	0,044514104724	0,105522617698	44999,6963804745
87	0,397526512659	0,397123021432	1,532894286693	1,435282297038	0,044514104724	0,105522617698	44999,7986122106
88	0,397420597506	0,397006769724	1,532481111494	1,434866211301	0,044514104724	0,105522617698	44999,9009103704
89	0,397239735417	0,396837560525	1,531805317886	1,434234409635	0,044514104724	0,105522617698	45000,0029863194
90	0,397106696364	0,396705897632	1,531295622611	1,433761861632	0,044514104724	0,105522617698	45000,1050571875
91	0,397002975229	0,396602454179	1,530913775584	1,433401035384	0,044514104724	0,105522617698	45000,207253912
92	0,39685657302	0,396457837222	1,530358073676	1,432867948133	0,044514104724	0,105522617698	45000,3093211111
93	0,396725729229	0,396319664875	1,529880115736	1,432372916765	0,044514104724	0,105522617698	45000,4113960301
94	0,396606029197	0,396193030675	1,529432724817	1,431916885508	0,044514104724	0,105522617698	45000,5134734028
95	0,396475219585	0,39607554553	1,528934054409	1,431472790758	0,044514104724	0,105522617698	45000,6155434144
96	0,39635117573	0,395950195423	1,528459972807	1,431021967279	0,044514104724	0,105522617698	45000,7175657176
97	0,396227926347	0,39584173578	1,527995505456	1,430625216116	0,044514104724	0,105522617698	45000,8196003472
98	0,396109443803	0,395712540818	1,527546193303	1,43015396343	0,044514104724	0,105522617698	45000,9216255903
99	0,395961712648	0,395580866695	1,526978772797	1,429679473858	0,044514104724	0,105522617698	45001,0235459838
100	0,395850166092	0,395456750658	1,526558882172	1,429228353832	0,044514104724	0,105522617698	45001,1254645486
101	0,395750105356	0,395357323931	1,526189960085	1,428879467788	0,044514104724	0,105522617698	45001,2274665162
102	0,395601811248	0,395216557335	1,525631683018	1,428347690457	0,044514104724	0,105522617698	45001,3293327778
103	0,395485825172	0,395091258513	1,525201209985	1,427880885066	0,044514104724	0,105522617698	45001,431173125
104	0,395354993623	0,394978949782	1,524698259718	1,427467054656	0,044514104724	0,105522617698	45001,5329032292
105	0,395230826491	0,39485103446	1,524208166218	1,427001482376	0,044514104724	0,105522617698	45001,634481875
106	0,395155859932	0,39478511379	1,523949837501	1,42676544886	0,044514104724	0,105522617698	45001,7362596065
107	0,395068119042	0,394689604817	1,523620529076	1,426421170296	0,044514104724	0,105522617698	45001,8380311921
108	0,394962501544	0,394573336159	1,52320841557	1,426001087103	0,044514104724	0,105522617698	45001,9397695023
109	0,394826408557	0,394445420413	1,522703221592	1,425504781795	0,044514104724	0,105522617698	45002,0414268056
110	0,394719279686	0,394349850405	1,522300312491	1,425171269058	0,044514104724	0,105522617698	45002,1431358218
111	0,394583579435	0,394209121321	1,521776597156	1,42463979523	0,044514104724	0,105522617698	45002,2446561227
112	0,394496449012	0,394122568758	1,521454627567	1,424346422374	0,044514104724	0,105522617698	45002,3462325347
113	0,394382802057	0,394015356961	1,52102616481	1,423935594865	0,044514104724	0,105522617698	45002,4477866319
114	0,394289228596	0,393936475023	1,520667096136	1,423647157183	0,044514104724	0,105522617698	45002,5493148611
115	0,39421941746	0,38545022449	1,520407805605	1,395061518475	0,044514104724	0,105522617698	45005,5850624884
116	0,393071890341	0,39317445113	1,516561855123	1,421390035396	0,044514104724	0,105522617698	45005,6864620602
117	0,393482003576	0,393113793762	1,517443621692	1,421186055557	0,044514104724	0,105522617698	45005,7877391898
118	0,393433318109	0,393067247813	1,517200580459	1,421005545168	0,044514104724	0,105522617698	45005,8890772685
119	0,393282910474	0,392926460659	1,516594767949	1,420474036096	0,044514104724	0,105522617698	45005,9901649306
120	0,39318922292	0,392815477977	1,516231368	1,42004762875	0,044514104724	0,105522617698	45006,0912544444
121	0,393106140831	0,392732759456	1,515927312709	1,419728267586	0,044514104724	0,105522617698	45006,1923933449
122	0,392983950878	0,392625551266	1,515479204783	1,419300436937	0,044514104724	0,105522617698	45006,2934682407
123	0,392855715225	0,39249508154	1,514973123448	1,418782448248	0,044514104724	0,105522617698	45006,3944407986
124	0,392765849537	2,2480989801887E-10	1,514666940556	7,15401642003241E-10	0,044514104724	0,105522617698	45006,5024454282
125	2,54317031611607E-14	0,225577534079	9,51811614190248E-14	0,791458483958	0,046602331102	0,106896452606	45006,7612786343
126	0,398702704211	0,393010440806	1,535057408667	1,420538678841	0,046602331102	0,106896452606	45006,8631498264
127	0,393281034351	0,392767583937	1,516539888217	1,419650384533	0,046602331102	0,106896452606	45006,9643181713
128	0,393039162861	0,39259450615	1,515638319468	1,41901457115	0,046602331102	0,106896452606	45007,0654579514
129	0,392830242628	0,39242274403	1,514856354382	1,41838325967	0,046602331102	0,106896452606	45007,1664726042
130	0,392704825338	0,392303905284	1,514396866634	1,417934731002	0,046602331102	0,106896452606	45007,2675428356
131	0,392560891717	0,3921644232	1,51384344699	1,417417562778	0,046602331102	0,106896452606	45007,3685734028
132	0,392402263391	0,392053351298	1,513223442609	1,417124847851	0,046602331102	0,106896452606	45007,4695266667
133	0,392330588462	0,391968110374	1,512968957195	1,416731903181	0,046602331102	0,106896452606	45007,570496875
134	0,392222284969	0,391851925215	1,512561792073	1,416269191596	0,046602331102	0,106896452606	45007,6713992245
135	0,392103189969	0,391731738378	1,512126631794	1,41582186042	0,046602331102	0,106896452606	45007,7722746875
136	0,392020857113	0,391668375077	1,511839877365	1,415577600612	0,046602331102	0,106896452606	45007,8732203125
137	0,391914848874	0,39154448941	1,511435545493	1,415113934753	0,046602331102	0,106896452606	45007,974109456
138	0,391784692691	0,391430772396	1,510956167109	1,414664287147	0,046602331102	0,106896452606	45008,0748971759
139	0,391738401004	0,391377868522	1,510814635227	1,414475716066	0,046602331102	0,106896452606	45008,1758565509
140	0,391624490683	0,39127445156	1,510396860593	1,414085074821	0,046602331102	0,106896452606	45008,2767148264
141	0,391512694054	0,391131104919	1,509984077129	1,413521301875	0,046602331102	0,106896452606	45008,3775620023
142	0,391343788353	0,39101486169	1,509389195805	1,413089525094	0,046602331102	0,106896452606	45008,4782294097
143	0,391316645274	0,390973520548	1,50927686783	1,412938711413	0,046602331102	0,106896452606	45008,5789714005
144	0,391224113538	0,390875392957	1,508921739627	1,412550977433	0,046602331102	0,106896452606	45008,6796931713
145	0,391148976846	0,390804295875	1,508681746195	1,412269212178	0,046602331102	0,106896452606	45008,7804923958
146	0,391041702409	0,390700953727	1,508274530461	1,411896588852	0,046602331102	0,106896452606	45008,8812601273
147	0,39097540772	0,390637726912	1,5080583694	1,411636229407	0,046602331102	0,106896452606	45008,9820127083
148	0,390885358114	0,390531799838	1,507732725285	1,411233051505	0,046602331102	0,106896452606	45009,0827560417
149	0,390747519436	0,390412930153	1,507221563795	1,410752303952	0,046602331102	0,106896452606	45009,1833681134
150	0,390676634281	0,390343171203	1,506971436607	1,410484747497	0,046602331102	0,106896452606	45009,2840261227
151	0,390589752895	0,390237328693	1,50666704156	1,410057691269	0,046602331102	0,106896452606	45009,3847483333
152	0,3904519847	0,390130080871	1,506165920099	1,409695137531	0,046602331102	0,106896452606	45009,4852740394
153	0,390343194214	0,389999687651	1,505781562102	1,409185807574	0,046602331102	0,106896452606	45009,5858461227
154	0,390236013193	0,389923451885	1,505379736538	1,40893903915	0,046602331102	0,106896452606	45009,6863957176
155	0,390183069623	0,389870409406	1,505158579406	1,408757910333	0,046602331102	0,106896452606	45009,7869615394
156	0,390084184114	0,389754228908	1,504769335193	1,408305227369	0,046602331102	0,106896452606	45009,8873455787
157	0,39005097365	0,389723250975	1,504693939848	1,408196175032	0,046602331102	0,106896452606	45009,9879440741
158	0,389960986743	0,389631476225	1,504347544508	1,407849436518	0,046602331102	0,106896452606	45010,0884874306
159	0,389851619374	0,389530758415	1,503936595068	1,407474117957	0,046602331102	0,106896452606	45010,1889470023
160	0,389761698103	0,389432620017	1,503618576507	1,407110727491	0,046602331102	0,106896452606	45010,2893573958
161	0,389678101723	0,389368036629	1,503328746716	1,406854623337	0,046602331102	0,106896452606	45010,3898091551
162	0,389602153191	0,389293038961	1,503006847595	1,406608866809	0,046602331102	0,106896452606	45010,490184919
163	0,389549073966	0,389211723423	1,502810937852	1,406275820467	0,046602331102	0,106896452606	45010,5906280324
164	0,389473552131	0,389163927079	1,502550615914	1,406111405223	0,046602331102	0,106896452606	45010,6911336806
165	0,389405527189	0,389094224505	1,50229983037	1,40584948897	0,046602331102	0,106896452606	45010,7916489005
166	0,389298148666	0,388964982072	1,501867227739	1,405334005672	0,046602331102	0,106896452606	45010,8919999884
167	0,389200050338	0,38887458021	1,501532275566	1,404999613492	0,046602331102	0,106896452606	45010,992329375
168	0,389143776481	0,388834528669	1,50134916629	1,404861457775	0,046602331102	0,106896452606	45011,1343862616
169	0,38906354127	0,388751887927	1,501024824602	1,404564743387	0,046602331102	0,106896452606	45011,2347167014
170	0,389014140611	0,38870545345	1,50084425874	1,404401614259	0,046602331102	0,106896452606	45011,3350937269
171	0,388921973497	0,38860594619	1,500504399901	1,404027420206	0,046602331102	0,106896452606	45011,4354192361
172	0,388839808399	0,388531092422	1,500181383117	1,403773794043	0,046602331102	0,106896452606	45011,5356928935
173	0,388784243324	0,388480693569	1,499966227509	1,40357260015	0,046602331102	0,106896452606	45011,6359529514
174	0,388738169879	0,388418638729	1,499819176398	1,403337077989	0,046602331102	0,106896452606	45011,7362981713
175	0,388609724687	6,48641947051194E-10	1,499327248655	2,06059001993726E-9	0,046602331102	0,106896452606	45011,8434997685
176	0	0,222496919	0	0,780570958828	0,047826383263	0,11286329478	45012,1000925694
177	0,394338110255	0,388900443191	1,519055771614	1,405041430116	0,047826383263	0,11286329478	45012,2011082755
178	0,389134349977	0,388679630311	1,501252384413	1,404256480656	0,047826383263	0,11286329478	45012,3014994097
179	0,388922332339	0,388516844099	1,500448499995	1,403683168387	0,047826383263	0,11286329478	45012,4018232292
180	0,388735120781	0,388361805652	1,49974509081	1,403108413881	0,047826383263	0,11286329478	45012,5020108218
181	0,388599367056	0,388255936655	1,499244479113	1,402758543713	0,047826383263	0,11286329478	45012,6021453125
182	0,388509386898	0,388169340009	1,498903350982	1,402446491979	0,047826383263	0,11286329478	45012,7023404398
183	0,388400824282	0,388059577415	1,498493742085	1,402040556402	0,047826383263	0,11286329478	45012,8024690162
184	0,388292680438	0,38794977858	1,498098535556	1,401617247585	0,047826383263	0,11286329478	45012,9025189583
185	0,388201182001	0,387860669071	1,497775356523	1,401286668004	0,047826383263	0,11286329478	45013,0026298958
186	0,38809967104	0,387767662367	1,497410222196	1,400943409125	0,047826383263	0,11286329478	45013,1026800231
187	0,388044371644	0,387726355347	1,49722612757	1,400801218839	0,047826383263	0,11286329478	45013,2029163773
188	0,387931211097	0,387607545635	1,496797914656	1,400351792109	0,047826383263	0,11286329478	45013,3030171875
189	0,387820659349	0,387502891635	1,496387213606	1,399970101961	0,047826383263	0,11286329478	45013,4030681481
190	0,38774570663	0,387431860676	1,496105406428	1,399691919069	0,047826383263	0,11286329478	45013,5030563426
191	0,387710886384	0,387398248653	1,495993367877	1,399574839126	0,047826383263	0,11286329478	45013,6031980787
192	0,387561253936	0,387257475062	1,495423530878	1,399049147239	0,047826383263	0,11286329478	45013,703110625
193	0,38752580573	0,387214822494	1,495302794381	1,398889865703	0,047826383263	0,11286329478	45013,8031119329
194	0,387430566463	0,387124424235	1,494945165911	1,398552902101	0,047826383263	0,11286329478	45013,9030308796
195	0,387363000931	0,387054702371	1,494703648641	1,398298449725	0,047826383263	0,11286329478	45014,0029705324
196	0,387280594247	0,38697855392	1,494401274243	1,398013562318	0,047826383263	0,11286329478	45014,1029015856
197	0,387206657023	0,386919057086	1,494122013052	1,397779294404	0,047826383263	0,11286329478	45014,2027891435
198	0,387138188895	0,386833823155	1,493858927395	1,397453879504	0,047826383263	0,11286329478	45014,3026345718
199	0,387065836818	0,386784794647	1,493603093792	1,397291632643	0,047826383263	0,11286329478	45014,4025313889
200	0,387015174041	0,386704629467	1,493405565744	1,396981631302	0,047826383263	0,11286329478	45014,5023893287
201	0,38697219961	0,386663292143	1,493262084857	1,396806845297	0,047826383263	0,11286329478	45014,6022899769
202	0,386906581798	0,386610346092	1,493025711892	1,396606960828	0,047826383263	0,11286329478	45014,7022492824
203	0,386807970431	0,386517374354	1,492648402249	1,39623533252	0,047826383263	0,11286329478	45014,8020132986
204	0,386775399105	0,386479917271	1,492522719949	1,396120233858	0,047826383263	0,11286329478	45014,9018969213
205	0,386708647848	0,386420493555	1,492284337258	1,395884471026	0,047826383263	0,11286329478	45015,0017335648
206	0,386669664882	0,386373997194	1,49212540907	1,395705732416	0,047826383263	0,11286329478	45015,1015697454
207	0,386582879714	0,386290089742	1,491799705287	1,395387084932	0,047826383263	0,11286329478	45015,2013281713
208	0,386542163934	0,386241040463	1,491654151004	1,395204049521	0,047826383263	0,11286329478	45015,3010610648
209	0,386470860444	0,386182834287	1,491389040808	1,394996909135	0,047826383263	0,11286329478	45015,4008257639
210	0,386421945124	0,386126029403	1,491205630149	1,394777659526	0,047826383263	0,11286329478	45015,5005906597
211	0,386370903562	0,386083435749	1,491016259081	1,394617173351	0,047826383263	0,11286329478	45015,6003791204
212	0,386325480293	0,38602912338	1,490848985584	1,394410070493	0,047826383263	0,11286329478	45015,7001441088
213	0,386241121381	0,385939989923	1,490527074726	1,394063748119	0,047826383263	0,11286329478	45015,7997397569
214	0,3862108474	0,385920621139	1,490437862472	1,39401554033	0,047826383263	0,11286329478	45015,8994990046
215	0,386136490163	0,385848258407	1,490141035882	1,393730256881	0,047826383263	0,11286329478	45015,9991486343
216	0,386125795765	0,385830227117	1,490125331371	1,393681696287	0,047826383263	0,11286329478	45016,098983588
217	0,386061080621	0,385774732597	1,489886519391	1,39348933119	0,047826383263	0,11286329478	45016,1987800694
218	0,3860204635	0,38573725877	1,489733902491	1,393343025511	0,047826383263	0,11286329478	45016,2985550463
219	0,385915355701	0,385629969412	1,489318125833	1,392942920926	0,047826383263	0,11286329478	45016,3981335995
220	0,38588551691	0,385605486947	1,489228031485	1,392844818977	0,047826383263	0,11286329478	45016,497784294
221	0,38582511118	0,385555123061	1,488980797271	1,392655418837	0,047826383263	0,11286329478	45016,5973820139
222	0,385828757978	0,385531885476	1,489003706698	1,392561796998	0,047826383263	0,11286329478	45016,6970710648
223	0,385727361231	0,385459492015	1,488631474844	1,39225924963	0,047826383263	0,11286329478	45016,7966730903
224	0,385704804589	0,385414290974	1,488555858429	1,392094738532	0,047826383263	0,11286329478	45016,8963415856
225	0,385641266696	0,385367812417	1,488326804502	1,39195304749	0,047826383263	0,11286329478	45016,9960102778
226	0,385586650381	8,60608834973678E-10	1,488110812058	2,72995109959053E-9	0,047826383263	0,11286329478	45017,1026646875
227	0	0,220170709534	0	0,772362687502	0,049097884446	0,114834673703	45017,3575947917
228	0,391080195651	0,385859919691	1,507051996102	1,393696795084	0,049097884446	0,114834673703	45017,4579657639
229	0,386110898077	0,385688161174	1,490055666351	1,393078292773	0,049097884446	0,114834673703	45017,5576836227
230	0,385950615071	0,385588664719	1,489424724327	1,392721686105	0,049097884446	0,114834673703	45017,6574213889
231	0,385815304069	0,38548665159	1,488906417545	1,39233319879	0,049097884446	0,114834673703	45017,7570541782
232	0,38567193378	0,38534320089	1,488337894152	1,391811860815	0,049097884446	0,114834673703	45017,856556713
233	0,385612459613	0,38528768327	1,488162253443	1,391610876788	0,049097884446	0,114834673703	45017,956198588
234	0,38549386393	0,385197307264	1,487700132514	1,391278188531	0,049097884446	0,114834673703	45018,0556772917
235	0,385449911916	0,385139165303	1,487534107818	1,39109446697	0,049097884446	0,114834673703	45018,1551733449
236	0,385356029918	0,385061709449	1,487187744901	1,39079766544	0,049097884446	0,114834673703	45018,254694456
237	0,385278620345	0,384979060651	1,486903608478	1,390494429061	0,049097884446	0,114834673703	45018,3541436806
238	0,385183694704	0,384884808004	1,486557854186	1,390156725289	0,049097884446	0,114834673703	45018,4535669329
239	0,385105804309	0,384816336111	1,486260580998	1,389889336398	0,049097884446	0,114834673703	45018,552900787
240	0,385053422754	0,38476074029	1,486070069897	1,389680539943	0,049097884446	0,114834673703	45018,6522814583
241	0,384994538578	0,384702685432	1,485861084895	1,389482073066	0,049097884446	0,114834673703	45018,7516729745
242	0,384943460571	0,384659972887	1,485687796094	1,389325963041	0,049097884446	0,114834673703	45018,8511243287
243	0,3848816303	0,384597986502	1,485461075957	1,389092830315	0,049097884446	0,114834673703	45018,9505603241
244	0,384821357889	0,384529551696	1,485246171283	1,388859137095	0,049097884446	0,114834673703	45019,0500059838
245	0,384787665137	0,384498544939	1,485140520661	1,388746483803	0,049097884446	0,114834673703	45019,1495069444
246	0,384705996336	0,384410686459	1,484827438259	1,388412779123	0,049097884446	0,114834673703	45019,2488887037
247	0,384639122069	0,384356458438	1,484573266324	1,388213106904	0,049097884446	0,114834673703	45019,3482521875
248	0,384574655578	0,384289320016	1,484325886498	1,387961721254	0,049097884446	0,114834673703	45019,4475667245
249	0,384532617902	0,38424543337	1,484187514272	1,387808011496	0,049097884446	0,114834673703	45019,5469667477
250	0,384465411458	0,384187301161	1,483948857842	1,387578521287	0,049097884446	0,114834673703	45019,6463152893
251	0,384418543333	0,384126581064	1,483764936304	1,387362327952	0,049097884446	0,114834673703	45019,7456672222
252	0,384346347471	0,384063279649	1,483496379247	1,38712163747	0,049097884446	0,114834673703	45019,8449548495
253	0,384274492868	0,383990884915	1,483226018349	1,386852065235	0,049097884446	0,114834673703	45019,9441538426
254	0,384237602716	0,383957321422	1,483105975497	1,386752906605	0,049097884446	0,114834673703	45020,0434725926
255	0,384135518529	0,383855321858	1,48271233949	1,386354395463	0,049097884446	0,114834673703	45020,1425830208
256	0,384121794635	0,383847523227	1,482698108958	1,38632465182	0,049097884446	0,114834673703	45020,2418634607
257	0,384074588403	0,383767243392	1,482535830357	1,386254036188	0,049097884446	0,114834673703	45020,342615544
258	0,384024823444	0,383763604327	1,482371064573	1,386000942677	0,049097884446	0,114834673703	45020,4419852662
259	0,383960583957	0,383711950842	1,482095179503	1,385823628464	0,049097884446	0,114834673703	45020,5412626389
260	0,3839454396	0,383646058571	1,482015341642	1,385595607545	0,049097884446	0,114834673703	45020,6405983565
261	0,383804341299	0,383560822735	1,48155553134	1,385243836966	0,049097884446	0,114834673703	45020,7397364815
262	0,383794003785	0,383537618634	1,481486319741	1,385153184858	0,049097884446	0,114834673703	45020,838896169
263	0,383750280106	0,383476856786	1,481313304876	1,384918584523	0,049097884446	0,114834673703	45020,9380660301
264	0,383705999105	0,383438115401	1,481154252939	1,384800574809	0,049097884446	0,114834673703	45021,037265544
265	0,383671864148	0,383408425372	1,481042469629	1,384669129355	0,049097884446	0,114834673703	45021,1364973727
266	0,383615332051	0,383351509645	1,480809626996	1,384461631722	0,049097884446	0,114834673703	45021,2356746759
267	0,383574577482	0,383310196481	1,480655853372	1,384319304714	0,049097884446	0,114834673703	45021,3348025231
268	0,383508381958	0,383234011148	1,480404076525	1,384033748337	0,049097884446	0,114834673703	45021,433885463
269	0,383479725277	0,383209486725	1,480312133537	1,38393883996	0,049097884446	0,114834673703	45021,5330380671
270	0,383434920098	0,383160434056	1,480160383104	1,383731759627	0,049097884446	0,114834673703	45021,6321496759
271	0,383406693946	0,383144703698	1,480069395923	1,383819643098	0,049097884446	0,114834673703	45021,7315568519
272	0,383335575472	0,383054465234	1,479797214878	1,3833335164	0,049097884446	0,114834673703	45021,8306469792
273	0,383286687084	0,383011805672	1,479643635448	1,383165000653	0,049097884446	0,114834673703	45021,9297429514
274	0,383228725834	0,382973038221	1,479416777891	1,383024704416	0,049097884446	0,114834673703	45022,0287751389
275	0,383197000068	0,382925328557	1,479273646986	1,382885287918	0,049097884446	0,114834673703	45022,1277437153
276	0,383174867255	0,382903372942	1,479198768447	1,382806908754	0,049097884446	0,114834673703	45022,2267842477
277	0,383108276898	4,36713206683452E-10	1,478940942798	1,38404036291279E-9	0,049097884446	0,114834673703	45022,3327569676
278	0	0,218327896551	0	0,765868289064	0,049849867821	0,117792524397	45022,5862975926
279	0,388542599749	0,38337221529	1,497730317458	1,384387116423	0,049849867821	0,117792524397	45022,6861241667
280	0,383618229801	0,383203022196	1,480866887098	1,383777038235	0,049849867821	0,117792524397	45022,7853273264
281	0,38343625777	0,383085462456	1,480181673334	1,383360884246	0,049849867821	0,117792524397	45022,8844760995
282	0,383344864023	0,383027365424	1,479843276838	1,383181965904	0,049849867821	0,117792524397	45022,9837455324
283	0,383233726442	0,382931821906	1,479407730989	1,38282286084	0,049849867821	0,117792524397	45023,0828587847
284	0,383148528262	0,38285429018	1,479080748681	1,382529880439	0,049849867821	0,117792524397	45023,1819218171
285	0,383511353356	0,375928461554	1,479844503774	1,357823205437	0,049849867821	0,117792524397	45025,4856542245
286	0,376333924684	0,377007041274	1,45371697754	1,36218604654	0,049849867821	0,117792524397	45025,5833874306
287	0,377177468625	0,377487579873	1,45672120004	1,363929774759	0,049849867821	0,117792524397	45025,6810201273
288	0,377683045834	0,377849194744	1,458537208986	1,365221604205	0,049849867821	0,117792524397	45025,778672037
289	0,378110042878	0,378177253964	1,460135367438	1,366383813772	0,049849867821	0,117792524397	45025,8765673032
290	0,378375980213	0,378390433307	1,46111176723	1,367112244641	0,049849867821	0,117792524397	45025,9745307986
291	0,378583442648	0,378553128812	1,461873812843	1,367662030623	0,049849867821	0,117792524397	45026,0724817361
292	0,378756175303	0,378700337895	1,462512945698	1,368191619746	0,049849867821	0,117792524397	45026,17045875
293	0,378931231931	0,378837288463	1,463167196535	1,368641534015	0,049849867821	0,117792524397	45026,2685112269
294	0,379037687175	0,378931568664	1,463565606543	1,368951457211	0,049849867821	0,117792524397	45026,3665750116
295	0,379151062122	0,379014203893	1,463999353932	1,369195490801	0,049849867821	0,117792524397	45026,4646551736
296	0,379226529352	0,379102051568	1,464291932884	1,369474236986	0,049849867821	0,117792524397	45026,5627367245
297	0,37934178138	0,379189940777	1,464703039407	1,369797252362	0,049849867821	0,117792524397	45026,6608779745
298	0,379391680243	0,379224815909	1,464910996153	1,369850221909	0,049849867821	0,117792524397	45026,7589851273
299	0,379448541554	0,379277730802	1,465141977829	1,370010026105	0,049849867821	0,117792524397	45026,8571959028
300	0,379501082287	0,379317839989	1,465368041477	1,370137366132	0,049849867821	0,117792524397	45026,9554721065
301	0,379521489033	0,379337214072	1,46544878179	1,370162004518	0,049849867821	0,117792524397	45027,05367625
302	0,379561373349	0,379357799128	1,465600711377	1,370214416276	0,049849867821	0,117792524397	45027,1519062847
303	0,379581304858	0,379383685638	1,465674699936	1,370272456048	0,049849867821	0,117792524397	45027,2501023727
304	0,379615499602	0,379402996352	1,465803993773	1,370319327588	0,049849867821	0,117792524397	45027,3483191204
305	0,379636687486	0,379430166313	1,465907307589	1,37041848268	0,049849867821	0,117792524397	45027,4466384606
306	0,379625422768	0,379414588123	1,465882049731	1,370327122081	0,049849867821	0,117792524397	45027,5449418519
307	0,379664197307	0,379444391115	1,466036040137	1,37041745788	0,049849867821	0,117792524397	45027,6432760995
308	0,379625882038	0,379408233377	1,465882795425	1,370256105402	0,049849867821	0,117792524397	45027,7414642014
309	0,379678171935	0,379462501029	1,466111969692	1,37045092923	0,049849867821	0,117792524397	45027,839846794
310	0,379658134263	0,37942498206	1,46603097081	1,370298897872	0,049849867821	0,117792524397	45027,9381436806
311	0,379637767565	0,37940819311	1,465972093347	1,370225252715	0,049849867821	0,117792524397	45028,0364196875
312	0,37965465542	0,379426273779	1,466041394999	1,370284816323	0,049849867821	0,117792524397	45028,1347891204
313	0,379634246495	0,379405610097	1,465964223058	1,370173089352	0,049849867821	0,117792524397	45028,233075787
314	0,37965150625	0,379417208224	1,466031392584	1,370210219294	0,049849867821	0,117792524397	45028,3314304282
315	0,379619197686	0,379390108836	1,465917601593	1,370081805833	0,049849867821	0,117792524397	45028,429712338
316	0,379575874267	0,379352667435	1,46573624643	1,36992706245	0,049849867821	0,117792524397	45028,5278604282
317	0,379633148858	0,379391324898	1,465983397617	1,370056677753	0,049849867821	0,117792524397	45028,6262278241
318	0,379594217481	0,379362922982	1,465834038103	1,369920652011	0,049849867821	0,117792524397	45028,7244885301
319	0,379592387775	0,379355220143	1,465838982669	1,36987577736	0,049849867821	0,117792524397	45028,8227560069
320	0,379574130213	0,379343576875	1,465783968097	1,369816117259	0,049849867821	0,117792524397	45028,920995787
321	0,379578537098	0,379317763057	1,46580413624	1,369714845544	0,049849867821	0,117792524397	45029,0193126157
322	0,379542136399	0,379302306943	1,465702603492	1,369629354635	0,049849867821	0,117792524397	45029,1176824537
323	0,379512417071	0,379279075083	1,465593475426	1,369537409121	0,049849867821	0,117792524397	45029,2160320139
324	0,379477712298	0,379249327831	1,465454511235	1,369421683057	0,049849867821	0,117792524397	45029,314246331
325	0,379482308579	0,379246714089	1,465467047567	1,369413959666	0,049849867821	0,117792524397	45029,4125480671
326	0,379493985304	0,379259677901	1,465519928783	1,369445449846	0,049849867821	0,117792524397	45029,5109631481
327	0,379464587295	0,379219558751	1,465408564429	1,369267133203	0,049849867821	0,117792524397	45029,6092504398
328	0,379495391912	2,55607690547036E-9	1,465550042711	8,09018003940302E-9	0,049849867821	0,117792524397	45029,7146309606
329	3,8147554741741E-14	0,215571669621	1,42905138755708E-13	0,756159414894	0,051538418978	0,118168890476	45029,9663102778
330	0,384805998797	0,379795641716	1,483920873289	1,371217959799	0,051538418978	0,118168890476	45030,0653958333
331	0,380017693246	0,379662639206	1,46752258216	1,370739673936	0,051538418978	0,118168890476	45030,1638760764
332	0,379873068769	0,379573481164	1,466974005986	1,370398754982	0,051538418978	0,118168890476	45030,2622978356
333	0,379798108872	0,379502521838	1,466699804672	1,370139258606	0,051538418978	0,118168890476	45030,3607946991
334	0,379720216063	0,379463759051	1,466396459336	1,370016056492	0,051538418978	0,118168890476	45030,4591420718
335	0,379730562427	0,379462472418	1,466437673701	1,370008567148	0,051538418978	0,118168890476	45030,5576356713
336	0,37967574325	0,379405693388	1,46623762259	1,369780355574	0,051538418978	0,118168890476	45030,6560523611
337	0,379620555667	0,379355188567	1,466035255998	1,369557974784	0,051538418978	0,118168890476	45030,7544104167
338	0,379603139515	0,379348727642	1,465973641715	1,369529033811	0,051538418978	0,118168890476	45030,8527802199
339	0,379568720639	0,379307395189	1,465870422904	1,369353630369	0,051538418978	0,118168890476	45030,9512003241
340	0,379538857649	0,379279052619	1,46576915489	1,369239760356	0,051538418978	0,118168890476	45031,0496652893
341	0,37949389213	0,379251924407	1,465603338466	1,369128399221	0,051538418978	0,118168890476	45031,1480963194
342	0,379434941178	0,379178275255	1,465378814039	1,368850124761	0,051538418978	0,118168890476	45031,2463920139
343	0,379423608078	0,379160181024	1,46536122598	1,368760570829	0,051538418978	0,118168890476	45031,3447698148
344	0,379425253496	0,379189860877	1,465397572043	1,368907540083	0,051538418978	0,118168890476	45031,4432773727
345	0,379396172648	0,379149925687	1,465259332081	1,368743656585	0,051538418978	0,118168890476	45031,5416864931
346	0,379362452973	0,37910334837	1,465137064877	1,368546369601	0,051538418978	0,118168890476	45031,6400556018
347	0,379305478275	0,37904780214	1,46493276211	1,368333427958	0,051538418978	0,118168890476	45031,7383878125
348	0,379292705514	0,379060767221	1,464911697095	1,36839938674	0,051538418978	0,118168890476	45031,8367915625
349	0,379273789064	0,379015557706	1,46483283102	1,368197630061	0,051538418978	0,118168890476	45031,9351971875
350	0,379221385917	0,378974215718	1,464640711962	1,368029670618	0,051538418978	0,118168890476	45032,0335206713
351	0,37915281775	0,378892879409	1,464393243114	1,367692440471	0,051538418978	0,118168890476	45032,1316960532
352	0,379151708886	0,378904468214	1,464414515473	1,367733294884	0,051538418978	0,118168890476	45032,230047037
353	0,379131237555	0,378865710723	1,464345254016	1,367562826278	0,051538418978	0,118168890476	45032,3283807755
354	0,379076766276	0,378838540552	1,464175614958	1,36745323146	0,051538418978	0,118168890476	45032,4266672569
355	0,379069350372	0,378832177961	1,464097647753	1,36744119058	0,051538418978	0,118168890476	45032,5249996759
356	0,379084612836	0,378839905597	1,464167335681	1,367465592014	0,051538418978	0,118168890476	45032,6234629977
357	0,379009368828	0,37875339648	1,463863903904	1,367103691544	0,051538418978	0,118168890476	45032,7217217708
358	0,378992810896	0,378754603639	1,463828269638	1,367139405147	0,051538418978	0,118168890476	45032,8200660417
359	0,378990600278	0,378740456196	1,463801635719	1,367020480726	0,051538418978	0,118168890476	45032,9183998958
360	0,378975217008	0,378719714945	1,463799334552	1,366933786614	0,051538418978	0,118168890476	45033,0168685417
361	0,378886108624	0,378639637929	1,463463316182	1,366610616954	0,051538418978	0,118168890476	45033,1151170602
362	0,378856849258	0,378611272468	1,463342246123	1,366485452909	0,051538418978	0,118168890476	45033,2133572685
363	0,378841353899	0,378600965844	1,463290234961	1,366437151469	0,051538418978	0,118168890476	45033,3115423148
364	0,378831771201	0,378587936124	1,46329461217	1,366371222248	0,051538418978	0,118168890476	45033,4099161227
365	0,378803909105	0,378577660868	1,463159123079	1,36637828256	0,051538418978	0,118168890476	45033,5082129977
366	0,378784953778	0,378514334656	1,463096466121	1,366137573712	0,051538418978	0,118168890476	45033,60654375
367	0,378731391552	0,378494955486	1,462924082694	1,366076285093	0,051538418978	0,118168890476	45033,7048156134
368	0,378721400106	0,378482097217	1,462874782797	1,366049034847	0,051538418978	0,118168890476	45033,8030825694
369	0,378721005133	0,378454941668	1,46285409468	1,365879267909	0,051538418978	0,118168890476	45033,9012936227
370	0,378688089449	0,37842009176	1,462781251568	1,365717345918	0,051538418978	0,118168890476	45033,9996346181
371	0,378616170205	0,378363290474	1,46253806152	1,365486766085	0,051538418978	0,118168890476	45034,0979153009
372	0,37858854573	0,378350350398	1,462449436086	1,365428284775	0,051538418978	0,118168890476	45034,1962459954
373	0,378535349831	0,378315465944	1,462249526427	1,365312395859	0,051538418978	0,118168890476	45034,2944252315
374	0,37852887908	0,37827668429	1,462225684115	1,365163555772	0,051538418978	0,118168890476	45034,392707963
375	0,378532686491	0,378321938523	1,462234890496	1,365392860427	0,051538418978	0,118168890476	45034,4910782986
376	0,378515910979	0,153531516178	1,462141089464	0,593873940687	0,051538418978	0,118168890476	45034,5691946528
