TesterID:	Maccor#2						
Channel Number:	38						
TestName:	KAI_Zelltest_regulaer_fix_0hSoak.000						
TestDesc:	Regular cycling with a pause for degassing after formation, followed by pulse, C						
StartDateTime:	44776,6626760764						
Comment:							
							
							
Cycle	AH-IN	AH-OUT	WH-IN	WH-OUT	ACR	DCIR	Date
0		2,861E-8		6,861545702285E-10	0	0	44776,662687419
1	0,515413828431	0,441038766601	1,912724690986	1,617439653331	0	0	44777,0988162847
2	0,431857620769	0,425117451534	1,621173547016	1,553754457182	0	0	44777,496672419
3	0,444902309206	6,6134E-8	1,679849853051	2,15775E-7	0	0	44778,4138592477
4	6,35792579029017E-15	1,93067E-7	2,39978106887339E-14	6,2367E-7	0,06412756443	0,166009619832	44778,7181505093
5	0,44437759276	0,438919148687	1,687662219224	1,602133207901	0,06412756443	0,166009619832	44778,9872596412
6	0,438820651708	0,435860681462	1,669089909429	1,588497346503	0,06412756443	0,166009619832	44779,2602062963
7	0,438256222043	0,436289907971	1,667670855316	1,590157771006	0,06412756443	0,166009619832	44779,534758287
8	0,437862197061	0,395639034265	1,666154330567	1,407155251041	0,06412756443	0,166009619832	44779,7272746065
9	0,396444418526	0,394096731812	1,51987673219	1,400354057315	0,06412756443	0,166009619832	44779,9085370255
10	0,379399229927	0,37954339741	1,449577710575	1,344861024769	0,06412756443	0,166009619832	44780,0664215856
11	0,395195752596	0,301986493367	1,515610016389	1,039692982178	0,06412756443	0,166009619832	44780,2268287731
12	0,302254338526	0,297713630061	1,179218792721	1,023480203443	0,06412756443	0,166009619832	44780,3613539005
13	0,298013388745	0,294078859206	1,163599480341	1,00995049255	0,06412756443	0,166009619832	44780,495322662
14	0,29452030888	0,426917266218	1,150717143159	1,552528961206	0,06412756443	0,166009619832	44780,7307502662
15	0,428996584606	0,428927525344	1,634947138712	1,560936171222	0,06412756443	0,166009619832	44781,003821412
16	0,43010981507	6,35786856895806E-9	1,638997933071	2,0484E-8	0,06412756443	0,166009619832	44781,2829004398
17	0,3642185699	0,353689185642	1,403613674914	1,268146620884	0,06412756443	0,166009619832	44781,4177259259
18	0,353486067369	0,349698770487	1,358877739698	1,253963040051	0,06412756443	0,166009619832	44781,5580435764
19	0,349537789744	0,346029591607	1,342998866657	1,240666856914	0,06412756443	0,166009619832	44781,6963780556
20	0,318840321444	0,285138973091	1,256943035247	1,017730085125	0,06412756443	0,166009619832	44781,8012862616
21	0,284755512705	0,258626852164	1,12357214782	0,924770337127	0,06412756443	0,166009619832	44781,8975365856
22	0,258976195927	4,3033E-8	1,024308965264	1,31556E-7	0,06412756443	0,166009619832	44781,9932721759
23	0	0,185269183511	0	0,648573159521	0,063696876168	0,174641981721	44782,2279685648
24	0,336271493052	0,327888581376	1,325618198017	1,166076214895	0,063696876168	0,174641981721	44782,3312551273
25	0,329018851623	0,327378380721	1,298924902953	1,164698178068	0,063696876168	0,174641981721	44782,4325919676
26	0,328272825561	0,326773954123	1,295678216873	1,16280959719	0,063696876168	0,174641981721	44782,5333058681
27	0,327493752964	0,326421384462	1,292669445473	1,162666686951	0,063696876168	0,174641981721	44782,6338883449
28	0,326962740314	0,325907234052	1,289864073627	1,16034166715	0,063696876168	0,174641981721	44782,7340058681
29	0,326466136948	0,325499060306	1,287952557071	1,159788860328	0,063696876168	0,174641981721	44782,8336883681
30	0,325991845184	0,325094857082	1,285493909299	1,158994580241	0,063696876168	0,174641981721	44782,9328390393
31	0,325424106326	0,324313322406	1,283251345515	1,154612782441	0,063696876168	0,174641981721	44783,0318616551
32	0,324628555847	0,323447983068	1,281450549038	1,150208667371	0,063696876168	0,174641981721	44783,1318135417
33	0,323871249492	0,322906829487	1,278512619343	1,148672930504	0,063696876168	0,174641981721	44783,2316702315
34	0,323274064853	0,322475358179	1,276377285404	1,147809466648	0,063696876168	0,174641981721	44783,3309709144
35	0,322992739927	0,322198959647	1,274999381155	1,14711687422	0,063696876168	0,174641981721	44783,4302163889
36	0,322710306468	0,321967697092	1,273696657267	1,146637505692	0,063696876168	0,174641981721	44783,5290501968
37	0,322427837943	0,321507959506	1,272846286724	1,144222228261	0,063696876168	0,174641981721	44783,6281862963
38	0,321976345938	0,321259944877	1,271174153365	1,143879718147	0,063696876168	0,174641981721	44783,7272534143
39	0,321764035245	0,321494980224	1,269675359037	1,146953357405	0,063696876168	0,174641981721	44783,825659838
40	0,321894425902	0,32112051387	1,268873547495	1,14551847116	0,063696876168	0,174641981721	44783,9231270486
41	0,321358129241	0,320165877247	1,267525131115	1,139659505342	0,063696876168	0,174641981721	44784,0213037731
42	0,320382939377	0,319644075072	1,26539327436	1,137523185378	0,063696876168	0,174641981721	44784,1203878472
43	0,319950165508	0,319183030299	1,263834353317	1,135668657055	0,063696876168	0,174641981721	44784,2193600463
44	0,319601034204	0,318966020727	1,262141446787	1,135466772029	0,063696876168	0,174641981721	44784,3178841898
45	0,319374800364	0,318693501168	1,261091111068	1,134633763298	0,063696876168	0,174641981721	44784,4163719907
46	0,319165367711	0,318654665264	1,260117776401	1,134982947922	0,063696876168	0,174641981721	44784,5147242593
47	0,319037092638	0,318303384778	1,259196442898	1,132899878006	0,063696876168	0,174641981721	44784,6127479051
48	0,318786488343	0,318565597505	1,258696577379	1,135615027632	0,063696876168	0,174641981721	44784,7106514583
49	0,319025561535	0,318484227075	1,258342859989	1,135709503415	0,063696876168	0,174641981721	44784,8079888657
50	0,318911513337	0,318468687668	1,25771166114	1,136799750858	0,063696876168	0,174641981721	44784,9051579861
51	0,318683651107	0,318140658967	1,256463150588	1,134398923263	0,063696876168	0,174641981721	44785,002197037
52	0,318323145818	0,317319143747	1,256099634504	1,129105295041	0,063696876168	0,174641981721	44785,1000066782
53	0,317483179715	0,316801217153	1,25438540428	1,126752771565	0,063696876168	0,174641981721	44785,1987386227
54	0,317065638722	0,316513179591	1,252315623169	1,126218942508	0,063696876168	0,174641981721	44785,2969066435
55	0,316855772782	0,31639693806	1,251539083232	1,126110458711	0,063696876168	0,174641981721	44785,3949315278
56	0,316818579282	0,316382689523	1,251103346145	1,126652664627	0,063696876168	0,174641981721	44785,4929902893
57	0,316718126219	0,31609465726	1,250614506696	1,124832738371	0,063696876168	0,174641981721	44785,5909375
58	0,316553850538	0,316377598944	1,249975598086	1,127438471066	0,063696876168	0,174641981721	44785,6884861458
59	0,316667022656	0,316200576698	1,24961414622	1,126653289739	0,063696876168	0,174641981721	44785,7856384028
60	0,316608463937	0,31607269317	1,249550244074	1,126540832395	0,063696876168	0,174641981721	44785,8828662963
61	0,316292580807	0,315554736481	1,248268730515	1,12383321479	0,063696876168	0,174641981721	44785,9801597222
62	0,315667367092	0,314792684186	1,246701763259	1,118887822448	0,063696876168	0,174641981721	44786,0779274653
63	0,315081123504	0,314578294931	1,245354447685	1,118207891114	0,063696876168	0,174641981721	44786,1757295833
64	0,314889101806	0,314521413536	1,244551972345	1,119089357162	0,063696876168	0,174641981721	44786,2737015046
65	0,314819836052	0,31430314001	1,243753416294	1,118537215387	0,063696876168	0,174641981721	44786,3712725
66	0,314673575377	0,314358793053	1,243116790746	1,11926307477	0,063696876168	0,174641981721	44786,4688513194
67	0,314796306487	0,314465927707	1,243482050563	1,119971692294	0,063696876168	0,174641981721	44786,5665662037
68	0,314791067152	0,314082331368	1,243124280186	1,117838174616	0,063696876168	0,174641981721	44786,6640053704
69	0,314440906307	0,31416888605	1,242018436647	1,118843997576	0,063696876168	0,174641981721	44786,7613936574
70	0,31454456397	0,314259235567	1,241917804462	1,120024351413	0,063696876168	0,174641981721	44786,8584623495
71	0,314521969709	0,314225631173	1,241287273556	1,12033997532	0,063696876168	0,174641981721	44786,9552434375
72	0,314399203504	0,313657349806	1,24054738365	1,116649479911	0,063696876168	0,174641981721	44787,0518174306
73	0,313769459358	4,8544E-8	1,239677876671	1,55585E-7	0,063696876168	0,174641981721	44787,1564637847
74	0	0,172098713868	0	0,602677520175	0,053250875324	0,15976396203	44787,3774493866
75	0,318098800359	0,312983176976	1,255425581355	1,114070396815	0,053250875324	0,15976396203	44787,476370706
76	0,313481866867	0,313058031381	1,23867373116	1,114127514901	0,053250875324	0,15976396203	44787,5741884606
77	0,313473567795	0,313423567395	1,237823059571	1,117425569946	0,053250875324	0,15976396203	44787,6709170833
78	0,313791819444	0,313564322122	1,238232382124	1,118914954632	0,053250875324	0,15976396203	44787,7673417593
79	0,313857148566	0,313820113131	1,237669218116	1,12103181829	0,053250875324	0,15976396203	44787,8630979861
80	0,314132781378	0,313711588212	1,237976149361	1,12122668276	0,053250875324	0,15976396203	44787,958477581
81	0,313809688418	0,313405290901	1,236809480743	1,118837445891	0,053250875324	0,15976396203	44788,0541838889
82	0,313514577519	0,312864290121	1,236736065971	1,114782450328	0,053250875324	0,15976396203	44788,1502680093
83	0,307994505445	0,307930235604	1,214766327182	1,096758307264	0,053250875324	0,15976396203	44788,2351124884
84	0,313025550411	0,312097036198	1,235781135196	1,109737474943	0,053250875324	0,15976396203	44788,3319865278
85	0,312292190829	0,311997585946	1,23451450897	1,109825895794	0,053250875324	0,15976396203	44788,4294838079
86	0,312300922304	0,311710848155	1,233688548121	1,10849967928	0,053250875324	0,15976396203	44788,5264386574
87	0,311951173308	0,311767686318	1,232947213359	1,109157437427	0,053250875324	0,15976396203	44788,6238942477
88	0,31211754293	0,312047971024	1,232739701069	1,111822483517	0,053250875324	0,15976396203	44788,7205565625
89	0,312264752974	0,312016999661	1,232699809307	1,111804709605	0,053250875324	0,15976396203	44788,8168701042
90	0,312244236422	0,311752192052	1,232620095381	1,110454990424	0,053250875324	0,15976396203	44788,9132804514
91	0,311842831073	0,31114512183	1,231489729986	1,10686324342	0,053250875324	0,15976396203	44789,0100645949
92	0,31117114501	0,310655514706	1,23005385945	1,103618580555	0,053250875324	0,15976396203	44789,1074621991
93	0,310853610891	0,310523813665	1,228882506107	1,103300936139	0,053250875324	0,15976396203	44789,2045605324
94	0,310690212802	0,310407642283	1,228242308968	1,103883489686	0,053250875324	0,15976396203	44789,3017945023
95	0,310668944672	0,310376561773	1,228125745837	1,103385576627	0,053250875324	0,15976396203	44789,3990372569
96	0,310593912086	0,310548378147	1,226714332666	1,104860660969	0,053250875324	0,15976396203	44789,4970950347
97	0,310769018467	0,310366214463	1,228038781258	1,103592382562	0,053250875324	0,15976396203	44789,5942115162
98	0,310723042154	0,310345539759	1,227731255525	1,104191336576	0,053250875324	0,15976396203	44789,6909220023
99	0,310584706389	0,310548416932	1,227326286923	1,105254002919	0,053250875324	0,15976396203	44789,7878304977
100	0,310812463067	0,310610379793	1,227650700544	1,106459915838	0,053250875324	0,15976396203	44789,8842502199
101	0,310790988385	0,310246091414	1,227095075799	1,104743675996	0,053250875324	0,15976396203	44789,9803662384
102	0,310270992263	0,309509875188	1,225889969963	1,099741676508	0,053250875324	0,15976396203	44790,0772629051
103	0,309626976451	0,309276109517	1,224945525595	1,099091574659	0,053250875324	0,15976396203	44790,1748608681
104	0,309411954197	0,309161199334	1,223917695218	1,098990469497	0,053250875324	0,15976396203	44790,2721169213
105	0,309350549989	0,309141804904	1,223086694776	1,099198048048	0,053250875324	0,15976396203	44790,3689678125
106	0,309997176524	0,302657755689	1,225697423982	1,072644474543	0,053250875324	0,15976396203	44791,357561331
107	0,303603185228	0,306516351031	1,201970953238	1,089224078946	0,053250875324	0,15976396203	44791,4536955324
108	0,306575719642	0,307019686747	1,212352364263	1,091689853042	0,053250875324	0,15976396203	44791,5500682986
109	0,307268990751	0,307190082548	1,215346086453	1,092688946869	0,053250875324	0,15976396203	44791,6466986806
110	0,30736565903	0,307369653898	1,215515162192	1,093140670683	0,053250875324	0,15976396203	44791,7434915162
111	0,307610870487	0,307367059441	1,215776940273	1,092850462763	0,053250875324	0,15976396203	44791,8396779398
112	0,307440872426	0,307299903849	1,216060696514	1,092397896825	0,053250875324	0,15976396203	44791,9366681366
113	0,307406302842	0,307073859666	1,215477067414	1,090961560869	0,053250875324	0,15976396203	44792,0333648611
114	0,307272372385	0,307036417418	1,215321404673	1,091407937693	0,053250875324	0,15976396203	44792,1302351273
115	0,307189680536	0,30690204774	1,215234170781	1,090262591243	0,053250875324	0,15976396203	44792,2272003241
116	0,30707029534	0,306869764525	1,21471338381	1,090860381354	0,053250875324	0,15976396203	44792,3238529167
117	0,307059357783	0,306982154004	1,214380373126	1,091808105847	0,053250875324	0,15976396203	44792,4203946065
118	0,307244455229	0,306731507828	1,215059113937	1,090033003267	0,053250875324	0,15976396203	44792,5167907639
119	0,306872910199	0,306753613277	1,213746435345	1,089962307323	0,053250875324	0,15976396203	44792,6130717708
120	0,306926141992	0,306610135026	1,213644091923	1,089191382892	0,053250875324	0,15976396203	44792,7094242361
121	0,306827741625	0,306572686206	1,213457972045	1,089018361003	0,053250875324	0,15976396203	44792,805667037
122	0,306696890257	0,30644487113	1,213553011572	1,089139522114	0,053250875324	0,15976396203	44792,9022806019
123	0,30662660124	0,306236938982	1,213345012327	1,088338319481	0,053250875324	0,15976396203	44792,9992680556
124	0,306402930693	2,3324E-8	1,212458774644	7,4886E-8	0,053250875324	0,15976396203	44793,1031600579
125	0	0,168191792455	0	0,588876322668	0,054472353309	0,160670131445	44793,3210227083
126	0,311225317325	0,305879119581	1,229419769357	1,08706706719	0,054472353309	0,160670131445	44793,4188456366
127	0,306332719215	0,305987625002	1,211796881959	1,087426747198	0,054472353309	0,160670131445	44793,5154940625
128	0,306155268345	0,305761590991	1,210908551827	1,086706544531	0,054472353309	0,160670131445	44793,6119869907
129	0,305942776952	0,305680163127	1,210569945339	1,085677561351	0,054472353309	0,160670131445	44793,708562338
130	0,305876701176	0,305584660089	1,209959768763	1,085651332397	0,054472353309	0,160670131445	44793,8051571296
131	0,305685195394	0,305318568816	1,209828808181	1,084563156826	0,054472353309	0,160670131445	44793,9017291204
132	0,305511412812	0,30527720818	1,208975674607	1,084431397017	0,054472353309	0,160670131445	44793,998334919
133	0,305399668371	0,305151858493	1,208444724477	1,084074899245	0,054472353309	0,160670131445	44794,0946940856
134	0,30532746851	0,305035705336	1,208200658269	1,083547505123	0,054472353309	0,160670131445	44794,1912516782
135	0,305182041845	0,304878081335	1,207686223445	1,082932676102	0,054472353309	0,160670131445	44794,2877264699
136	0,305029144656	0,304774752749	1,207089513638	1,082620266137	0,054472353309	0,160670131445	44794,3841559375
137	0,304990552115	0,304755363831	1,206966153471	1,082558141906	0,054472353309	0,160670131445	44794,480607581
138	0,30498728363	0,304711444764	1,206870599482	1,082507519842	0,054472353309	0,160670131445	44794,5769067361
139	0,305003803115	0,304725668503	1,206916678773	1,08263880504	0,054472353309	0,160670131445	44794,6734480093
140	0,304926144158	0,304653277161	1,206987491719	1,081969175296	0,054472353309	0,160670131445	44794,7699324421
141	0,304803334007	0,304593941608	1,206680216801	1,082110512038	0,054472353309	0,160670131445	44794,8667497222
142	0,304598831422	0,304070843476	1,205483975655	1,079441307836	0,054472353309	0,160670131445	44794,9634839005
143	0,304204551182	0,303865422284	1,204482115913	1,078697693398	0,054472353309	0,160670131445	44795,0598038079
144	0,304001499013	0,303807309147	1,203518715338	1,078713854556	0,054472353309	0,160670131445	44795,1562256944
145	0,303969612949	0,303743983995	1,203255389994	1,078559967815	0,054472353309	0,160670131445	44795,2525662963
146	0,303924482554	0,30366776624	1,203137171665	1,078161096193	0,054472353309	0,160670131445	44795,3490069676
147	0,303875496135	0,303622578555	1,202982926237	1,078044755273	0,054472353309	0,160670131445	44795,4454062153
148	0,303896722013	0,303722011851	1,202944456006	1,078614083722	0,054472353309	0,160670131445	44795,5417038542
149	0,303891449777	0,303685889719	1,202520315285	1,078238315924	0,054472353309	0,160670131445	44795,6378042361
150	0,303959812609	0,303573497064	1,203040918097	1,077458918187	0,054472353309	0,160670131445	44795,7343764005
151	0,303840916324	0,303474093229	1,202539036307	1,0774054684	0,054472353309	0,160670131445	44795,8304668171
152	0,303546204694	0,303339745379	1,201948189958	1,076886340738	0,054472353309	0,160670131445	44795,9270765162
153	0,30342066813	0,303112445293	1,201043693627	1,075379020168	0,054472353309	0,160670131445	44796,0237074074
154	0,303222704577	0,302923806908	1,200845362402	1,075094617149	0,054472353309	0,160670131445	44796,1201599074
155	0,303106740083	0,302852825753	1,200227628496	1,075031261806	0,054472353309	0,160670131445	44796,2164968981
156	0,303012745027	0,30274814844	1,199807638022	1,07456314028	0,054472353309	0,160670131445	44796,3129008102
157	0,302901002924	0,302651292647	1,199427959605	1,074209019167	0,054472353309	0,160670131445	44796,4092277778
158	0,302905347968	0,302691340797	1,199433455249	1,07451923276	0,054472353309	0,160670131445	44796,5055609722
159	0,302984284201	0,302677104978	1,199578820549	1,073945137843	0,054472353309	0,160670131445	44796,6015968866
160	0,302838962057	0,302476921447	1,19889408371	1,073268192086	0,054472353309	0,160670131445	44796,6973484722
161	0,302672357157	0,302702907771	1,198827254722	1,074810133434	0,054472353309	0,160670131445	44796,7937375694
162	0,302963682111	0,302429165583	1,199089782452	1,073455559624	0,054472353309	0,160670131445	44796,8897737153
163	0,302470503929	0,302041606562	1,197882568448	1,070937954689	0,054472353309	0,160670131445	44796,9863430903
164	0,302184767588	0,301833624398	1,19702580767	1,069887959415	0,054472353309	0,160670131445	44797,082605706
165	0,301920473363	0,301752227265	1,196221012724	1,070308618936	0,054472353309	0,160670131445	44797,1791113079
166	0,301892113218	0,301658032475	1,196025943084	1,07010730819	0,054472353309	0,160670131445	44797,2756366551
167	0,301822482704	0,301654138245	1,195585062946	1,070197282674	0,054472353309	0,160670131445	44797,3719936574
168	0,301878574111	0,301685111305	1,195759540163	1,070437959406	0,054472353309	0,160670131445	44797,4683018981
169	0,301965413971	0,301824663749	1,195890548529	1,071265641025	0,054472353309	0,160670131445	44797,5648434028
170	0,302007628831	0,301731702399	1,1962860222	1,07064175549	0,054472353309	0,160670131445	44797,6613459375
171	0,302024611345	0,301607672404	1,195738538004	1,070550273537	0,054472353309	0,160670131445	44797,7572999884
172	0,301735524316	0,301616723126	1,194967423832	1,070215824913	0,054472353309	0,160670131445	44797,853534213
173	0,301730294754	0,301236937305	1,19499960447	1,068156284649	0,054472353309	0,160670131445	44797,9496568287
174	0,301276688607	0,301009637641	1,193945956139	1,067052433948	0,054472353309	0,160670131445	44798,0461528356
175	0,30114758643	2,5655E-8	1,19323915153	8,2824E-8	0,054472353309	0,160670131445	44798,1496782755
176	0	0,165908949766	0	0,580572764281	0,054825864732	0,165680259466	44798,3652961343
177	0,306560577088	0,30083006926	1,212678169786	1,067248215731	0,054825864732	0,165680259466	44798,4632880903
178	0,301257291222	0,300873945305	1,193145008438	1,067808375411	0,054825864732	0,165680259466	44798,5597385417
179	0,301138180211	0,300837854541	1,192980908082	1,067103804238	0,054825864732	0,165680259466	44798,6564387037
180	0,301130315823	0,301044513408	1,192497970189	1,068745506511	0,054825864732	0,165680259466	44798,7522190972
181	0,301269557716	0,300930890493	1,192986716694	1,06855475719	0,054825864732	0,165680259466	44798,8480557292
182	0,301120963073	0,300880357699	1,192227805004	1,068359296774	0,054825864732	0,165680259466	44798,9439227431
183	0,300904715904	0,300370221682	1,191601812016	1,064908198513	0,054825864732	0,165680259466	44799,0399592477
184	0,30042744396	0,299987890357	1,190986038209	1,062751203704	0,054825864732	0,165680259466	44799,1368311574
185	0,300082286913	0,299756725928	1,18956250117	1,062608795835	0,054825864732	0,165680259466	44799,2333450694
186	0,299963116031	0,299738713288	1,189133571947	1,062317463884	0,054825864732	0,165680259466	44799,3295370023
187	0,299935699387	0,299696046944	1,188953536004	1,062392720395	0,054825864732	0,165680259466	44799,4259324421
188	0,299980951298	0,299720594049	1,189019241112	1,062208362129	0,054825864732	0,165680259466	44799,5221238079
189	0,299961425762	0,299701243915	1,188672644148	1,062040407526	0,054825864732	0,165680259466	44799,6182343171
190	0,299760884835	0,299539742848	1,188409471155	1,061672847452	0,054825864732	0,165680259466	44799,7148304167
191	0,299722223702	0,299067027464	1,187911134945	1,059156121144	0,054825864732	0,165680259466	44799,8110009606
192	0,29922028349	0,29898302337	1,186796927824	1,059245961064	0,054825864732	0,165680259466	44799,9074470139
193	0,299030032618	0,298813835787	1,18610376183	1,058053807513	0,054825864732	0,165680259466	44800,0037431134
194	0,298981314496	0,298738901272	1,185886986757	1,058324367009	0,054825864732	0,165680259466	44800,1001000579
195	0,298913469136	0,298688525945	1,185317206825	1,058291284579	0,054825864732	0,165680259466	44800,1965008796
196	0,298836018061	0,298604591152	1,184956274057	1,057984042504	0,054825864732	0,165680259466	44800,2928124306
197	0,298802318797	0,298534874589	1,184868073119	1,057782159833	0,054825864732	0,165680259466	44800,389183206
198	0,298710443223	0,298373364411	1,184483188762	1,057187329849	0,054825864732	0,165680259466	44800,4854935532
199	0,298560659671	0,298329446828	1,183928001318	1,05686170922	0,054825864732	0,165680259466	44800,5818400463
200	0,298505632745	0,29822225898	1,183804722199	1,056494260618	0,054825864732	0,165680259466	44800,6781775926
201	0,29838276113	0,298001354122	1,183339314478	1,055655932826	0,054825864732	0,165680259466	44800,7744668287
202	0,298173847916	0,297944526556	1,182564416063	1,055294035544	0,054825864732	0,165680259466	44800,8707595255
203	0,298157090332	0,297852892103	1,182610502701	1,054948104711	0,054825864732	0,165680259466	44800,9672254282
204	0,297980304171	0,297648736776	1,181957586995	1,054185589039	0,054825864732	0,165680259466	44801,0636065046
205	0,297782448718	0,297497682847	1,181252538255	1,053556912249	0,054825864732	0,165680259466	44801,1599899653
206	0,297641310473	0,297300026165	1,180798673401	1,052660246036	0,054825864732	0,165680259466	44801,256440463
207	0,297457769676	0,297151489124	1,180169431373	1,052121390457	0,054825864732	0,165680259466	44801,3528946528
208	0,297359372661	0,297061021562	1,179857794964	1,051698021045	0,054825864732	0,165680259466	44801,4494195602
209	0,297246575285	0,296917688908	1,17938770788	1,051213569479	0,054825864732	0,165680259466	44801,5458251042
210	0,297149423769	0,296916401216	1,179038898991	1,051165399554	0,054825864732	0,165680259466	44801,6423297685
211	0,2971014609	0,296802736761	1,178876942533	1,050796864062	0,054825864732	0,165680259466	44801,7387933565
212	0,296981682351	0,29657673751	1,178436858061	1,049931011422	0,054825864732	0,165680259466	44801,8352847454
213	0,29671935107	0,296446219042	1,177478696651	1,049225367092	0,054825864732	0,165680259466	44801,9317736458
214	0,296582519189	0,296235743936	1,177105972995	1,048392825625	0,054825864732	0,165680259466	44802,0283527778
215	0,296359241629	0,295942590151	1,176340730062	1,047239456841	0,054825864732	0,165680259466	44802,1249459259
216	0,296103441981	0,295777207151	1,175431008302	1,046561154817	0,054825864732	0,165680259466	44802,2215703009
217	0,29593177669	0,295667341135	1,17483410968	1,046124751401	0,054825864732	0,165680259466	44802,3181828819
218	0,295864557671	0,295573141049	1,174586465103	1,045805957065	0,054825864732	0,165680259466	44802,4147950694
219	0,295818277524	0,295503319789	1,174425676257	1,045564064063	0,054825864732	0,165680259466	44802,5114538194
220	0,295737946809	0,295491718905	1,174054668465	1,045520752864	0,054825864732	0,165680259466	44802,6080699306
221	0,295740636445	0,295450474616	1,174064727864	1,045262649466	0,054825864732	0,165680259466	44802,7044979745
222	0,295606355203	0,295279884475	1,173274190177	1,04484794654	0,054825864732	0,165680259466	44802,8010982292
223	0,295415824699	0,295047441464	1,172699035379	1,043507440003	0,054825864732	0,165680259466	44802,8978721065
224	0,29521107688	0,294608203102	1,172554772755	1,041536888248	0,054825864732	0,165680259466	44802,9948727199
225	0,294751568927	0,294448067932	1,170789426855	1,041312672953	0,054825864732	0,165680259466	44803,0916233565
226	0,294612552492	7,00523257292541E-9	1,170140794262	2,2785E-8	0,054825864732	0,165680259466	44803,1954154861
227	0	0,163819401155	0	0,572805473908	0,059362400323	0,176934048533	44803,408795081
228	0,30116536668	0,29406833213	1,193955926476	1,040027422824	0,059362400323	0,176934048533	44803,5073136343
229	0,294624416934	0,294209173112	1,170176050882	1,04066688743	0,059362400323	0,176934048533	44803,6042087963
230	0,294479025448	0,294202692901	1,169205674429	1,040719829552	0,059362400323	0,176934048533	44803,7009014583
231	0,294426178431	0,293819062231	1,169595663808	1,039203592295	0,059362400323	0,176934048533	44803,7980012153
232	0,29396915969	0,293568462469	1,16794052124	1,038057511652	0,059362400323	0,176934048533	44803,8951594213
233	0,293723741649	0,293201695345	1,16721843424	1,036002022421	0,059362400323	0,176934048533	44803,9924975
234	0,293348031247	0,293069915466	1,165914201304	1,035871226018	0,059362400323	0,176934048533	44804,0893688657
235	0,29323900553	0,292818046873	1,165278220573	1,034917757026	0,059362400323	0,176934048533	44804,1860793056
236	0,292988775322	0,292659150439	1,16436966519	1,034202139679	0,059362400323	0,176934048533	44804,2827654977
237	0,292870592999	0,29253514821	1,163997627208	1,033688631976	0,059362400323	0,176934048533	44804,3796024537
238	0,292758042834	0,292655312372	1,163590798794	1,034752972247	0,059362400323	0,176934048533	44804,4764609838
239	0,292949121062	0,29261914192	1,163857920527	1,034830058982	0,059362400323	0,176934048533	44804,5729929282
240	0,292861629533	0,292545500609	1,16364058441	1,034747058011	0,059362400323	0,176934048533	44804,6695924653
241	0,292778010712	0,292391807503	1,163058477385	1,033372198377	0,059362400323	0,176934048533	44804,7662448264
242	0,292515585885	0,292013349216	1,162244228637	1,032506635508	0,059362400323	0,176934048533	44804,8625939583
243	0,292175123401	0,291907434438	1,161183278948	1,03188882682	0,059362400323	0,176934048533	44804,9591739583
244	0,292086386271	0,291671041673	1,160774817002	1,030585137366	0,059362400323	0,176934048533	44805,0558071759
245	0,291801681636	0,291352001805	1,159893069194	1,029474447739	0,059362400323	0,176934048533	44805,1525400926
246	0,291560172052	0,291238349218	1,159108693952	1,028906034168	0,059362400323	0,176934048533	44805,2493382176
247	0,291424505064	0,290797893316	1,158767784785	1,02677823723	0,059362400323	0,176934048533	44805,3463051157
248	0,291012322795	0,290622277444	1,157550711154	1,025949211519	0,059362400323	0,176934048533	44805,4435173611
249	0,290875727582	0,290649375982	1,157126421944	1,026206496307	0,059362400323	0,176934048533	44805,5407287153
250	0,290953725963	0,290726896478	1,157043611509	1,027136928129	0,059362400323	0,176934048533	44805,6376311111
251	0,290996732912	0,290565404949	1,157060171271	1,026633299516	0,059362400323	0,176934048533	44805,7345428704
252	0,290762847039	0,290389756017	1,156082059995	1,025850037052	0,059362400323	0,176934048533	44805,8313587731
253	0,29057766153	0,290197279776	1,155471915438	1,025034456068	0,059362400323	0,176934048533	44805,9282929282
254	0,290323555997	0,289839512723	1,154651205856	1,023500206325	0,059362400323	0,176934048533	44806,0251232639
255	0,290018495176	0,289418436199	1,153703745575	1,021624558778	0,059362400323	0,176934048533	44806,1221649884
256	0,289645195356	0,289223402378	1,152432748163	1,020703674079	0,059362400323	0,176934048533	44806,2193920139
257	0,289411631092	0,288928905587	1,151685377772	1,01948183659	0,059362400323	0,176934048533	44806,3167051968
258	0,289131884333	0,288664090772	1,150788563652	1,018549207418	0,059362400323	0,176934048533	44806,4139377431
259	0,288892630059	0,288414821087	1,149936236555	1,017579837455	0,059362400323	0,176934048533	44806,5110941204
260	0,288728562299	0,288310237658	1,149193460188	1,017404345374	0,059362400323	0,176934048533	44806,6084087616
261	0,288535848101	0,288177151649	1,148376332914	1,01695857826	0,059362400323	0,176934048533	44806,7055093519
262	0,288480855354	0,288135864337	1,148127874712	1,016908756149	0,059362400323	0,176934048533	44806,8026797338
263	0,288328819839	0,2877754242	1,147590826743	1,015440953649	0,059362400323	0,176934048533	44806,8998147454
264	0,287989855063	0,287406122812	1,146500843634	1,013780916207	0,059362400323	0,176934048533	44806,9972549074
265	0,287551360946	0,286915246226	1,145076028523	1,011599889112	0,059362400323	0,176934048533	44807,0947114236
266	0,287121995244	0,28660395985	1,143588634919	1,010392927784	0,059362400323	0,176934048533	44807,1921977199
267	0,286798089598	0,28621776778	1,142545217207	1,008842722363	0,059362400323	0,176934048533	44807,2895647454
268	0,286462919657	0,285888367461	1,141427882442	1,007514104896	0,059362400323	0,176934048533	44807,387038125
269	0,286176032041	0,285586105736	1,140444366567	1,006350413666	0,059362400323	0,176934048533	44807,4846445949
270	0,285938426233	0,285484169961	1,139519564997	1,005961050721	0,059362400323	0,176934048533	44807,5824978125
271	0,28579021865	0,285278772083	1,138938365391	1,005286761727	0,059362400323	0,176934048533	44807,6803150463
272	0,285603853702	0,285086296688	1,138216673664	1,004758237523	0,059362400323	0,176934048533	44807,778048206
273	0,285279689858	0,284583806713	1,136812554953	1,002884032581	0,059362400323	0,176934048533	44807,875474838
274	0,284765549012	0,28407752254	1,134997378533	1,000626119765	0,059362400323	0,176934048533	44807,9730814699
275	0,284317768202	0,28369126096	1,133653934107	0,998737448222	0,059362400323	0,176934048533	44808,070984294
276	0,283927147701	0,283244423184	1,132370667585	0,99692801034	0,059362400323	0,176934048533	44808,1689136227
277	0,283498147964	6,79317667404186E-9	1,130937563347	2,2427E-8	0,059362400323	0,176934048533	44808,2739181829
278	0	0,160610497333	0	0,561016068685	0,065356828272	0,19122736156	44808,4842107176
279	0,292169966597	0,282850449437	1,162737790367	0,995734888043	0,065356828272	0,19122736156	44808,5846575116
280	0,283535074214	0,282847903299	1,1309267087	0,995924404608	0,065356828272	0,19122736156	44808,6828043519
281	0,283211065886	0,282535306342	1,129632867991	0,994840546474	0,065356828272	0,19122736156	44808,7807036806
282	0,282878847062	0,282129684031	1,128429128053	0,993420999999	0,065356828272	0,19122736156	44808,8785064352
283	0,28231665477	0,28152397631	1,126277524846	0,99075207029	0,065356828272	0,19122736156	44808,9762625579
284	0,281786957969	0,281117083473	1,124603818494	0,988872147288	0,065356828272	0,19122736156	44809,0743345023
285	0,28132241159	0,279629069228	1,123199966367	0,982185466246	0,065356828272	0,19122736156	44809,1723074306
286	0,279929067995	0,280373124988	1,118990368456	0,986214516169	0,065356828272	0,19122736156	44809,2708071644
287	0,28071226685	0,280392404763	1,120544103471	0,98666994972	0,065356828272	0,19122736156	44809,3684358449
288	0,280875327706	0,280201383637	1,120992336984	0,986620652429	0,065356828272	0,19122736156	44809,4663294676
289	0,280686598734	0,281340564988	1,11993460823	0,992809834034	0,065356828272	0,19122736156	44809,5636372106
290	0,281876886543	0,282320869825	1,122718799774	0,999142647148	0,065356828272	0,19122736156	44809,6595731134
291	0,28290948835	0,283041639894	1,125081851141	1,003568836051	0,065356828272	0,19122736156	44809,7550020949
292	0,283521110722	0,283516956519	1,126414652408	1,006544489557	0,065356828272	0,19122736156	44809,8498752546
293	0,283868857559	0,283465241785	1,127040797086	1,006559057212	0,065356828272	0,19122736156	44809,9443460417
294	0,283735924478	0,282695520137	1,126795603859	1,002354840977	0,065356828272	0,19122736156	44810,0392596296
295	0,28286660591	0,281924376222	1,124709703086	0,997102794013	0,065356828272	0,19122736156	44810,1348830208
296	0,282042976383	0,281332767841	1,122940165164	0,993392480695	0,065356828272	0,19122736156	44810,231084838
297	0,281619305096	0,280392496105	1,122101598962	0,989023542521	0,065356828272	0,19122736156	44810,3280654861
298	0,280646838902	0,280366593067	1,119028339457	0,988326302746	0,065356828272	0,19122736156	44810,4252085648
299	0,280790034703	0,28027875027	1,11966499384	0,98916354896	0,065356828272	0,19122736156	44810,5225432639
300	0,280831148825	0,281084870408	1,118977630576	0,994146162678	0,065356828272	0,19122736156	44810,6192160185
301	0,281589467	0,281810690999	1,120553435677	0,998967516571	0,065356828272	0,19122736156	44810,7149761111
302	0,282263628132	0,282651523716	1,121799415247	1,003642706861	0,065356828272	0,19122736156	44810,8098879745
303	0,283053814967	0,282885356995	1,123742721066	1,005231556664	0,065356828272	0,19122736156	44810,9041866898
304	0,283148597716	0,282546935626	1,123984292539	1,003197170234	0,065356828272	0,19122736156	44810,9984218056
305	0,282763170727	0,282018611068	1,123253586702	0,999683878285	0,065356828272	0,19122736156	44811,0932422685
306	0,282171637106	0,28102154271	1,121910572411	0,994453861906	0,065356828272	0,19122736156	44811,188681169
307	0,281239139379	0,28006962813	1,119558419723	0,988767388363	0,065356828272	0,19122736156	44811,2850951389
308	0,280277962594	0,279733754382	1,117119408631	0,98676107738	0,065356828272	0,19122736156	44811,3819551852
309	0,28012690737	0,279731127288	1,116801414582	0,987335284983	0,065356828272	0,19122736156	44811,4789934143
310	0,280247699789	0,280260748014	1,116588720528	0,991205029209	0,065356828272	0,19122736156	44811,5756056019
311	0,280790773705	0,281024072105	1,117461666489	0,995828299322	0,065356828272	0,19122736156	44811,6715849537
312	0,281474638233	0,281545914968	1,118895848478	0,99910727524	0,065356828272	0,19122736156	44811,7666515394
313	0,281939919069	0,281554920759	1,119970976746	0,999768783775	0,065356828272	0,19122736156	44811,8610597106
314	0,281872077726	0,281268186785	1,119582129213	0,99820849899	0,065356828272	0,19122736156	44811,955553044
315	0,281546739932	0,28076958553	1,118765050867	0,995264342737	0,065356828272	0,19122736156	44812,0505379167
316	0,280989085859	0,280176761297	1,117443717413	0,991723260087	0,065356828272	0,19122736156	44812,1459953125
317	0,280336689787	0,279532209618	1,115747996124	0,988099704257	0,065356828272	0,19122736156	44812,2416553588
318	0,279741063188	0,278580231459	1,114400402505	0,982962474853	0,065356828272	0,19122736156	44812,3382442245
319	0,278831746582	0,277390678807	1,111831993446	0,97709798666	0,065356828272	0,19122736156	44812,4355944444
320	0,277513899155	0,276698366176	1,107907903606	0,973490729022	0,065356828272	0,19122736156	44812,5331392014
321	0,277102407829	0,275817463905	1,106844488393	0,970218170699	0,065356828272	0,19122736156	44812,6314209722
322	0,276091787253	0,27569479557	1,102994094322	0,970282344245	0,065356828272	0,19122736156	44812,7290111921
323	0,276022554641	0,275404174571	1,102417202689	0,969239891163	0,065356828272	0,19122736156	44812,8264319907
324	0,27573402823	0,274315275298	1,101468132497	0,964784717224	0,065356828272	0,19122736156	44812,9243638773
325	0,274444633696	0,272839007323	1,097093455931	0,957295209981	0,065356828272	0,19122736156	44813,0224041898
326	0,272974117827	0,270078721056	1,092920194916	0,944812219959	0,065356828272	0,19122736156	44813,1213756597
327	0,270348560465	0,267445045252	1,084679177015	0,933567636821	0,065356828272	0,19122736156	44813,2216570255
328	0,267681650483	3,61405483075201E-9	1,075625995634	1,228E-8	0,065356828272	0,19122736156	44813,329419456
329	0,264524407599	4,21526E-7	1,033922252835	1,593713E-6	0,078730434179	0,19122736156	44813,4690372338
