TesterID:	Maccor#2														
Channel Number:	57														
TestName:	KAI_Zelltest_regulaer_fix_no_degass_flag.000														
TestDesc:	Regular cycling: formation, followed by pulse, C-rate quick charge and cycling t														
StartDateTime:	44966,5499989468														
Comment:															
															
									Charge			Discharge			
Cycle	AH-IN	AH-OUT	WH-IN	WH-OUT	ACR	DCIR	V1_Start	V1_End	V1_Min	V1_Max	V1_Start	V1_End	V1_Min	V1_Max	Date
0		1,28437E-7		1,9691E-8	0	0					-0,00102509092539549	-0,00102509092539549	-0,00102509092539549	-0,000866818358190358	44966,5501718056
1	0,519528040455	0,443915308963	1,938323932361	1,627231254734	0	0	-0,000866818358190358	-0,000866818358190358	-0,0011833633761853	-0,000708545907400548	-0,000708545907400548	-0,00102509092539549	-0,00134163582697511	-0,000708545907400548	44966,9888474769
2	0,448380331528	0,44515297776	1,684588373455	1,63296253167	0	0	-0,00102509092539549	-0,000866818358190358	-0,0011833633761853	-0,000708545907400548	-0,000866818358190358	-0,00102509092539549	-0,0011833633761853	-0,000708545907400548	44967,4030813657
3	0,460679764456	1,37762E-7	1,735220787652	4,42939E-7	0	0	-0,000866818358190358	-0,00102509092539549	-0,0011833633761853	-0,000708545907400548	-0,00102509092539549	-0,000708545907400548	-0,0011833633761853	-0,000708545907400548	44967,8904707407
4	1,65306070547545E-13	1,35423E-7	6,20608647306452E-13	4,40037E-7	0,046552456915	0,127030611038	-0,000866818358190358	-0,000866818358190358	-0,0011833633761853	-0,000708545907400548	-0,000866818358190358	-0,00102509092539549	-0,0011833633761853	-0,000550273398403078	44968,1931040857
5	0,450869204112	0,448758559459	1,707097377321	1,647565893348	0,046552456915	0,127030611038	-0,00102509092539549	-0,000866818358190358	-0,00134163582697511	-0,000708545907400548	-0,00102509092539549	-0,00102509092539549	-0,00134163582697511	-0,000708545907400548	44968,4580221065
6	0,449402498247	0,447683184137	1,701080731384	1,64381680372	0,046552456915	0,127030611038	-0,00102509092539549	-0,00102509092539549	-0,0011833633761853	-0,000708545907400548	-0,00102509092539549	-0,000866818358190358	-0,0011833633761853	-0,000708545907400548	44968,7285237384
7	0,448196842577	0,446666830505	1,696167531625	1,640248466379	0,046552456915	0,127030611038	-0,000866818358190358	-0,00102509092539549	-0,00134163582697511	-0,000708545907400548	-0,00102509092539549	-0,00102509092539549	-0,00134163582697511	-0,000550273398403078	44968,9979965509
8	0,447227201172	0,424460558313	1,692259836186	1,532586982044	0,046552456915	0,127030611038	-0,00102509092539549	-0,000866818358190358	-0,0011833633761853	-0,000708545907400548	-0,0011833633761853	-0,00102509092539549	-0,0011833633761853	-0,000708545907400548	44969,1849731713
9	0,42498527358	0,423387159032	1,615112072808	1,529055090098	0,046552456915	0,127030611038	-0,000866818358190358	-0,000866818358190358	-0,0011833633761853	-0,000708545907400548	-0,000866818358190358	-0,000708545907400548	-0,00134163582697511	-0,000708545907400548	44969,3656576736
10	0,423915113439	0,42260444263	1,611007194503	1,526464647724	0,046552456915	0,127030611038	-0,000866818358190358	-0,00102509092539549	-0,0011833633761853	-0,000708545907400548	-0,000708545907400548	-0,00102509092539549	-0,0011833633761853	-0,000708545907400548	44969,5458809144
11	0,423043794738	0,368164364286	1,607613894624	1,297880221142	0,046552456915	0,127030611038	-0,000866818358190358	-0,00102509092539549	-0,0011833633761853	-0,000708545907400548	-0,000866818358190358	-0,00102509092539549	-0,00134163582697511	-0,000708545907400548	44969,7042116435
12	0,368671818803	0,368280590772	1,415422357177	1,298865218236	0,046552456915	0,127030611038	-0,00102509092539549	-0,00102509092539549	-0,00134163582697511	-0,000708545907400548	-0,000866818358190358	-0,000866818358190358	-0,0011833633761853	-0,000708545907400548	44969,8476894097
13	0,368762074988	0,36751847066	1,415475294584	1,296466409203	0,046552456915	0,127030611038	-0,000866818358190358	-0,000866818358190358	-0,0011833633761853	-0,000708545907400548	-0,000866818358190358	-0,00102509092539549	-0,0011833633761853	-0,000708545907400548	44969,9911317824
14	0,367957794722	0,439379799466	1,412370721148	1,614696597682	0,046552456915	0,127030611038	-0,00102509092539549	-0,00102509092539549	-0,0011833633761853	-0,000708545907400548	-0,000866818358190358	-0,00102509092539549	-0,0011833633761853	-0,000708545907400548	44970,2359838194
15	0,439695520016	0,439612544691	1,66338104841	1,615531962259	0,046552456915	0,127030611038	-0,00102509092539549	-0,00102509092539549	-0,0011833633761853	-0,000708545907400548	-0,000866818358190358	-0,00102509092539549	-0,0011833633761853	-0,000708545907400548	44970,5002640278
16	0,439922151323	1,18468E-7	1,663994062836	3,77275E-7	0,046552456915	0,127030611038	-0,0011833633761853	-0,00102509092539549	-0,0011833633761853	-0,000708545907400548	-0,000708545907400548	-0,00102509092539549	-0,0011833633761853	-0,000708545907400548	44970,7714892593
17	0,386168601422	0,386515998608	1,468754854044	1,400162384717	0,046552456915	0,127030611038	-0,000866818358190358	-0,00102509092539549	-0,00134163582697511	-0,000708545907400548	-0,00102509092539549	-0,00102509092539549	-0,0011833633761853	-0,000708545907400548	44970,9171170602
18	0,386043357279	0,386057447624	1,467900965925	1,398397370017	0,046552456915	0,127030611038	-0,000866818358190358	-0,000866818358190358	-0,0011833633761853	-0,000708545907400548	-0,00102509092539549	-0,0011833633761853	-0,0011833633761853	-0,000708545907400548	44971,0694891088
19	0,385867668291	0,38572287132	1,466993762651	1,397165760399	0,046552456915	0,127030611038	-0,00102509092539549	-0,000866818358190358	-0,00134163582697511	-0,000550273398403078	-0,00102509092539549	-0,000866818358190358	-0,0011833633761853	-0,000708545907400548	44971,2217588773
20	0,35714883613	0,350019082757	1,385310266979	1,258869735294	0,046552456915	0,127030611038	-0,00102509092539549	-0,00102509092539549	-0,0011833633761853	-0,000708545907400548	-0,000866818358190358	-0,000866818358190358	-0,0011833633761853	-0,000708545907400548	44971,3458421065
21	0,349011323109	0,341181746348	1,353086977622	1,227438991308	0,046552456915	0,127030611038	-0,000866818358190358	-0,000866818358190358	-0,0011833633761853	-0,000708545907400548	-0,00102509092539549	-0,00102509092539549	-0,0011833633761853	-0,000708545907400548	44971,467184375
22	0,340486168414	1,40517E-7	1,320030572092	4,28891E-7	0,046552456915	0,127030611038	-0,0011833633761853	-0,00102509092539549	-0,0011833633761853	-0,000708545907400548	-0,00102509092539549	-0,00102509092539549	-0,0011833633761853	-0,000708545907400548	44971,5931856944
23	4,19623102159152E-13	0,239626830514	1,57027039294535E-12	0,840973122497	0,044615421444	0,110891908407	-0,00102509092539549	-0,00102509092539549	-0,0011833633761853	-0,000866818358190358	-0,00102509092539549	-0,000866818358190358	-0,0011833633761853	-0,000708545907400548	44971,8660896181
24	0,417533937752	0,409007348248	1,608160288995	1,478406109931	0,044615421444	0,110891908407	-0,00102509092539549	-0,0011833633761853	-0,00134163582697511	-0,000708545907400548	-0,00102509092539549	-0,000866818358190358	-0,0011833633761853	-0,000708545907400548	44971,9730501736
25	0,409302042132	0,408232378979	1,579793112633	1,475750189838	0,044615421444	0,110891908407	-0,00102509092539549	-0,000866818358190358	-0,0011833633761853	-0,000708545907400548	-0,000866818358190358	-0,000866818358190358	-0,0011833633761853	-0,000708545907400548	44972,0790332986
26	0,408493155172	0,407602105504	1,576703724377	1,473555458896	0,044615421444	0,110891908407	-0,000866818358190358	-0,000866818358190358	-0,0011833633761853	-0,000708545907400548	-0,000866818358190358	-0,000866818358190358	-0,0011833633761853	-0,000708545907400548	44972,1848120255
27	0,407807976322	0,406993725761	1,574093897539	1,471398089838	0,044615421444	0,110891908407	-0,000866818358190358	-0,000866818358190358	-0,0011833633761853	-0,000708545907400548	-0,0011833633761853	-0,0011833633761853	-0,00134163582697511	-0,000708545907400548	44972,2903776042
28	0,407181352764	0,406440898393	1,571713625665	1,469414114647	0,044615421444	0,110891908407	-0,00102509092539549	-0,000866818358190358	-0,0011833633761853	-0,000708545907400548	-0,00102509092539549	-0,00102509092539549	-0,0011833633761853	-0,000550273398403078	44972,3956860417
29	0,406695255367	0,405981016058	1,569916119958	1,467744186707	0,044615421444	0,110891908407	-0,000866818358190358	-0,000866818358190358	-0,0011833633761853	-0,000708545907400548	-0,000866818358190358	-0,000866818358190358	-0,0011833633761853	-0,000708545907400548	44972,5010849769
30	0,406176224088	0,405526366508	1,567941981517	1,466108538647	0,044615421444	0,110891908407	-0,00102509092539549	-0,000866818358190358	-0,0011833633761853	-0,000708545907400548	-0,000866818358190358	-0,00102509092539549	-0,0011833633761853	-0,000708545907400548	44972,6063258449
31	0,405647443795	0,405026553432	1,565901134541	1,464297691268	0,044615421444	0,110891908407	-0,00102509092539549	-0,00102509092539549	-0,0011833633761853	-0,000708545907400548	-0,00102509092539549	-0,00102509092539549	-0,00134163582697511	-0,000708545907400548	44972,7112063426
32	0,405183675798	0,404535766493	1,564170658183	1,462468840984	0,044615421444	0,110891908407	-0,000866818358190358	-0,000866818358190358	-0,0011833633761853	-0,000708545907400548	-0,00102509092539549	-0,000866818358190358	-0,0011833633761853	-0,000550273398403078	44972,8160727431
33	0,404731477364	0,404167595968	1,56258002532	1,461166178499	0,044615421444	0,110891908407	-0,00102509092539549	-0,00102509092539549	-0,0011833633761853	-0,000708545907400548	-0,000866818358190358	-0,000866818358190358	-0,0011833633761853	-0,000708545907400548	44972,9209970602
34	0,404309186054	0,403749081263	1,56096355457	1,459663795032	0,044615421444	0,110891908407	-0,00102509092539549	-0,00102509092539549	-0,0011833633761853	-0,000708545907400548	-0,00102509092539549	-0,0011833633761853	-0,00134163582697511	-0,000550273398403078	44973,0258401736
35	0,403882027816	0,403331864851	1,559349801987	1,458151010543	0,044615421444	0,110891908407	-0,00102509092539549	-0,000866818358190358	-0,0011833633761853	-0,000708545907400548	-0,00102509092539549	-0,00102509092539549	-0,0011833633761853	-0,000550273398403078	44973,1304887847
36	0,403491393936	0,402928860944	1,557872633834	1,456696930808	0,044615421444	0,110891908407	-0,00102509092539549	-0,00102509092539549	-0,00134163582697511	-0,000708545907400548	-0,00102509092539549	-0,00102509092539549	-0,0011833633761853	-0,000550273398403078	44973,2350694676
37	0,403051711535	0,402503948049	1,556230515965	1,45514577152	0,044615421444	0,110891908407	-0,000866818358190358	-0,000866818358190358	-0,00134163582697511	-0,000708545907400548	-0,000866818358190358	-0,000866818358190358	-0,0011833633761853	-0,000708545907400548	44973,339501713
38	0,402634851431	0,402094560148	1,554676720493	1,453650621429	0,044615421444	0,110891908407	-0,00102509092539549	-0,00102509092539549	-0,0011833633761853	-0,000708545907400548	-0,000866818358190358	-0,000866818358190358	-0,00134163582697511	-0,000708545907400548	44973,4437238194
39	0,402239624997	0,401732792902	1,55319919142	1,45235170059	0,044615421444	0,110891908407	-0,00102509092539549	-0,00102509092539549	-0,0011833633761853	-0,000708545907400548	-0,0011833633761853	-0,00102509092539549	-0,0011833633761853	-0,000708545907400548	44973,5479099768
40	0,401876062438	0,401375079677	1,551831897659	1,451046502944	0,044615421444	0,110891908407	-0,00102509092539549	-0,000708545907400548	-0,0011833633761853	-0,000708545907400548	-0,000866818358190358	-0,000866818358190358	-0,0011833633761853	-0,000708545907400548	44973,6520244792
41	0,4015526262	0,401036680349	1,550632020834	1,449805923241	0,044615421444	0,110891908407	-0,00102509092539549	-0,00102509092539549	-0,0011833633761853	-0,000708545907400548	-0,00102509092539549	-0,00102509092539549	-0,00134163582697511	-0,000550273398403078	44973,7561788426
42	0,401183871165	0,400700824619	1,549281342719	1,448608209449	0,044615421444	0,110891908407	-0,00102509092539549	-0,00102509092539549	-0,0011833633761853	-0,000708545907400548	-0,00102509092539549	-0,00102509092539549	-0,0011833633761853	-0,000708545907400548	44973,8603628357
43	0,400785567611	0,400323653174	1,547779360462	1,447245149105	0,044615421444	0,110891908407	-0,00102509092539549	-0,00102509092539549	-0,0011833633761853	-0,000708545907400548	-0,00102509092539549	-0,00102509092539549	-0,00134163582697511	-0,000708545907400548	44973,9642885301
44	0,400454364375	0,400008527882	1,546527564966	1,446147839502	0,044615421444	0,110891908407	-0,00102509092539549	-0,00102509092539549	-0,0011833633761853	-0,000708545907400548	-0,00102509092539549	-0,000866818358190358	-0,0011833633761853	-0,000708545907400548	44974,0681833565
45	0,400112651122	0,399661123614	1,545224023534	1,44489367721	0,044615421444	0,110891908407	-0,000866818358190358	-0,000866818358190358	-0,0011833633761853	-0,000708545907400548	-0,000866818358190358	-0,00102509092539549	-0,0011833633761853	-0,000708545907400548	44974,1719137384
46	0,399784226971	0,399356218899	1,543982064947	1,443793958932	0,044615421444	0,110891908407	-0,00102509092539549	-0,000866818358190358	-0,0011833633761853	-0,000708545907400548	-0,00102509092539549	-0,000866818358190358	-0,0011833633761853	-0,000708545907400548	44974,2755326157
47	0,39948025938	0,399051375217	1,542817194043	1,442710421426	0,044615421444	0,110891908407	-0,000866818358190358	-0,00102509092539549	-0,0011833633761853	-0,000550273398403078	-0,000708545907400548	-0,000866818358190358	-0,00134163582697511	-0,000708545907400548	44974,3790556019
48	0,399189634056	0,398773687514	1,541729046574	1,441723991107	0,044615421444	0,110891908407	-0,00102509092539549	-0,000866818358190358	-0,0011833633761853	-0,000708545907400548	-0,000866818358190358	-0,000866818358190358	-0,0011833633761853	-0,000708545907400548	44974,4826500579
49	0,398910470289	0,398499910566	1,5406910234	1,440721613197	0,044615421444	0,110891908407	-0,000866818358190358	-0,000866818358190358	-0,0011833633761853	-0,000708545907400548	-0,00102509092539549	-0,0011833633761853	-0,00134163582697511	-0,000550273398403078	44974,5862501852
50	0,398610094846	0,398223459689	1,539505309821	1,439774408197	0,044615421444	0,110891908407	-0,00102509092539549	-0,00102509092539549	-0,0011833633761853	-0,000708545907400548	-0,000866818358190358	-0,0011833633761853	-0,0011833633761853	-0,000708545907400548	44974,689691169
51	0,398294604071	0,397868273952	1,538293388512	1,438456886301	0,044615421444	0,110891908407	-0,00102509092539549	-0,000866818358190358	-0,0011833633761853	-0,000708545907400548	-0,00102509092539549	-0,000866818358190358	-0,0011833633761853	-0,000708545907400548	44974,7928523264
52	0,396605603005	0,396247276484	1,531406180279	1,432046356586	0,044615421444	0,110891908407	-0,00102509092539549	-0,00102509092539549	-0,0011833633761853	-0,000708545907400548	-0,000866818358190358	-0,000866818358190358	-0,00134163582697511	-0,000708545907400548	44974,891616088
53	0,397768401738	0,397372283052	1,536384399896	1,436670051718	0,044615421444	0,110891908407	-0,000866818358190358	-0,00102509092539549	-0,0011833633761853	-0,000708545907400548	-0,00102509092539549	-0,00102509092539549	-0,0011833633761853	-0,000708545907400548	44974,9949902662
54	0,397457220853	0,39707387423	1,535196132882	1,435616172606	0,044615421444	0,110891908407	-0,000866818358190358	-0,000866818358190358	-0,0011833633761853	-0,000708545907400548	-0,000866818358190358	-0,00102509092539549	-0,0011833633761853	-0,000708545907400548	44975,0981839236
55	0,397166078756	0,39678201937	1,534090553847	1,43455933196	0,044615421444	0,110891908407	-0,00102509092539549	-0,00102509092539549	-0,00134163582697511	-0,000550273398403078	-0,00102509092539549	-0,00102509092539549	-0,0011833633761853	-0,000708545907400548	44975,2012426157
56	0,396897920846	0,396535310022	1,533079526856	1,433674791316	0,044615421444	0,110891908407	-0,00102509092539549	-0,000866818358190358	-0,0011833633761853	-0,000708545907400548	-0,00102509092539549	-0,00102509092539549	-0,00134163582697511	-0,000708545907400548	44975,3042344097
57	0,396594809948	0,396244645577	1,531909773103	1,43263347029	0,044615421444	0,110891908407	-0,000708545907400548	-0,000866818358190358	-0,00134163582697511	-0,000708545907400548	-0,00102509092539549	-0,000866818358190358	-0,0011833633761853	-0,000708545907400548	44975,4069889815
58	0,396385588907	0,39602764427	1,531124353783	1,431856632914	0,044615421444	0,110891908407	-0,000866818358190358	-0,000866818358190358	-0,00134163582697511	-0,000708545907400548	-0,000866818358190358	-0,00102509092539549	-0,0011833633761853	-0,000708545907400548	44975,5098178819
59	0,396144112445	0,395797801014	1,530204864089	1,431043436882	0,044615421444	0,110891908407	-0,000866818358190358	-0,000866818358190358	-0,0011833633761853	-0,000708545907400548	-0,00102509092539549	-0,00102509092539549	-0,00134163582697511	-0,000550273398403078	44975,612646794
60	0,395888219143	0,395545865239	1,52923090348	1,430149391774	0,044615421444	0,110891908407	-0,00102509092539549	-0,000866818358190358	-0,0011833633761853	-0,000708545907400548	-0,000866818358190358	-0,00102509092539549	-0,0011833633761853	-0,000708545907400548	44975,71541375
61	0,395610160156	0,395229430638	1,528173740084	1,428967166101	0,044615421444	0,110891908407	-0,00102509092539549	-0,000866818358190358	-0,0011833633761853	-0,000708545907400548	-0,00102509092539549	-0,000866818358190358	-0,00134163582697511	-0,000708545907400548	44975,8180045139
62	0,395317277526	0,394999580815	1,527112931148	1,428155802127	0,044615421444	0,110891908407	-0,000866818358190358	-0,00102509092539549	-0,0011833633761853	-0,000708545907400548	-0,00102509092539549	-0,000866818358190358	-0,0011833633761853	-0,000708545907400548	44975,9205453935
63	0,395115612322	0,394785117169	1,526342707597	1,427407075268	0,044615421444	0,110891908407	-0,000866818358190358	-0,000866818358190358	-0,0011833633761853	-0,000708545907400548	-0,00102509092539549	-0,000866818358190358	-0,0011833633761853	-0,000708545907400548	44976,0231135301
64	0,394875404883	0,394552633467	1,525431564839	1,426589357829	0,044615421444	0,110891908407	-0,000866818358190358	-0,00102509092539549	-0,00134163582697511	-0,000708545907400548	-0,000866818358190358	-0,000708545907400548	-0,0011833633761853	-0,000708545907400548	44976,125650081
65	0,39460940388	0,394281401599	1,524406204771	1,42560430228	0,044615421444	0,110891908407	-0,00102509092539549	-0,000866818358190358	-0,0011833633761853	-0,000708545907400548	-0,000866818358190358	-0,00102509092539549	-0,00134163582697511	-0,000708545907400548	44976,2279520718
66	0,394391745012	0,3940759874	1,523590637733	1,424875192985	0,044615421444	0,110891908407	-0,00102509092539549	-0,000866818358190358	-0,0011833633761853	-0,000708545907400548	-0,000866818358190358	-0,00102509092539549	-0,0011833633761853	-0,000708545907400548	44976,3302835417
67	0,394154182523	0,39385130212	1,522681748963	1,424064001576	0,044615421444	0,110891908407	-0,000866818358190358	-0,00102509092539549	-0,00134163582697511	-0,000708545907400548	-0,00102509092539549	-0,000866818358190358	-0,0011833633761853	-0,000708545907400548	44976,4325058449
68	0,393955459669	0,393648485982	1,5219002886	1,423339399031	0,044615421444	0,110891908407	-0,000866818358190358	-0,000866818358190358	-0,00134163582697511	-0,000708545907400548	-0,00102509092539549	-0,0011833633761853	-0,0011833633761853	-0,000708545907400548	44976,5346586343
69	0,393756103223	0,393453419733	1,521138164612	1,422661876689	0,044615421444	0,110891908407	-0,0011833633761853	-0,0011833633761853	-0,0011833633761853	-0,000708545907400548	-0,000866818358190358	-0,00102509092539549	-0,00134163582697511	-0,000708545907400548	44976,6368525231
70	0,393523534207	0,393227409672	1,520248529157	1,421838990531	0,044615421444	0,110891908407	-0,000866818358190358	-0,000866818358190358	-0,0011833633761853	-0,000708545907400548	-0,000866818358190358	-0,000866818358190358	-0,00134163582697511	-0,000708545907400548	44976,7389463426
71	0,393295618962	0,392974291958	1,519386720398	1,420914832842	0,044615421444	0,110891908407	-0,00102509092539549	-0,0011833633761853	-0,0011833633761853	-0,000708545907400548	-0,00102509092539549	-0,00102509092539549	-0,0011833633761853	-0,000708545907400548	44976,8409266319
72	0,393067262088	0,392774054807	1,518544117585	1,420202005967	0,044615421444	0,110891908407	-0,000866818358190358	-0,0011833633761853	-0,0011833633761853	-0,000708545907400548	-0,00102509092539549	-0,000866818358190358	-0,00134163582697511	-0,000708545907400548	44976,9429128819
73	0,392890911537	1,62558E-7	1,517890049165	5,23693E-7	0,044615421444	0,110891908407	-0,000866818358190358	-0,000866818358190358	-0,00134163582697511	-0,000708545907400548	-0,000866818358190358	-0,000866818358190358	-0,0011833633761853	-0,000708545907400548	44977,0519669444
74	1,78021922128125E-13	0,225520795705	6,66422384942047E-13	0,791503263564	0,046924937516	0,108813270926	-0,00102509092539549	-0,000866818358190358	-0,0011833633761853	-0,000866818358190358	-0,00102509092539549	-0,00102509092539549	-0,0011833633761853	-0,000708545907400548	44977,3119592361
75	0,400142233311	0,39313308836	1,542357480898	1,421611598641	0,046924937516	0,108813270926	-0,000866818358190358	-0,000866818358190358	-0,0011833633761853	-0,000708545907400548	-0,00102509092539549	-0,00102509092539549	-0,0011833633761853	-0,000708545907400548	44977,4147614005
76	0,393204094279	0,392795976725	1,51864004034	1,420433856722	0,046924937516	0,108813270926	-0,00102509092539549	-0,000866818358190358	-0,00134163582697511	-0,000708545907400548	-0,00102509092539549	-0,00102509092539549	-0,00134163582697511	-0,000708545907400548	44977,5165243056
77	0,392916574535	0,392514422973	1,517572794778	1,419381635076	0,046924937516	0,108813270926	-0,000866818358190358	-0,000708545907400548	-0,0011833633761853	-0,000708545907400548	-0,0011833633761853	-0,000866818358190358	-0,00134163582697511	-0,000708545907400548	44977,6183985648
78	0,392597766887	0,392257448331	1,51640847564	1,4184642425	0,046924937516	0,108813270926	-0,000866818358190358	-0,000866818358190358	-0,0011833633761853	-0,000708545907400548	-0,000866818358190358	-0,00102509092539549	-0,00134163582697511	-0,000708545907400548	44977,7202109607
79	0,392301558256	0,391958976778	1,51527874271	1,417343566789	0,046924937516	0,108813270926	-0,000866818358190358	-0,00102509092539549	-0,00134163582697511	-0,000708545907400548	-0,000866818358190358	-0,00102509092539549	-0,00134163582697511	-0,000708545907400548	44977,8218320023
80	0,392023856242	0,391726519989	1,514279425345	1,416519320022	0,046924937516	0,108813270926	-0,000866818358190358	-0,00102509092539549	-0,0011833633761853	-0,000550273398403078	-0,0011833633761853	-0,00102509092539549	-0,0011833633761853	-0,000708545907400548	44977,9233870255
81	0,39185082156	0,391558652312	1,513639583547	1,415926602222	0,046924937516	0,108813270926	-0,000708545907400548	-0,000866818358190358	-0,0011833633761853	-0,000708545907400548	-0,000866818358190358	-0,000866818358190358	-0,00134163582697511	-0,000708545907400548	44978,0250081366
82	0,391596770877	0,391310602713	1,512673409138	1,415014575036	0,046924937516	0,108813270926	-0,0011833633761853	-0,0011833633761853	-0,0011833633761853	-0,000708545907400548	-0,000866818358190358	-0,00102509092539549	-0,0011833633761853	-0,000550273398403078	44978,1265186458
83	0,391397037697	0,39112209509	1,511924914779	1,414329415855	0,046924937516	0,108813270926	-0,000866818358190358	-0,00102509092539549	-0,0011833633761853	-0,000708545907400548	-0,000866818358190358	-0,00102509092539549	-0,0011833633761853	-0,000708545907400548	44978,2280013426
84	0,391176374854	0,390899898935	1,511079822608	1,413516342752	0,046924937516	0,108813270926	-0,00102509092539549	-0,000866818358190358	-0,0011833633761853	-0,000708545907400548	-0,000708545907400548	-0,000866818358190358	-0,0011833633761853	-0,000708545907400548	44978,3293507639
85	0,390997825095	0,390737122048	1,510414098904	1,41294480374	0,046924937516	0,108813270926	-0,00102509092539549	-0,0011833633761853	-0,0011833633761853	-0,000708545907400548	-0,000866818358190358	-0,00102509092539549	-0,00134163582697511	-0,000708545907400548	44978,4307474074
86	0,39076193165	0,39050725018	1,509496342638	1,412083207849	0,046924937516	0,108813270926	-0,000866818358190358	-0,000866818358190358	-0,0011833633761853	-0,000708545907400548	-0,00102509092539549	-0,0011833633761853	-0,0011833633761853	-0,000708545907400548	44978,5319319213
87	0,390604332889	0,390378050984	1,508893870407	1,41165497445	0,046924937516	0,108813270926	-0,00102509092539549	-0,000866818358190358	-0,0011833633761853	-0,000708545907400548	-0,00102509092539549	-0,00102509092539549	-0,0011833633761853	-0,000708545907400548	44978,6331345139
88	0,390455776701	0,390190756664	1,508305674162	1,410965057068	0,046924937516	0,108813270926	-0,000866818358190358	-0,000866818358190358	-0,0011833633761853	-0,000708545907400548	-0,000866818358190358	-0,000866818358190358	-0,0011833633761853	-0,000708545907400548	44978,7343231366
89	0,390253877664	0,389989354104	1,507569112088	1,4101986996	0,046924937516	0,108813270926	-0,00102509092539549	-0,000866818358190358	-0,0011833633761853	-0,000708545907400548	-0,000866818358190358	-0,000866818358190358	-0,0011833633761853	-0,000708545907400548	44978,8355101389
90	0,390027425123	0,389794221732	1,506773235488	1,409472011956	0,046924937516	0,108813270926	-0,00102509092539549	-0,000866818358190358	-0,00134163582697511	-0,000550273398403078	-0,000866818358190358	-0,000866818358190358	-0,0011833633761853	-0,000708545907400548	44978,9365845718
91	0,389886506976	0,389661240206	1,506237448136	1,409026326949	0,046924937516	0,108813270926	-0,000866818358190358	-0,00102509092539549	-0,0011833633761853	-0,000708545907400548	-0,00102509092539549	-0,000866818358190358	-0,0011833633761853	-0,000708545907400548	44979,0377701736
92	0,389732800004	0,38948811071	1,505652422509	1,408403942428	0,046924937516	0,108813270926	-0,0011833633761853	-0,000866818358190358	-0,0011833633761853	-0,000708545907400548	-0,000866818358190358	-0,00102509092539549	-0,0011833633761853	-0,000708545907400548	44979,1388858333
93	0,389577499101	0,38934346599	1,505092104418	1,407885425087	0,046924937516	0,108813270926	-0,00102509092539549	-0,00102509092539549	-0,00134163582697511	-0,000708545907400548	-0,00102509092539549	-0,00102509092539549	-0,00134163582697511	-0,000708545907400548	44979,2400013773
94	0,389423019298	0,389191066721	1,504503005963	1,407346241364	0,046924937516	0,108813270926	-0,00102509092539549	-0,000866818358190358	-0,0011833633761853	-0,000708545907400548	-0,000866818358190358	-0,00102509092539549	-0,0011833633761853	-0,000708545907400548	44979,3411915741
95	0,389222394487	0,389007601992	1,503725811575	1,406693635561	0,046924937516	0,108813270926	-0,00102509092539549	-0,000866818358190358	-0,0011833633761853	-0,000708545907400548	-0,00102509092539549	-0,000866818358190358	-0,0011833633761853	-0,000708545907400548	44979,4421365046
96	0,389099181087	0,388888788042	1,503226047786	1,406268809488	0,046924937516	0,108813270926	-0,00102509092539549	-0,000866818358190358	-0,00134163582697511	-0,000708545907400548	-0,000866818358190358	-0,000866818358190358	-0,00134163582697511	-0,000550273398403078	44979,5430868634
97	0,388980114683	0,388771321972	1,50271552222	1,405858176928	0,046924937516	0,108813270926	-0,000708545907400548	-0,00102509092539549	-0,0011833633761853	-0,000708545907400548	-0,0011833633761853	-0,000866818358190358	-0,0011833633761853	-0,000708545907400548	44979,6439132755
98	0,388829388181	0,388625369638	1,50212661135	1,405358052722	0,046924937516	0,108813270926	-0,000866818358190358	-0,000866818358190358	-0,0011833633761853	-0,000708545907400548	-0,00102509092539549	-0,00102509092539549	-0,0011833633761853	-0,000708545907400548	44979,7447433681
99	0,388694456764	0,388764545061	1,501589469153	1,406092704491	0,046924937516	0,108813270926	-0,000866818358190358	-0,00102509092539549	-0,0011833633761853	-0,000708545907400548	-0,00102509092539549	-0,0011833633761853	-0,0011833633761853	-0,000550273398403078	44979,8458559144
100	0,388828703648	0,388308842637	1,502001420822	1,404208372111	0,046924937516	0,108813270926	-0,000866818358190358	-0,00102509092539549	-0,0011833633761853	-0,000708545907400548	-0,00102509092539549	-0,00102509092539549	-0,0011833633761853	-0,000708545907400548	44979,9466548032
101	0,388394133577	0,388179644074	1,500493954333	1,403735452863	0,046924937516	0,108813270926	-0,000866818358190358	-0,000866818358190358	-0,0011833633761853	-0,000708545907400548	-0,000866818358190358	-0,00102509092539549	-0,0011833633761853	-0,000708545907400548	44980,0474205671
102	0,388232601407	0,388007895305	1,499881499089	1,40309723784	0,046924937516	0,108813270926	-0,00102509092539549	-0,000708545907400548	-0,0011833633761853	-0,000708545907400548	-0,000866818358190358	-0,00102509092539549	-0,00134163582697511	-0,000708545907400548	44980,1481612616
103	0,388065322064	0,38786066948	1,499250327675	1,402569021271	0,046924937516	0,108813270926	-0,00102509092539549	-0,00102509092539549	-0,0011833633761853	-0,000550273398403078	-0,00102509092539549	-0,00102509092539549	-0,0011833633761853	-0,000708545907400548	44980,2487560995
104	0,387960432912	0,387763774269	1,498841315178	1,402245059105	0,046924937516	0,108813270926	-0,00102509092539549	-0,000866818358190358	-0,0011833633761853	-0,000708545907400548	-0,000866818358190358	-0,00102509092539549	-0,0011833633761853	-0,000550273398403078	44980,3494650347
105	0,387811836544	0,387625552539	1,498246288455	1,401753403204	0,046924937516	0,108813270926	-0,00102509092539549	-0,000866818358190358	-0,00134163582697511	-0,000708545907400548	-0,000866818358190358	-0,00102509092539549	-0,00134163582697511	-0,000708545907400548	44980,4499689468
106	0,387701503375	0,387510594672	1,497801508349	1,401367603858	0,046924937516	0,108813270926	-0,00102509092539549	-0,000866818358190358	-0,0011833633761853	-0,000708545907400548	-0,000866818358190358	-0,000866818358190358	-0,0011833633761853	-0,000708545907400548	44980,5504760764
107	0,387577440741	0,387389191139	1,497302499734	1,400975311656	0,046924937516	0,108813270926	-0,00102509092539549	-0,00102509092539549	-0,0011833633761853	-0,000708545907400548	-0,000866818358190358	-0,000866818358190358	-0,0011833633761853	-0,000708545907400548	44980,650981331
108	0,387445971072	0,387244513147	1,49678491352	1,40045650446	0,046924937516	0,108813270926	-0,000708545907400548	-0,000866818358190358	-0,0011833633761853	-0,000708545907400548	-0,000866818358190358	-0,000708545907400548	-0,0011833633761853	-0,000708545907400548	44980,7514344329
109	0,387264628663	0,387057238748	1,496095302607	1,399753820254	0,046924937516	0,108813270926	-0,00102509092539549	-0,000866818358190358	-0,0011833633761853	-0,000708545907400548	-0,00102509092539549	-0,00102509092539549	-0,0011833633761853	-0,000708545907400548	44980,851721331
110	0,387116345575	0,386911296164	1,495557956668	1,399230714375	0,046924937516	0,108813270926	-0,00102509092539549	-0,000866818358190358	-0,0011833633761853	-0,000708545907400548	-0,00102509092539549	-0,000866818358190358	-0,0011833633761853	-0,000708545907400548	44980,9520609259
111	0,38698085264	0,386791168667	1,495072897594	1,398790526607	0,046924937516	0,108813270926	-0,00102509092539549	-0,000708545907400548	-0,0011833633761853	-0,000708545907400548	-0,00102509092539549	-0,00102509092539549	-0,00134163582697511	-0,000708545907400548	44981,0524398958
112	0,386857934402	0,386658134156	1,494599724512	1,3982947184	0,046924937516	0,108813270926	-0,00102509092539549	-0,00102509092539549	-0,0011833633761853	-0,000708545907400548	-0,00102509092539549	-0,00102509092539549	-0,00134163582697511	-0,000708545907400548	44981,1527944907
113	0,386712711195	0,386519933833	1,494072083718	1,397784050779	0,046924937516	0,108813270926	-0,00102509092539549	-0,00102509092539549	-0,0011833633761853	-0,000708545907400548	-0,00102509092539549	-0,00102509092539549	-0,0011833633761853	-0,000708545907400548	44981,2531186458
114	0,386571495368	0,386393375504	1,493522780989	1,397307722108	0,046924937516	0,108813270926	-0,00102509092539549	-0,000866818358190358	-0,0011833633761853	-0,000708545907400548	-0,00102509092539549	-0,00102509092539549	-0,0011833633761853	-0,000708545907400548	44981,3533821181
115	0,386432428788	0,386270637444	1,492958071659	1,396889536983	0,046924937516	0,108813270926	-0,000708545907400548	-0,000866818358190358	-0,0011833633761853	-0,000708545907400548	-0,000866818358190358	-0,00102509092539549	-0,0011833633761853	-0,000708545907400548	44981,4535420602
116	0,386335015744	0,386147903196	1,49256118135	1,396450235161	0,046924937516	0,108813270926	-0,000866818358190358	-0,00102509092539549	-0,0011833633761853	-0,000708545907400548	-0,00102509092539549	-0,000866818358190358	-0,00134163582697511	-0,000708545907400548	44981,5536716088
117	0,386232730485	0,386061408702	1,492172399141	1,39614602657	0,046924937516	0,108813270926	-0,00102509092539549	-0,000866818358190358	-0,0011833633761853	-0,000550273398403078	-0,00102509092539549	-0,00102509092539549	-0,0011833633761853	-0,000708545907400548	44981,6537908796
118	0,386120193614	0,385951670058	1,491730166639	1,395753209185	0,046924937516	0,108813270926	-0,00102509092539549	-0,00102509092539549	-0,0011833633761853	-0,000708545907400548	-0,000866818358190358	-0,00102509092539549	-0,00134163582697511	-0,000708545907400548	44981,7538698727
119	0,38600380946	0,385812131175	1,491276448748	1,395240117501	0,046924937516	0,108813270926	-0,00102509092539549	-0,000866818358190358	-0,00134163582697511	-0,000708545907400548	-0,00102509092539549	-0,00102509092539549	-0,0011833633761853	-0,000708545907400548	44981,8539540625
120	0,385845606494	0,385657098665	1,49068921189	1,394650233688	0,046924937516	0,108813270926	-0,000866818358190358	-0,000866818358190358	-0,0011833633761853	-0,000708545907400548	-0,0011833633761853	-0,00102509092539549	-0,0011833633761853	-0,000708545907400548	44981,953933287
121	0,385722172675	0,385547362988	1,490245960241	1,394234022666	0,046924937516	0,108813270926	-0,00102509092539549	-0,00102509092539549	-0,0011833633761853	-0,000708545907400548	-0,000866818358190358	-0,000866818358190358	-0,0011833633761853	-0,000708545907400548	44982,053918588
122	0,385602882689	0,38542336648	1,489825411087	1,393762709945	0,046924937516	0,108813270926	-0,000866818358190358	-0,00102509092539549	-0,0011833633761853	-0,000708545907400548	-0,000866818358190358	-0,00102509092539549	-0,0011833633761853	-0,000708545907400548	44982,1539726852
123	0,385429618242	0,385236029772	1,489191896234	1,393048001907	0,046924937516	0,108813270926	-0,00102509092539549	-0,000866818358190358	-0,00134163582697511	-0,000708545907400548	-0,000866818358190358	-0,00102509092539549	-0,00134163582697511	-0,000708545907400548	44982,2538689815
124	0,385296865948	1,27378E-7	1,488705575754	4,0694E-7	0,046924937516	0,108813270926	-0,00102509092539549	-0,00102509092539549	-0,0011833633761853	-0,000708545907400548	-0,000866818358190358	-0,00102509092539549	-0,0011833633761853	-0,000708545907400548	44982,3606869907
125	0	0,218544839752	0	0,767094393436	0,047435209155	0,111439689994	-0,00102509092539549	-0,000866818358190358	-0,0011833633761853	-0,000708545907400548	-0,00102509092539549	-0,00102509092539549	-0,00134163582697511	-0,000550273398403078	44982,6161710995
126	0,391511429343	0,385757799943	1,509803508431	1,395050053537	0,047435209155	0,111439689994	-0,00102509092539549	-0,000866818358190358	-0,0011833633761853	-0,000708545907400548	-0,00102509092539549	-0,000866818358190358	-0,0011833633761853	-0,000708545907400548	44982,7168032986
127	0,385791091881	0,385447830082	1,490285922329	1,393884834403	0,047435209155	0,111439689994	-0,000866818358190358	-0,000866818358190358	-0,0011833633761853	-0,000708545907400548	-0,00102509092539549	-0,000866818358190358	-0,0011833633761853	-0,000708545907400548	44982,8166718287
128	0,385554217716	0,385300610616	1,489443935358	1,393378324996	0,047435209155	0,111439689994	-0,00102509092539549	-0,000866818358190358	-0,0011833633761853	-0,000708545907400548	-0,00102509092539549	-0,000866818358190358	-0,00134163582697511	-0,000708545907400548	44982,9166662963
129	0,385312984467	0,385078486095	1,488500696359	1,392575970024	0,047435209155	0,111439689994	-0,00102509092539549	-0,000708545907400548	-0,0011833633761853	-0,000708545907400548	-0,000866818358190358	-0,00102509092539549	-0,00134163582697511	-0,000708545907400548	44983,0164379398
130	0,385160271781	0,384933851337	1,487964222933	1,392037106032	0,047435209155	0,111439689994	-0,00102509092539549	-0,00102509092539549	-0,0011833633761853	-0,000708545907400548	-0,000866818358190358	-0,0011833633761853	-0,00134163582697511	-0,000708545907400548	44983,1162506366
131	0,384994036401	0,384798145225	1,487372831605	1,391535539729	0,047435209155	0,111439689994	-0,000866818358190358	-0,000866818358190358	-0,0011833633761853	-0,000550273398403078	-0,000866818358190358	-0,000866818358190358	-0,0011833633761853	-0,000550273398403078	44983,2160747338
132	0,384809658954	0,384638036126	1,486641200535	1,390967805626	0,047435209155	0,111439689994	-0,00102509092539549	-0,00102509092539549	-0,0011833633761853	-0,000708545907400548	-0,00102509092539549	-0,00102509092539549	-0,0011833633761853	-0,000708545907400548	44983,3157126736
133	0,38469773323	0,384492638487	1,4862091033	1,390445517719	0,047435209155	0,111439689994	-0,000866818358190358	-0,000866818358190358	-0,0011833633761853	-0,000708545907400548	-0,000866818358190358	-0,00102509092539549	-0,0011833633761853	-0,000708545907400548	44983,4164418866
134	0,384560156454	0,384374472126	1,485735577858	1,390039287001	0,047435209155	0,111439689994	-0,000866818358190358	-0,000866818358190358	-0,0011833633761853	-0,000708545907400548	-0,000866818358190358	-0,00102509092539549	-0,0011833633761853	-0,000708545907400548	44983,516138206
135	0,384384055095	0,384182622213	1,485068362017	1,389291159968	0,047435209155	0,111439689994	-0,00102509092539549	-0,00102509092539549	-0,0011833633761853	-0,000708545907400548	-0,000708545907400548	-0,00102509092539549	-0,00134163582697511	-0,000708545907400548	44983,6159932292
136	0,384241773182	0,38406837954	1,484433032067	1,388883402759	0,047435209155	0,111439689994	-0,00102509092539549	-0,00102509092539549	-0,00134163582697511	-0,000550273398403078	-0,00102509092539549	-0,00102509092539549	-0,0011833633761853	-0,000708545907400548	44983,7158926736
137	0,384125673748	0,38394833321	1,484119747649	1,388461473103	0,047435209155	0,111439689994	-0,00102509092539549	-0,00102509092539549	-0,0011833633761853	-0,000708545907400548	-0,000866818358190358	-0,00102509092539549	-0,0011833633761853	-0,000708545907400548	44983,8154728588
138	0,384044490815	0,383875968782	1,483838283448	1,388218497334	0,047435209155	0,111439689994	-0,00102509092539549	-0,000866818358190358	-0,0011833633761853	-0,000708545907400548	-0,000866818358190358	-0,00102509092539549	-0,00134163582697511	-0,000708545907400548	44983,9151942245
139	0,383882587923	0,383717114526	1,483224525021	1,387625916794	0,047435209155	0,111439689994	-0,00102509092539549	-0,00102509092539549	-0,0011833633761853	-0,000708545907400548	-0,000866818358190358	-0,000866818358190358	-0,0011833633761853	-0,000708545907400548	44984,0147779398
140	0,383768200422	0,383591791118	1,482818401951	1,38717406782	0,047435209155	0,111439689994	-0,000866818358190358	-0,00102509092539549	-0,0011833633761853	-0,000708545907400548	-0,00102509092539549	-0,00102509092539549	-0,0011833633761853	-0,000708545907400548	44984,1143116667
141	0,383663005103	0,383496232343	1,482430169573	1,38683346828	0,047435209155	0,111439689994	-0,00102509092539549	-0,000866818358190358	-0,0011833633761853	-0,000550273398403078	-0,000866818358190358	-0,00102509092539549	-0,00134163582697511	-0,000708545907400548	44984,2139107292
142	0,383562778851	0,383407127072	1,482056790773	1,386500511117	0,047435209155	0,111439689994	-0,00102509092539549	-0,000866818358190358	-0,0011833633761853	-0,000708545907400548	-0,00102509092539549	-0,00102509092539549	-0,0011833633761853	-0,000708545907400548	44984,3135372685
143	0,383372032453	0,383199082813	1,481303964072	1,385718947702	0,047435209155	0,111439689994	-0,000866818358190358	-0,00102509092539549	-0,0011833633761853	-0,000708545907400548	-0,000866818358190358	-0,00102509092539549	-0,0011833633761853	-0,000708545907400548	44984,4129208565
144	0,383277773389	0,383100928094	1,480987020204	1,385321691857	0,047435209155	0,111439689994	-0,0011833633761853	-0,00102509092539549	-0,00134163582697511	-0,000708545907400548	-0,00102509092539549	-0,00102509092539549	-0,0011833633761853	-0,000550273398403078	44984,5123422454
145	0,86902519763	0,400747309743	3,155719485228	1,445558208576	0,047435209155	0,111439689994	-0,000708545907400548	-0,00102509092539549	-0,0011833633761853	-0,000708545907400548	-0,000866818358190358	-0,00102509092539549	-0,0011833633761853	-0,000708545907400548	44985,4664626042
146	0,401057826561	0,399152200903	1,548762687905	1,44053221885	0,047435209155	0,111439689994	-0,00102509092539549	-0,00102509092539549	-0,0011833633761853	-0,000708545907400548	-0,00102509092539549	-0,00102509092539549	-0,00134163582697511	-0,000708545907400548	44985,570694213
147	0,399314492968	0,397921188639	1,541666624195	1,43645839611	0,047435209155	0,111439689994	-0,00102509092539549	-0,000866818358190358	-0,0011833633761853	-0,000708545907400548	-0,00102509092539549	-0,000708545907400548	-0,0011833633761853	-0,000708545907400548	44985,6743808449
148	0,398003670114	0,39681944975	1,536419499529	1,432746867553	0,047435209155	0,111439689994	-0,00102509092539549	-0,00102509092539549	-0,0011833633761853	-0,000708545907400548	-0,000866818358190358	-0,000866818358190358	-0,0011833633761853	-0,000708545907400548	44985,7775194907
149	0,396934680722	0,395921788621	1,532240942746	1,429728022273	0,047435209155	0,111439689994	-0,00102509092539549	-0,00102509092539549	-0,0011833633761853	-0,000708545907400548	-0,00102509092539549	-0,00102509092539549	-0,0011833633761853	-0,000708545907400548	44985,88040625
150	0,395993397934	0,395099008176	1,528585218621	1,426923915963	0,047435209155	0,111439689994	-0,00102509092539549	-0,000866818358190358	-0,0011833633761853	-0,000708545907400548	-0,00102509092539549	-0,00102509092539549	-0,0011833633761853	-0,000708545907400548	44985,9829840509
151	0,395197551429	0,394379526221	1,525525143385	1,424502456678	0,047435209155	0,111439689994	-0,00102509092539549	-0,00102509092539549	-0,0011833633761853	-0,000708545907400548	-0,00102509092539549	-0,000866818358190358	-0,0011833633761853	-0,000708545907400548	44986,0853929514
152	0,394449498253	0,393728519553	1,522651697262	1,422271165828	0,047435209155	0,111439689994	-0,000708545907400548	-0,000866818358190358	-0,0011833633761853	-0,000708545907400548	-0,000866818358190358	-0,000866818358190358	-0,0011833633761853	-0,000708545907400548	44986,187557419
153	0,393803143138	0,393126661979	1,52017221923	1,420214545478	0,047435209155	0,111439689994	-0,00102509092539549	-0,00102509092539549	-0,0011833633761853	-0,000708545907400548	-0,000708545907400548	-0,000866818358190358	-0,0011833633761853	-0,000550273398403078	44986,2895351505
154	0,393208148173	0,392575138411	1,51789003279	1,418315170734	0,047435209155	0,111439689994	-0,000866818358190358	-0,00102509092539549	-0,0011833633761853	-0,000708545907400548	-0,00102509092539549	-0,00102509092539549	-0,0011833633761853	-0,000708545907400548	44986,3913348032
155	0,392660227805	0,391974501985	1,515960960466	1,416059298504	0,047435209155	0,111439689994	-0,00102509092539549	-0,00102509092539549	-0,00134163582697511	-0,000708545907400548	-0,00102509092539549	-0,00102509092539549	-0,0011833633761853	-0,000708545907400548	44986,4931074653
156	0,392021941757	0,391482439011	1,513592486318	1,414331911043	0,047435209155	0,111439689994	-0,000866818358190358	-0,000866818358190358	-0,0011833633761853	-0,000708545907400548	-0,00102509092539549	-0,000866818358190358	-0,0011833633761853	-0,000708545907400548	44986,5946931713
157	0,391628123369	0,391797571084	1,512090544076	1,415539235267	0,047435209155	0,111439689994	-0,000866818358190358	-0,00102509092539549	-0,0011833633761853	-0,000708545907400548	-0,000866818358190358	-0,000866818358190358	-0,0011833633761853	-0,000708545907400548	44986,6963009375
158	0,391916237169	0,390819722524	1,512358905194	1,412085636034	0,047435209155	0,111439689994	-0,00102509092539549	-0,00102509092539549	-0,00134163582697511	-0,000708545907400548	-0,00102509092539549	-0,000866818358190358	-0,0011833633761853	-0,000708545907400548	44986,7976372106
159	0,390912320832	0,390459391954	1,509248285785	1,410826337978	0,047435209155	0,111439689994	-0,000866818358190358	-0,000866818358190358	-0,0011833633761853	-0,000708545907400548	-0,00102509092539549	-0,000866818358190358	-0,0011833633761853	-0,000708545907400548	44986,8989379167
160	0,390546799626	0,390109402553	1,507853919191	1,409605009332	0,047435209155	0,111439689994	-0,00102509092539549	-0,00102509092539549	-0,0011833633761853	-0,000708545907400548	-0,00102509092539549	-0,00102509092539549	-0,0011833633761853	-0,000708545907400548	44987,00018375
161	0,390163136795	0,389754253693	1,506396633767	1,408341046259	0,047435209155	0,111439689994	-0,000866818358190358	-0,000708545907400548	-0,0011833633761853	-0,000708545907400548	-0,000866818358190358	-0,0011833633761853	-0,0011833633761853	-0,000708545907400548	44987,1012959144
162	0,389797337942	0,389409311637	1,50501379969	1,407124227672	0,047435209155	0,111439689994	-0,00102509092539549	-0,00102509092539549	-0,0011833633761853	-0,000708545907400548	-0,00102509092539549	-0,000866818358190358	-0,0011833633761853	-0,000708545907400548	44987,2022198032
163	0,389506118103	0,389121333203	1,503933069241	1,406119600655	0,047435209155	0,111439689994	-0,000866818358190358	-0,000866818358190358	-0,0011833633761853	-0,000708545907400548	-0,00102509092539549	-0,00102509092539549	-0,0011833633761853	-0,000550273398403078	44987,3031633796
164	0,389200645455	0,388826781734	1,502796653003	1,405088756135	0,047435209155	0,111439689994	-0,00102509092539549	-0,000866818358190358	-0,0011833633761853	-0,000708545907400548	-0,000708545907400548	-0,000866818358190358	-0,0011833633761853	-0,000550273398403078	44987,4040968981
165	0,388905799209	0,388541330153	1,501700192693	1,404066165452	0,047435209155	0,111439689994	-0,00102509092539549	-0,000866818358190358	-0,0011833633761853	-0,000708545907400548	-0,000866818358190358	-0,00102509092539549	-0,00134163582697511	-0,000708545907400548	44987,5049777778
166	0,388599778879	0,388272671338	1,500550212829	1,403149222348	0,047435209155	0,111439689994	-0,000866818358190358	-0,00102509092539549	-0,0011833633761853	-0,000708545907400548	-0,00102509092539549	-0,000866818358190358	-0,0011833633761853	-0,000708545907400548	44987,6057301968
167	0,388349301778	0,388022125617	1,499619086613	1,402275461097	0,047435209155	0,111439689994	-0,00102509092539549	-0,00102509092539549	-0,0011833633761853	-0,000708545907400548	-0,000866818358190358	-0,000866818358190358	-0,0011833633761853	-0,000708545907400548	44987,7064497338
168	0,388077817408	0,387759843587	1,498605887064	1,401342013962	0,047435209155	0,111439689994	-0,000866818358190358	-0,000866818358190358	-0,00134163582697511	-0,000708545907400548	-0,0011833633761853	-0,000866818358190358	-0,0011833633761853	-0,000708545907400548	44987,8071191088
169	0,387773997593	0,387466702731	1,497452020756	1,400286440906	0,047435209155	0,111439689994	-0,000866818358190358	-0,000866818358190358	-0,0011833633761853	-0,000708545907400548	-0,000866818358190358	-0,000866818358190358	-0,0011833633761853	-0,000550273398403078	44987,9075543403
170	0,387570742759	0,387260006141	1,496699669936	1,399572920171	0,047435209155	0,111439689994	-0,000708545907400548	-0,000866818358190358	-0,0011833633761853	-0,000708545907400548	-0,00102509092539549	-0,000866818358190358	-0,0011833633761853	-0,000550273398403078	44988,0080884028
171	0,387299943999	0,387021109412	1,495666102072	1,398749587348	0,047435209155	0,111439689994	-0,000866818358190358	-0,00102509092539549	-0,0011833633761853	-0,000708545907400548	-0,00102509092539549	-0,000866818358190358	-0,0011833633761853	-0,000708545907400548	44988,1085419097
172	0,387092111358	0,386793749138	1,49487765901	1,397938835744	0,047435209155	0,111439689994	-0,000866818358190358	-0,000866818358190358	-0,0011833633761853	-0,000708545907400548	-0,000866818358190358	-0,00102509092539549	-0,0011833633761853	-0,000550273398403078	44988,2090272338
173	0,386820572417	0,386541851509	1,493854575377	1,397016515044	0,047435209155	0,111439689994	-0,00102509092539549	-0,000866818358190358	-0,0011833633761853	-0,000708545907400548	-0,0011833633761853	-0,000866818358190358	-0,0011833633761853	-0,000708545907400548	44988,3093052431
174	0,386593478203	0,386311951671	1,493023228951	1,396182693204	0,047435209155	0,111439689994	-0,000866818358190358	-0,0011833633761853	-0,0011833633761853	-0,000708545907400548	-0,000866818358190358	-0,000866818358190358	-0,0011833633761853	-0,000708545907400548	44988,4095321991
175	0,386422895314	1,3204E-7	1,492415860946	4,19225E-7	0,047435209155	0,111439689994	-0,00102509092539549	-0,00102509092539549	-0,0011833633761853	-0,000550273398403078	-0,000866818358190358	-0,00102509092539549	-0,0011833633761853	-0,000708545907400548	44988,5168872454
176	1,90737773708705E-14	0,219266722244	7,14307408388624E-14	0,769580786548	0,047199759632	0,111877597868	-0,000866818358190358	-0,000866818358190358	-0,0011833633761853	-0,000708545907400548	-0,00102509092539549	-0,00102509092539549	-0,0011833633761853	-0,000550273398403078	44988,772651794
177	0,391503957065	0,386230607518	1,509624828706	1,395938204455	0,047199759632	0,111877597868	-0,00102509092539549	-0,000866818358190358	-0,0011833633761853	-0,000550273398403078	-0,000866818358190358	-0,000866818358190358	-0,0011833633761853	-0,000708545907400548	44988,8733917708
178	0,386330935231	0,385950325354	1,491977635443	1,39496485442	0,047199759632	0,111877597868	-0,000866818358190358	-0,00102509092539549	-0,0011833633761853	-0,000550273398403078	-0,000866818358190358	-0,00102509092539549	-0,0011833633761853	-0,000708545907400548	44988,9736161227
179	0,385995650092	0,385659767935	1,490719565173	1,393933618281	0,047199759632	0,111877597868	-0,00102509092539549	-0,00102509092539549	-0,0011833633761853	-0,000708545907400548	-0,00102509092539549	-0,00102509092539549	-0,0011833633761853	-0,000708545907400548	44989,0737516319
180	0,385680849996	0,385385914271	1,489537998619	1,392957356092	0,047199759632	0,111877597868	-0,0011833633761853	-0,00102509092539549	-0,0011833633761853	-0,000708545907400548	-0,000866818358190358	-0,00102509092539549	-0,0011833633761853	-0,000708545907400548	44989,1737149074
181	0,385479994151	0,38519470389	1,488810149092	1,392288824365	0,047199759632	0,111877597868	-0,000866818358190358	-0,000866818358190358	-0,0011833633761853	-0,000708545907400548	-0,000866818358190358	-0,00102509092539549	-0,0011833633761853	-0,000550273398403078	44989,2737011574
182	0,385229828148	0,384955797625	1,487863716421	1,391434303403	0,047199759632	0,111877597868	-0,000866818358190358	-0,00102509092539549	-0,0011833633761853	-0,000708545907400548	-0,00102509092539549	-0,000866818358190358	-0,0011833633761853	-0,000550273398403078	44989,3735190162
183	0,385065158021	0,384795598241	1,487292279424	1,390845577257	0,047199759632	0,111877597868	-0,000866818358190358	-0,000866818358190358	-0,0011833633761853	-0,000550273398403078	-0,000866818358190358	-0,00102509092539549	-0,0011833633761853	-0,000550273398403078	44989,4734745139
184	0,384838919785	0,384586373739	1,486457712065	1,390075879108	0,047199759632	0,111877597868	-0,000866818358190358	-0,000866818358190358	-0,0011833633761853	-0,000708545907400548	-0,000866818358190358	-0,000866818358190358	-0,0011833633761853	-0,000708545907400548	44989,5733143403
185	0,384636446656	0,38439772412	1,485720898469	1,389398293915	0,047199759632	0,111877597868	-0,00102509092539549	-0,000866818358190358	-0,0011833633761853	-0,000708545907400548	-0,000866818358190358	-0,00102509092539549	-0,0011833633761853	-0,000708545907400548	44989,6731321528
186	0,384434370334	0,384203979897	1,484960608255	1,388717263851	0,047199759632	0,111877597868	-0,0011833633761853	-0,000866818358190358	-0,0011833633761853	-0,000550273398403078	-0,000866818358190358	-0,000866818358190358	-0,0011833633761853	-0,000708545907400548	44989,7728287384
187	0,384259175456	0,384034836606	1,484275227242	1,388126057589	0,047199759632	0,111877597868	-0,000866818358190358	-0,000708545907400548	-0,0011833633761853	-0,000708545907400548	-0,00102509092539549	-0,000866818358190358	-0,0011833633761853	-0,000708545907400548	44989,8724939815
188	0,384084435469	0,383852699411	1,483645140939	1,387479449253	0,047199759632	0,111877597868	-0,00102509092539549	-0,000866818358190358	-0,0011833633761853	-0,000708545907400548	-0,000708545907400548	-0,00102509092539549	-0,0011833633761853	-0,000708545907400548	44989,9721683681
189	0,383886486586	0,383673142262	1,482922385067	1,386822007835	0,047199759632	0,111877597868	-0,000866818358190358	-0,00102509092539549	-0,00134163582697511	-0,000708545907400548	-0,000866818358190358	-0,00102509092539549	-0,0011833633761853	-0,000708545907400548	44990,0717084259
190	0,383737663356	0,383524644429	1,482376293484	1,386290485291	0,047199759632	0,111877597868	-0,000866818358190358	-0,0011833633761853	-0,00134163582697511	-0,000708545907400548	-0,00102509092539549	-0,000866818358190358	-0,0011833633761853	-0,000550273398403078	44990,1712798148
191	0,383560863719	0,38335540471	1,481711481161	1,385683796074	0,047199759632	0,111877597868	-0,00102509092539549	-0,00102509092539549	-0,0011833633761853	-0,000708545907400548	-0,00102509092539549	-0,00102509092539549	-0,0011833633761853	-0,000708545907400548	44990,2707809375
192	0,383384591698	0,38317718548	1,481036505057	1,385040669204	0,047199759632	0,111877597868	-0,00102509092539549	-0,00102509092539549	-0,0011833633761853	-0,000550273398403078	-0,000866818358190358	-0,00102509092539549	-0,0011833633761853	-0,000708545907400548	44990,3702418634
193	0,383213612683	0,383014417495	1,480408099726	1,384458331382	0,047199759632	0,111877597868	-0,00102509092539549	-0,00102509092539549	-0,0011833633761853	-0,000550273398403078	-0,000866818358190358	-0,00102509092539549	-0,0011833633761853	-0,000550273398403078	44990,4696372685
194	0,38303922651	0,382833520098	1,479749500805	1,383782870137	0,047199759632	0,111877597868	-0,000866818358190358	-0,00102509092539549	-0,0011833633761853	-0,000708545907400548	-0,00102509092539549	-0,000866818358190358	-0,0011833633761853	-0,000708545907400548	44990,5689118866
195	0,382953080501	0,382744543467	1,479491272352	1,383475773581	0,047199759632	0,111877597868	-0,00102509092539549	-0,000866818358190358	-0,0011833633761853	-0,000708545907400548	-0,000866818358190358	-0,000866818358190358	-0,0011833633761853	-0,000708545907400548	44990,6683966088
196	0,38275438898	0,382560950942	1,478730153687	1,382811853471	0,047199759632	0,111877597868	-0,00102509092539549	-0,000866818358190358	-0,0011833633761853	-0,000708545907400548	-0,000866818358190358	-0,000866818358190358	-0,0011833633761853	-0,000708545907400548	44990,7677153819
197	0,382598448387	0,382413797389	1,47813583504	1,382283505289	0,047199759632	0,111877597868	-0,000866818358190358	-0,0011833633761853	-0,0011833633761853	-0,000708545907400548	-0,000866818358190358	-0,00102509092539549	-0,0011833633761853	-0,000708545907400548	44990,8669148843
198	0,382492051674	0,382306556769	1,477764400549	1,381925874676	0,047199759632	0,111877597868	-0,000866818358190358	-0,00102509092539549	-0,0011833633761853	-0,000708545907400548	-0,00102509092539549	-0,000866818358190358	-0,0011833633761853	-0,000708545907400548	44990,9662434954
199	0,382349193319	0,382167114107	1,477229391581	1,381420863019	0,047199759632	0,111877597868	-0,000866818358190358	-0,000866818358190358	-0,0011833633761853	-0,000550273398403078	-0,00102509092539549	-0,000866818358190358	-0,0011833633761853	-0,000708545907400548	44991,065560162
200	0,382210359884	0,382021121084	1,476711342008	1,380889478404	0,047199759632	0,111877597868	-0,00102509092539549	-0,00102509092539549	-0,0011833633761853	-0,000708545907400548	-0,000866818358190358	-0,000866818358190358	-0,0011833633761853	-0,000708545907400548	44991,1647922106
201	0,382072386053	0,3818958265	1,47618796011	1,380455284704	0,047199759632	0,111877597868	-0,000866818358190358	-0,000866818358190358	-0,0011833633761853	-0,000708545907400548	-0,000866818358190358	-0,00102509092539549	-0,0011833633761853	-0,000550273398403078	44991,2639941319
202	0,381932441027	0,381752494056	1,475647758204	1,379957168596	0,047199759632	0,111877597868	-0,000708545907400548	-0,000866818358190358	-0,0011833633761853	-0,000708545907400548	-0,000866818358190358	-0,00102509092539549	-0,0011833633761853	-0,000708545907400548	44991,3631202431
203	0,381798284799	0,381624611585	1,475138457019	1,379528837162	0,047199759632	0,111877597868	-0,00102509092539549	-0,000866818358190358	-0,0011833633761853	-0,000708545907400548	-0,00102509092539549	-0,000866818358190358	-0,0011833633761853	-0,000708545907400548	44991,4622209722
204	0,381661801904	0,381485054479	1,474632349452	1,379002962241	0,047199759632	0,111877597868	-0,00102509092539549	-0,000866818358190358	-0,00134163582697511	-0,000708545907400548	-0,000866818358190358	-0,00102509092539549	-0,0011833633761853	-0,000550273398403078	44991,5612512847
205	0,381519832051	0,381332764352	1,474107927221	1,378425926776	0,047199759632	0,111877597868	-0,00102509092539549	-0,00102509092539549	-0,00134163582697511	-0,000708545907400548	-0,000866818358190358	-0,000866818358190358	-0,0011833633761853	-0,000708545907400548	44991,6602116319
206	0,381424550088	0,381257794872	1,473786770338	1,378196557729	0,047199759632	0,111877597868	-0,00102509092539549	-0,000866818358190358	-0,0011833633761853	-0,000708545907400548	-0,000866818358190358	-0,00102509092539549	-0,0011833633761853	-0,000708545907400548	44991,7593351273
207	0,381276572774	0,381114395248	1,47322900799	1,377679080965	0,047199759632	0,111877597868	-0,000866818358190358	-0,000866818358190358	-0,0011833633761853	-0,000708545907400548	-0,00102509092539549	-0,00102509092539549	-0,0011833633761853	-0,000708545907400548	44991,8583446759
208	0,38116483656	0,381002043494	1,472823709666	1,377279818132	0,047199759632	0,111877597868	-0,000866818358190358	-0,000866818358190358	-0,0011833633761853	-0,000708545907400548	-0,000708545907400548	-0,000866818358190358	-0,0011833633761853	-0,000550273398403078	44991,9573428125
209	0,381015271105	0,38085739051	1,472252337564	1,376757017017	0,047199759632	0,111877597868	-0,0011833633761853	-0,00102509092539549	-0,0011833633761853	-0,000708545907400548	-0,0011833633761853	-0,000866818358190358	-0,0011833633761853	-0,000708545907400548	44992,0562410301
210	0,380883842386	0,380728219499	1,471749199944	1,376272665077	0,047199759632	0,111877597868	-0,00102509092539549	-0,000866818358190358	-0,00134163582697511	-0,000708545907400548	-0,00102509092539549	-0,00102509092539549	-0,0011833633761853	-0,000708545907400548	44992,1550803704
211	0,380793804985	0,380630019852	1,4714272377	1,37591166887	0,047199759632	0,111877597868	-0,000866818358190358	-0,000866818358190358	-0,0011833633761853	-0,000708545907400548	-0,00102509092539549	-0,000866818358190358	-0,0011833633761853	-0,000708545907400548	44992,254026875
212	0,380618538945	0,380468655271	1,470746441098	1,375326070138	0,047199759632	0,111877597868	-0,00102509092539549	-0,00102509092539549	-0,0011833633761853	-0,000708545907400548	-0,00102509092539549	-0,00102509092539549	-0,00134163582697511	-0,000708545907400548	44992,3527577431
213	0,380549186715	0,380382024719	1,470530619467	1,374998347226	0,047199759632	0,111877597868	-0,00102509092539549	-0,000866818358190358	-0,0011833633761853	-0,000550273398403078	-0,00102509092539549	-0,000866818358190358	-0,0011833633761853	-0,000708545907400548	44992,4516233681
214	0,380401641187	0,380242553445	1,469957618224	1,374447678217	0,047199759632	0,111877597868	-0,00102509092539549	-0,000866818358190358	-0,0011833633761853	-0,000708545907400548	-0,00102509092539549	-0,00102509092539549	-0,00134163582697511	-0,000550273398403078	44992,5503133102
215	0,380333049701	0,38017157335	1,469716650692	1,374279759753	0,047199759632	0,111877597868	-0,00102509092539549	-0,00102509092539549	-0,0011833633761853	-0,000708545907400548	-0,00102509092539549	-0,000866818358190358	-0,0011833633761853	-0,000708545907400548	44992,6491217014
216	0,380203701425	0,380047548446	1,469236443336	1,373829939462	0,047199759632	0,111877597868	-0,00102509092539549	-0,00102509092539549	-0,0011833633761853	-0,000708545907400548	-0,00102509092539549	-0,000866818358190358	-0,0011833633761853	-0,000708545907400548	44992,7478795486
217	0,380101611113	0,379960993337	1,468868165276	1,373556511405	0,047199759632	0,111877597868	-0,000866818358190358	-0,00102509092539549	-0,0011833633761853	-0,000708545907400548	-0,00102509092539549	-0,00102509092539549	-0,00134163582697511	-0,000708545907400548	44992,846628912
218	0,380016766052	0,379880926707	1,468556919269	1,373285797902	0,047199759632	0,111877597868	-0,000866818358190358	-0,000866818358190358	-0,0011833633761853	-0,000550273398403078	-0,00102509092539549	-0,0011833633761853	-0,0011833633761853	-0,000708545907400548	44992,9454403588
219	0,379931678617	0,379782700994	1,468234498157	1,372911752476	0,047199759632	0,111877597868	-0,000866818358190358	-0,000866818358190358	-0,0011833633761853	-0,000550273398403078	-0,000866818358190358	-0,000866818358190358	-0,0011833633761853	-0,000708545907400548	44993,0442557986
220	0,379759181824	0,379613565545	1,467558164271	1,372286728635	0,047199759632	0,111877597868	-0,00102509092539549	-0,00102509092539549	-0,0011833633761853	-0,000550273398403078	-0,000866818358190358	-0,00102509092539549	-0,0011833633761853	-0,000708545907400548	44993,1428347106
221	0,379673868098	0,379538647352	1,467265516862	1,372034932189	0,047199759632	0,111877597868	-0,000866818358190358	-0,000866818358190358	-0,0011833633761853	-0,000708545907400548	-0,000866818358190358	-0,000866818358190358	-0,0011833633761853	-0,000708545907400548	44993,2414860764
222	0,379509222335	0,379374612441	1,466594858409	1,371414589401	0,047199759632	0,111877597868	-0,000866818358190358	-0,000708545907400548	-0,0011833633761853	-0,000708545907400548	-0,00102509092539549	-0,00102509092539549	-0,0011833633761853	-0,000550273398403078	44993,3398301736
223	0,379459732074	0,379294416956	1,466426244777	1,371176668993	0,047199759632	0,111877597868	-0,00102509092539549	-0,000866818358190358	-0,0011833633761853	-0,000550273398403078	-0,00102509092539549	-0,00134163582697511	-0,00134163582697511	-0,000708545907400548	44993,4383285995
224	0,379246079753	0,379124016068	1,465698260646	1,370510549037	0,047199759632	0,111877597868	-0,00102509092539549	-0,000866818358190358	-0,0011833633761853	-0,000708545907400548	-0,00102509092539549	-0,000866818358190358	-0,0011833633761853	-0,000708545907400548	44993,5367167708
225	0,3792381594	0,379095605465	1,465617439166	1,370426717165	0,047199759632	0,111877597868	-0,000866818358190358	-0,000866818358190358	-0,0011833633761853	-0,000550273398403078	-0,000866818358190358	-0,000866818358190358	-0,0011833633761853	-0,000550273398403078	44993,6351882986
226	0,379154923944	1,42636E-7	1,465320856144	4,51988E-7	0,047199759632	0,111877597868	-0,00102509092539549	-0,000866818358190358	-0,00134163582697511	-0,000708545907400548	-0,000866818358190358	-0,00102509092539549	-0,0011833633761853	-0,000708545907400548	44993,7406885417
227	1,27158515805803E-14	0,213340103783	4,76308422369858E-14	0,748809906181	0,049734994769	0,116256691515	-0,00102509092539549	-0,000866818358190358	-0,00102509092539549	-0,000708545907400548	-0,00102509092539549	-0,000866818358190358	-0,0011833633761853	-0,000708545907400548	44993,9924138657
228	0,384261849736	0,37937848124	1,482728684307	1,371421021178	0,049734994769	0,116256691515	-0,000866818358190358	-0,00102509092539549	-0,0011833633761853	-0,000708545907400548	-0,000866818358190358	-0,00102509092539549	-0,0011833633761853	-0,000708545907400548	44994,0914025347
229	0,379475126651	0,379215701596	1,466399806781	1,370882695181	0,049734994769	0,116256691515	-0,00102509092539549	-0,00102509092539549	-0,0011833633761853	-0,000550273398403078	-0,000866818358190358	-0,000866818358190358	-0,0011833633761853	-0,000708545907400548	44994,1899890625
230	0,379262582849	0,37906720927	1,465604524945	1,37038939471	0,049734994769	0,116256691515	-0,000866818358190358	-0,000866818358190358	-0,0011833633761853	-0,000708545907400548	-0,000866818358190358	-0,000866818358190358	-0,0011833633761853	-0,000708545907400548	44994,2884789583
231	0,379110148822	0,378941869124	1,465018566633	1,369969053346	0,049734994769	0,116256691515	-0,00102509092539549	-0,000866818358190358	-0,0011833633761853	-0,000708545907400548	-0,000866818358190358	-0,000866818358190358	-0,0011833633761853	-0,000708545907400548	44994,3869334144
232	0,379023130491	0,3788450057	1,464726977052	1,369633548621	0,049734994769	0,116256691515	-0,000866818358190358	-0,00102509092539549	-0,0011833633761853	-0,000550273398403078	-0,000866818358190358	-0,00102509092539549	-0,0011833633761853	-0,000708545907400548	44994,485543206
233	0,378888987212	0,022353898609	1,464197978296	0,091078908504	0,049734994769	0,116256691515	-0,000866818358190358	-0,0011833633761853	-0,0011833633761853	-0,000708545907400548	-0,00102509092539549	-0,00102509092539549	-0,0011833633761853	-0,000708545907400548	44994,5520933912
