TesterID:	Maccor#2						
Channel Number:	60						
TestName:	KAI_Zelltest_regulaer_fix_no_degass_flag.000						
TestDesc:	Regular cycling: formation, followed by pulse, C-rate quick charge and cycling t						
StartDateTime:	44966,5507424653						
Comment:							
							
							
Cycle	AH-IN	AH-OUT	WH-IN	WH-OUT	ACR	DCIR	Date
0		2,1279E-7		4,1759E-8	0	0	44966,5509151852
1	0,525798307361	0,450255578889	1,954860233848	1,650998474006	0	0	44966,9952409491
2	0,453414730507	0,450563770275	1,703269447208	1,652635768025	0	0	44967,4141552893
3	0,466046142607	2,6005E-7	1,7550927923	8,36901E-7	0	0	44967,9064922454
4	3,17896289514509E-14	2,3185E-7	1,19334197273921E-13	7,52846E-7	0,045361939818	0,126232355833	44968,2123442361
5	0,455419990668	0,454104716755	1,723996733329	1,666904368821	0,045361939818	0,126232355833	44968,4798657639
6	0,453977636529	0,453018706108	1,718076693091	1,6631153304	0,045361939818	0,126232355833	44968,7531427662
7	0,452728282396	0,452071942727	1,71300263543	1,659777454806	0,045361939818	0,126232355833	44969,025278125
8	0,45182485527	0,430327097402	1,709309947157	1,553151933815	0,045361939818	0,126232355833	44969,2139640509
9	0,430188291074	0,429291253116	1,634381417697	1,549726585358	0,045361939818	0,126232355833	44969,3966643866
10	0,42907050782	0,428394847892	1,630072449749	1,546703976458	0,045361939818	0,126232355833	44969,5787001389
11	0,428204450204	0,378611370533	1,626738665192	1,333201001619	0,045361939818	0,126232355833	44969,7390843866
12	0,378495751024	0,378998885261	1,451356788379	1,334925413784	0,045361939818	0,126232355833	44969,8858747685
13	0,378821380529	0,378520974181	1,452196339276	1,333432074429	0,045361939818	0,126232355833	44970,0325221296
14	0,378372402729	0,444298891716	1,450348443908	1,632435740889	0,045361939818	0,126232355833	44970,2815441898
15	0,443901688428	0,444846094011	1,67906204819	1,634431896233	0,045361939818	0,126232355833	44970,5484376042
16	0,444426815526	2,3397E-7	1,68075572553	7,42686E-7	0,045361939818	0,126232355833	44970,8225771065
17	0,390460670131	0,391175719265	1,484549746641	1,416587210522	0,045361939818	0,126232355833	44970,9698432639
18	0,390447780072	0,39079247092	1,484080422285	1,415085972059	0,045361939818	0,126232355833	44971,1238859375
19	0,390233338681	0,39045528214	1,482978461591	1,413794865536	0,045361939818	0,126232355833	44971,2778199884
20	0,362741818243	0,35553428563	1,406583025845	1,278724328758	0,045361939818	0,126232355833	44971,4036370949
21	0,354397526826	0,346754752085	1,373484853906	1,24754049589	0,045361939818	0,126232355833	44971,5267213426
22	0,345957762679	2,49242E-7	1,340838181064	7,61019E-7	0,045361939818	0,126232355833	44971,6544813194
23	2,98822512143638E-13	0,243483029082	1,11795590063507E-12	0,854471926102	0,046978570521	0,111329883337	44971,9303133449
24	0,423128769301	0,415499126181	1,629383661628	1,501543569562	0,046978570521	0,111329883337	44972,0388212616
25	0,41552379229	0,414631182421	1,603079058075	1,498555875971	0,046978570521	0,111329883337	44972,1460878588
26	0,414635365972	0,413962042522	1,599662894943	1,496246664637	0,046978570521	0,111329883337	44972,2530737963
27	0,413961695034	0,413406630445	1,597079572338	1,494306271014	0,046978570521	0,111329883337	44972,3599059491
28	0,413365569981	0,41286157988	1,594758569435	1,49239919191	0,046978570521	0,111329883337	44972,4666105208
29	0,412852704624	0,412404334602	1,592812332638	1,490744273062	0,046978570521	0,111329883337	44972,5731380671
30	0,412336949016	0,411948388882	1,590810175616	1,489180612923	0,046978570521	0,111329883337	44972,6794337384
31	0,41190187937	0,411507955866	1,589150030309	1,487609384928	0,046978570521	0,111329883337	44972,7857119907
32	0,411416449535	0,411107587745	1,587351873799	1,486193899175	0,046978570521	0,111329883337	44972,8919332639
33	0,410977602897	0,410692931244	1,585597467277	1,484758022666	0,046978570521	0,111329883337	44972,9978266898
34	0,410652908522	0,410375269139	1,584366926267	1,483661304411	0,046978570521	0,111329883337	44973,1038016088
35	0,410296514297	0,410039358938	1,582989313525	1,482478067546	0,046978570521	0,111329883337	44973,2096635069
36	0,409947922243	0,409708678345	1,581650312331	1,481299827337	0,046978570521	0,111329883337	44973,3154201505
37	0,409594184668	0,409363856876	1,580291448739	1,480046916116	0,046978570521	0,111329883337	44973,4210803125
38	0,40926776241	0,409061563786	1,579028322826	1,478994202227	0,046978570521	0,111329883337	44973,5266405671
39	0,408967391051	0,408756783687	1,577851056384	1,477899812162	0,046978570521	0,111329883337	44973,6320786921
40	0,408701568853	0,408497172624	1,576855277029	1,476967796828	0,046978570521	0,111329883337	44973,737566875
41	0,408388729324	0,408210390964	1,575660036774	1,47595416276	0,046978570521	0,111329883337	44973,8429859722
42	0,408084507218	0,407926251871	1,574491070692	1,474939515396	0,046978570521	0,111329883337	44973,9482788889
43	0,407814261549	0,407667905399	1,573433413593	1,474048387857	0,046978570521	0,111329883337	44974,053515787
44	0,407540016151	0,407390206884	1,572365676773	1,47306528198	0,046978570521	0,111329883337	44974,1586215972
45	0,407280326607	0,407148676488	1,571365375732	1,47219522369	0,046978570521	0,111329883337	44974,2636300116
46	0,407050081124	0,40692264269	1,57046675037	1,471381787627	0,046978570521	0,111329883337	44974,3686813889
47	0,406775023618	0,406648818694	1,569392115776	1,470402219741	0,046978570521	0,111329883337	44974,4735473727
48	0,406565306553	0,406443406407	1,56861294555	1,469655665303	0,046978570521	0,111329883337	44974,5784977431
49	0,40633791467	0,406230319676	1,567704436404	1,468940540146	0,046978570521	0,111329883337	44974,6833336111
50	0,406086732684	0,405962967413	1,56673815148	1,467939149517	0,046978570521	0,111329883337	44974,7880123843
51	0,405724600048	0,405630977088	1,565379762351	1,466674040824	0,046978570521	0,111329883337	44974,8924678704
52	0,405627443296	0,405543156756	1,565014165923	1,466446930717	0,046978570521	0,111329883337	44974,9971495023
53	0,405387281599	0,405313233391	1,564082418659	1,465637392866	0,046978570521	0,111329883337	44975,1016690162
54	0,405182946605	0,405100135851	1,563297681239	1,464868095204	0,046978570521	0,111329883337	44975,2061798495
55	0,404990409365	0,404908966588	1,562564593052	1,464187263327	0,046978570521	0,111329883337	44975,3106810648
56	0,404768932419	0,404710072656	1,561701648057	1,463494163792	0,046978570521	0,111329883337	44975,4151034375
57	0,40457955815	0,404514972498	1,560967252984	1,462788340647	0,046978570521	0,111329883337	44975,5194411227
58	0,40436601058	0,404310891981	1,560128258352	1,46206197385	0,046978570521	0,111329883337	44975,6236641319
59	0,404191473743	0,404137850858	1,559459839721	1,461452078332	0,046978570521	0,111329883337	44975,7279428935
60	0,403948821179	0,403870472316	1,558525534913	1,460420351571	0,046978570521	0,111329883337	44975,8320348611
61	0,403795514396	0,403760722861	1,55799946199	1,460092344588	0,046978570521	0,111329883337	44975,9363126042
62	0,403595045138	0,403559257148	1,557210216656	1,459372566686	0,046978570521	0,111329883337	44976,0403788542
63	0,403392013102	0,403361579699	1,556424408066	1,458654582509	0,046978570521	0,111329883337	44976,1443487153
64	0,403239285037	0,403211742038	1,555844394886	1,45812041165	0,046978570521	0,111329883337	44976,2483605787
65	0,403022264683	0,402992169802	1,554991445643	1,45732206598	0,046978570521	0,111329883337	44976,3521003357
66	0,402908466459	0,402886279606	1,554574902079	1,456964948276	0,046978570521	0,111329883337	44976,4560156829
67	0,402762344013	0,402736404221	1,553997437694	1,456432689057	0,046978570521	0,111329883337	44976,5599062153
68	0,402563874203	0,402543989652	1,553232227753	1,455745820359	0,046978570521	0,111329883337	44976,6636884375
69	0,402414669051	0,402385152771	1,552678082153	1,455165683213	0,046978570521	0,111329883337	44976,7674938426
70	0,402241993678	0,402222322689	1,552023852693	1,454557519816	0,046978570521	0,111329883337	44976,8712871296
71	0,402086104351	0,402073884621	1,55144040019	1,45404591434	0,046978570521	0,111329883337	44976,9751129861
72	0,401879414261	0,401858107851	1,550623807394	1,453238027103	0,046978570521	0,111329883337	44977,0786946759
73	0,401696037753	2,51785E-7	1,549908778303	8,03452E-7	0,046978570521	0,111329883337	44977,189183206
74	5,27707840594085E-13	0,231185719021	1,97465911520293E-12	0,811347189185	0,048031311482	0,10897424072	44977,4538771065
75	0,408003592296	0,402359275591	1,571493841041	1,454999217327	0,048031311482	0,10897424072	44977,5582747106
76	0,4022324385	0,402032418017	1,551813621495	1,453832562746	0,048031311482	0,10897424072	44977,6620337732
77	0,401857833225	0,401748299057	1,550380896393	1,45281828385	0,048031311482	0,10897424072	44977,7655678241
78	0,401622407247	0,401530020234	1,549531268923	1,452022629437	0,048031311482	0,10897424072	44977,8691977199
79	0,401385731291	0,401347907197	1,548625605857	1,451405564314	0,048031311482	0,10897424072	44977,9728139583
80	0,401143977836	0,401107716842	1,547661798503	1,450552230437	0,048031311482	0,10897424072	44978,0761155671
81	0,401005205863	0,40097073745	1,54717208937	1,450063494047	0,048031311482	0,10897424072	44978,179567662
82	0,400779128894	0,400761543893	1,546303238591	1,449298940473	0,048031311482	0,10897424072	44978,2828514352
83	0,400638873418	0,400636239346	1,545784667999	1,448879306517	0,048031311482	0,10897424072	44978,3862094907
84	0,400470846105	0,400456651257	1,545129524114	1,448204224477	0,048031311482	0,10897424072	44978,489432581
85	0,40032736286	0,400349505584	1,544599642106	1,447866635582	0,048031311482	0,10897424072	44978,592651412
86	0,40019845029	0,400193222681	1,5440781678	1,447261528646	0,048031311482	0,10897424072	44978,6957984954
87	0,40001788251	0,400002048542	1,543402319161	1,44657952378	0,048031311482	0,10897424072	44978,7988938426
88	0,399833561328	0,399834128517	1,542744889975	1,445907567888	0,048031311482	0,10897424072	44978,9019702199
89	0,399669103711	0,399694616763	1,542118463471	1,445442624322	0,048031311482	0,10897424072	44979,0049430556
90	0,399553419616	0,399570658616	1,541689762153	1,445014157449	0,048031311482	0,10897424072	44979,1080181944
91	0,3993738878	0,399393644214	1,541006355512	1,444338947584	0,048031311482	0,10897424072	44979,210990706
92	0,399247844019	0,399277451849	1,540527756268	1,443941157763	0,048031311482	0,10897424072	44979,3139264699
93	0,399134979803	0,399153434361	1,540110129449	1,443507529697	0,048031311482	0,10897424072	44979,4169183912
94	0,39903446616	0,399060501409	1,539740553814	1,443174174498	0,048031311482	0,10897424072	44979,5198794792
95	0,398948269676	0,398984245507	1,539372641722	1,442901061793	0,048031311482	0,10897424072	44979,6229238426
96	0,398762741042	0,398802065292	1,538645366958	1,442229874214	0,048031311482	0,10897424072	44979,7256991088
97	0,398656408916	0,398681963861	1,538239826363	1,441801364759	0,048031311482	0,10897424072	44979,8285312268
98	0,398487055288	0,398537240516	1,537436770446	1,441260487462	0,048031311482	0,10897424072	44979,9315319097
99	0,398386795906	0,39841714608	1,537234251466	1,440822013883	0,048031311482	0,10897424072	44980,0342589468
100	0,398218327049	0,398254473887	1,5365905956	1,440208853333	0,048031311482	0,10897424072	44980,1368494907
101	0,398131512606	0,398167903945	1,536289629461	1,439904580869	0,048031311482	0,10897424072	44980,2395279861
102	0,397973647884	0,398010332502	1,53565633411	1,43931459637	0,048031311482	0,10897424072	44980,3419687616
103	0,397912757907	0,397952212584	1,535440595872	1,439120306849	0,048031311482	0,10897424072	44980,4445646644
104	0,397798397761	0,397850176142	1,534997887943	1,438757434394	0,048031311482	0,10897424072	44980,5471734954
105	0,397666713193	0,39772094918	1,534477271475	1,438309238493	0,048031311482	0,10897424072	44980,6496772569
106	0,397591790136	0,397624156966	1,534203095899	1,437971669884	0,048031311482	0,10897424072	44980,7522696296
107	0,397443704893	0,39747943574	1,533657614743	1,437436081628	0,048031311482	0,10897424072	44980,8547722454
108	0,397301032094	0,397345063733	1,533136380648	1,436942113823	0,048031311482	0,10897424072	44980,9572621644
109	0,397186290149	0,397230227091	1,532719300508	1,436526858591	0,048031311482	0,10897424072	44981,0597944329
110	0,39700849231	0,397062270401	1,532026566682	1,43589340562	0,048031311482	0,10897424072	44981,1620440625
111	0,396899560237	0,396956370035	1,53163797119	1,435508500422	0,048031311482	0,10897424072	44981,2643323611
112	0,396836478133	0,396904731174	1,531414769085	1,435322316079	0,048031311482	0,10897424072	44981,3667289468
113	0,396717046151	0,396780720678	1,530943095874	1,434876187958	0,048031311482	0,10897424072	44981,4690726968
114	0,396619089556	0,396676086811	1,530569221939	1,434505453231	0,048031311482	0,10897424072	44981,5713361458
115	0,396514996168	0,396571417763	1,530166542223	1,434119293941	0,048031311482	0,10897424072	44981,6735591319
116	0,396438435231	0,396490056871	1,529890846875	1,43383705496	0,048031311482	0,10897424072	44981,7758405787
117	0,396309768848	0,396369930432	1,529406710893	1,433376633837	0,048031311482	0,10897424072	44981,8781562153
118	0,396183002186	0,396238177258	1,528942826776	1,43289585826	0,048031311482	0,10897424072	44981,980454213
119	0,396009866705	0,39606252027	1,528281048585	1,43221401879	0,048031311482	0,10897424072	44982,0824771412
120	0,395921074702	0,395978600525	1,528002194634	1,431913372851	0,048031311482	0,10897424072	44982,1846451389
121	0,395787773744	0,395842913064	1,527518344439	1,431400069637	0,048031311482	0,10897424072	44982,2867340393
122	0,395682357877	0,395748649186	1,527117497509	1,431071085057	0,048031311482	0,10897424072	44982,3887952199
123	0,39560309184	0,395668650796	1,5268300296	1,430799731992	0,048031311482	0,10897424072	44982,4909768056
124	0,395472056307	2,56235E-7	1,526303041798	8,1382E-7	0,048031311482	0,10897424072	44982,5999804514
125	0	0,225881575399	0	0,792719323933	0,048237867653	0,112807698548	44982,8609098611
126	0,401077867112	0,396152896068	1,545681381742	1,432424736392	0,048237867653	0,112807698548	44982,9637510417
127	0,395979113628	0,39585070131	1,528229701457	1,431335378596	0,048237867653	0,112807698548	44983,0659972222
128	0,395636396133	0,395578168187	1,526930949599	1,430338669206	0,048237867653	0,112807698548	44983,1679609144
129	0,395453761618	0,395459323509	1,526249847986	1,429962410229	0,048237867653	0,112807698548	44983,2700527546
130	0,395316662592	0,395330200393	1,525738309255	1,429528383905	0,048237867653	0,112807698548	44983,3721117593
131	0,395106356979	0,395180376086	1,524786199229	1,428962526466	0,048237867653	0,112807698548	44983,4752417361
132	0,394993799103	0,395008522836	1,524528489266	1,42834236247	0,048237867653	0,112807698548	44983,577161412
133	0,394845061492	0,394886911821	1,524028479248	1,428042930578	0,048237867653	0,112807698548	44983,6797372685
134	0,39473121609	0,394772230311	1,523570182336	1,42751965718	0,048237867653	0,112807698548	44983,7816811921
135	0,394593260218	0,394649462792	1,523034679762	1,42705942845	0,048237867653	0,112807698548	44983,8835366898
136	0,394498851976	0,394543495245	1,522702401883	1,426697948025	0,048237867653	0,112807698548	44983,98550125
137	0,394316914213	0,394376915468	1,52201521135	1,426091394537	0,048237867653	0,112807698548	44984,0873143519
138	0,394235973634	0,394294306727	1,521738597824	1,42579608682	0,048237867653	0,112807698548	44984,1892375116
139	0,394127955399	0,394188388769	1,521339644295	1,42541727776	0,048237867653	0,112807698548	44984,2911007986
140	0,393996812609	0,39405530276	1,520835027736	1,424940447084	0,048237867653	0,112807698548	44984,392868831
141	0,393875162298	0,393935195821	1,520402938609	1,424465320497	0,048237867653	0,112807698548	44984,4946196528
142	0,393857353831	0,392497634898	1,520360323653	1,419838312033	0,048237867653	0,112807698548	44984,7840532986
143	0,392204809323	0,392522125838	1,514044151563	1,419828618901	0,048237867653	0,112807698548	44984,8852893866
144	0,392349864441	0,392544114302	1,514655657445	1,419893532321	0,048237867653	0,112807698548	44984,9866324537
145	0,392333461286	0,39247307677	1,514588117818	1,419621933241	0,048237867653	0,112807698548	44985,0878957176
146	0,392258202178	0,392389140494	1,514317047471	1,41927128805	0,048237867653	0,112807698548	44985,1889906944
147	0,392216423682	0,392316805314	1,51417585042	1,419002755318	0,048237867653	0,112807698548	44985,2901309838
148	0,392148588809	0,392283179304	1,513943926794	1,418972380496	0,048237867653	0,112807698548	44985,3913020486
149	0,392148450304	0,392237968094	1,513932859498	1,41871360881	0,048237867653	0,112807698548	44985,4925773148
150	0,392051030158	0,392151395611	1,513567777862	1,418364040129	0,048237867653	0,112807698548	44985,5937212847
151	0,391970004283	0,392071396584	1,513280967009	1,418050419586	0,048237867653	0,112807698548	44985,6948184491
152	0,39189545499	0,391987407749	1,513010481321	1,417731260793	0,048237867653	0,112807698548	44985,7959127199
153	0,39181703125	0,391907354683	1,512734193258	1,417452742102	0,048237867653	0,112807698548	44985,8970573958
154	0,391723393978	0,391819539435	1,512383092688	1,417103712876	0,048237867653	0,112807698548	44985,9981816435
155	0,391643530928	0,391738139337	1,512082378536	1,416802455263	0,048237867653	0,112807698548	44986,0993285764
156	0,391569206707	0,391657983693	1,51181157318	1,416501297476	0,048237867653	0,112807698548	44986,2004421296
157	0,391488195118	0,391580584001	1,511517283232	1,416200065632	0,048237867653	0,112807698548	44986,301555162
158	0,391378756051	0,391464262147	1,511099672962	1,41574194984	0,048237867653	0,112807698548	44986,4024862616
159	0,391269249342	0,391158179731	1,511132916107	1,414046789607	0,048237867653	0,112807698548	44986,5037492477
160	0,390997882414	0,391107847424	1,510112103875	1,413932301771	0,048237867653	0,112807698548	44986,6048915046
161	0,390993023323	0,391336463387	1,510064874713	1,414780872223	0,048237867653	0,112807698548	44986,7060322222
162	0,391246896689	0,39123438583	1,510513173737	1,414703230203	0,048237867653	0,112807698548	44986,807076794
163	0,391038539779	0,391127181028	1,509865431348	1,414292001559	0,048237867653	0,112807698548	44986,9079831482
164	0,391006131475	0,391088451088	1,509756394198	1,414152557287	0,048237867653	0,112807698548	44987,009063831
165	0,390901707859	0,39099418424	1,509357541475	1,413783148992	0,048237867653	0,112807698548	44987,1100638657
166	0,390816050305	0,390908883978	1,509037957438	1,413478355486	0,048237867653	0,112807698548	44987,2110689699
167	0,390743488686	0,390840430521	1,508768413547	1,413208856217	0,048237867653	0,112807698548	44987,3120500231
168	0,390675732551	0,390762940546	1,508516960425	1,412916651645	0,048237867653	0,112807698548	44987,4130359259
169	0,390602556096	0,390697046794	1,508252208265	1,412657342193	0,048237867653	0,112807698548	44987,5140218981
170	0,390486726087	0,390587306449	1,507794525668	1,412254113118	0,048237867653	0,112807698548	44987,6148262269
171	0,390441851137	0,390538171341	1,507651436649	1,412074601769	0,048237867653	0,112807698548	44987,7157064583
172	0,390341068434	0,390443924627	1,507267148757	1,411727098699	0,048237867653	0,112807698548	44987,8165039815
173	0,390286330317	0,39038967075	1,507079147808	1,411532968878	0,048237867653	0,112807698548	44987,9173773032
174	0,390238646352	0,390336702449	1,506911019887	1,411346465119	0,048237867653	0,112807698548	44988,018320162
175	0,390125094712	2,41188E-7	1,506466763215	7,64503E-7	0,048237867653	0,112807698548	44988,1261273148
176	4,06907250578571E-13	0,221692069407	1,52372030592777E-12	0,778066281131	0,052084363997	0,113188780844	44988,3838719907
177	0,395498047791	0,390898515898	1,525129121215	1,413255811662	0,052084363997	0,113188780844	44988,4855440509
178	0,39070481479	0,390644153935	1,508630333778	1,412328506712	0,052084363997	0,113188780844	44988,586452419
179	0,390503956023	0,390494324964	1,507876535857	1,411813258532	0,052084363997	0,113188780844	44988,6874461458
180	0,390308669586	0,390337997982	1,507152928935	1,411246776454	0,052084363997	0,113188780844	44988,7884040278
181	0,39018490223	0,39023201221	1,50668249889	1,410877964748	0,052084363997	0,113188780844	44988,8893383912
182	0,390008230727	0,390065420776	1,506006040268	1,410266628153	0,052084363997	0,113188780844	44988,9900895602
183	0,389906870711	0,389973734824	1,505644065459	1,409944472171	0,052084363997	0,113188780844	44989,0909598958
184	0,389761397566	0,389839405205	1,505092782775	1,409437285467	0,052084363997	0,113188780844	44989,1916859259
185	0,389673870037	0,389747734514	1,504767733778	1,409088291567	0,052084363997	0,113188780844	44989,2923865278
186	0,38959758632	0,389679250962	1,504502474611	1,408842860689	0,052084363997	0,113188780844	44989,3931771875
187	0,389487096179	0,389564331242	1,504081249528	1,408374929456	0,052084363997	0,113188780844	44989,4938571296
188	0,389409363019	0,389499710345	1,503823632861	1,408131217264	0,052084363997	0,113188780844	44989,5945812963
189	0,389312714971	0,389411865639	1,503465779278	1,407808399664	0,052084363997	0,113188780844	44989,6952585648
190	0,389225324287	0,389334402789	1,503121824736	1,407534621228	0,052084363997	0,113188780844	44989,7959277778
191	0,389142927424	0,389240041422	1,502798945765	1,407188213215	0,052084363997	0,113188780844	44989,8964514815
192	0,389084382695	0,389183318764	1,502607691292	1,406981765944	0,052084363997	0,113188780844	44989,9971197454
193	0,388985828165	0,389082502196	1,502237442627	1,406614594615	0,052084363997	0,113188780844	44990,0976669097
194	0,388917831722	0,389023044355	1,501993835032	1,40639514718	0,052084363997	0,113188780844	44990,1982457176
195	0,388843853671	0,388962392076	1,501737585629	1,406173617378	0,052084363997	0,113188780844	44990,2988481019
196	0,388764725676	0,38886686191	1,501442390949	1,405824460662	0,052084363997	0,113188780844	44990,3993964352
197	0,388656208342	0,388766065686	1,50103428099	1,405445484662	0,052084363997	0,113188780844	44990,4997779167
198	0,38864170062	0,388744141227	1,501002888065	1,405381150083	0,052084363997	0,113188780844	44990,600406713
199	0,388528611194	0,388627881891	1,500552928588	1,404913259779	0,052084363997	0,113188780844	44990,7008134607
200	0,388464365618	0,388583935484	1,500326174788	1,404750815406	0,052084363997	0,113188780844	44990,8013358796
201	0,388395915957	0,388500065541	1,500055540287	1,40443469471	0,052084363997	0,113188780844	44990,9018102662
202	0,388344518302	0,388457399198	1,499886360421	1,404279007524	0,052084363997	0,113188780844	44991,0023228588
203	0,388280343688	0,388386290885	1,499672972334	1,404021300722	0,052084363997	0,113188780844	44991,1028631018
204	0,388213604972	0,388332038917	1,49943024807	1,403809176773	0,052084363997	0,113188780844	44991,2033941782
205	0,388111318933	0,388230040832	1,499024825281	1,403451031252	0,052084363997	0,113188780844	44991,3037424421
206	0,38804150386	0,388171862844	1,498765042914	1,403256622152	0,052084363997	0,113188780844	44991,4040448032
207	0,387985332467	0,388115090381	1,49856144958	1,403059166474	0,052084363997	0,113188780844	44991,5044091204
208	0,387923179608	0,388031064882	1,498319723964	1,40271996726	0,052084363997	0,113188780844	44991,6047007639
209	0,387853613781	0,387976870983	1,498078124838	1,402495892066	0,052084363997	0,113188780844	44991,705020081
210	0,387801141257	0,387913607926	1,497878184802	1,402278137036	0,052084363997	0,113188780844	44991,805413912
211	0,387739332344	0,38785805343	1,49765671664	1,40207424862	0,052084363997	0,113188780844	44991,9058065394
212	0,387654768353	0,387775382382	1,497324113941	1,401748049138	0,052084363997	0,113188780844	44992,0061173032
213	0,387601353642	0,387718499926	1,497146938292	1,401536596247	0,052084363997	0,113188780844	44992,1064430903
214	0,387535036013	0,387647474055	1,496912197395	1,401279757131	0,052084363997	0,113188780844	44992,2067578819
215	0,387455256741	0,387567433913	1,496604491003	1,400981235354	0,052084363997	0,113188780844	44992,3069748611
216	0,38736681	0,387498951211	1,496298588504	1,400731966889	0,052084363997	0,113188780844	44992,4071590046
217	0,387330679408	0,387447279713	1,496177450151	1,400555512318	0,052084363997	0,113188780844	44992,5073665741
218	0,387267970255	0,387393013759	1,495901286576	1,40032967688	0,052084363997	0,113188780844	44992,6075375463
219	0,387196446996	0,387321969236	1,495651907816	1,400067523359	0,052084363997	0,113188780844	44992,707666331
220	0,387141846462	0,387265144851	1,495481910933	1,399844238133	0,052084363997	0,113188780844	44992,8078458333
221	0,387077141085	0,387205823072	1,495204120772	1,399636145368	0,052084363997	0,113188780844	44992,9079879745
222	0,387058828969	0,387183739454	1,495122435536	1,399577865972	0,052084363997	0,113188780844	44993,0082665393
223	0,386975406214	0,387099837933	1,494804268789	1,399243785323	0,052084363997	0,113188780844	44993,1083713426
224	0,386917038422	0,387043026899	1,494621999617	1,399047260635	0,052084363997	0,113188780844	44993,2085804861
225	0,386819039275	0,386938420795	1,494240444395	1,398661094631	0,052084363997	0,113188780844	44993,30855875
226	0,386790740568	2,3038E-7	1,494145240933	7,29429E-7	0,052084363997	0,113188780844	44993,4156699306
227	2,54317031611607E-14	0,219071660489	9,52587740021061E-14	0,768788215008	0,053464960307	0,117299675941	44993,6716441088
228	0,391958156724	0,387554507827	1,512095497385	1,400788991294	0,053464960307	0,117299675941	44993,7724717708
229	0,387422434037	0,387387917245	1,496531599718	1,400182404104	0,053464960307	0,117299675941	44993,8728929398
230	0,387226570541	0,387245785812	1,49577655731	1,399675409241	0,053464960307	0,117299675941	44993,9732305671
231	0,387056517694	0,387119205023	1,495116724656	1,39924020383	0,053464960307	0,117299675941	44994,0734594329
232	0,386921843071	0,387002990828	1,494580287928	1,398833397344	0,053464960307	0,117299675941	44994,1735331018
233	0,386833463628	0,386928097431	1,49426765308	1,398567481592	0,053464960307	0,117299675941	44994,2737113889
234	0,386757866595	0,386860960914	1,493974983286	1,39834000585	0,053464960307	0,117299675941	44994,3739626736
235	0,386654009728	0,38675369677	1,493600726991	1,397926714415	0,053464960307	0,117299675941	44994,4740820833
236	0,386581434915	0,139855596444	1,493315253658	0,544863582732	0,053464960307	0,117299675941	44994,5520980903
