TesterID:	Maccor#2														
Channel Number:	53														
TestName:	KAI_Zelltest_regulaer_fix_no_degass_flag.000														
TestDesc:	Regular cycling: formation, followed by pulse, C-rate quick charge and cycling t														
StartDateTime:	44966,548529537														
Comment:															
															
									Charge			Discharge			
Cycle	AH-IN	AH-OUT	WH-IN	WH-OUT	ACR	DCIR	V1_Start	V1_End	V1_Min	V1_Max	V1_Start	V1_End	V1_Min	V1_Max	Date
0		7,21983164212507E-9		1,75567864251525E-9	0	0					-0,000798810448031873	-0,000798810448031873	-0,000957084237597883	-0,000798810448031873	44966,5487022222
1	0,50061937267	0,427746506746	1,863881479296	1,565280441622	0	0	-0,000957084237597883	-0,000798810448031873	-0,00111535796895623	-0,000640536658465862	-0,000798810448031873	-0,000798810448031873	-0,00111535796895623	-0,000640536658465862	44966,9716637153
2	0,43176590994	0,429329579029	1,619823499323	1,571834734853	0	0	-0,000957084237597883	-0,000798810448031873	-0,00111535796895623	-0,000482262927107513	-0,000957084237597883	-0,000798810448031873	-0,00111535796895623	-0,000640536658465862	44967,3713665278
3	0,442782861251	1,7604E-8	1,664538237109	5,6744E-8	0	0	-0,000798810448031873	-0,000957084237597883	-0,00111535796895623	-0,000482262927107513	-0,000957084237597883	-0,000798810448031873	-0,00111535796895623	-0,000640536658465862	44967,840809838
4	0	8,68907835507744E-9	0	2,8238E-8	0,044694218785	0,125246182084	-0,000957084237597883	-0,000798810448031873	-0,000957084237597883	-0,000640536658465862	-0,000957084237597883	-0,000957084237597883	-0,00127363170031458	-0,000640536658465862	44968,1324391551
5	0,434977798543	0,432277946433	1,643556367632	1,583781605461	0,044694218785	0,125246182084	-0,000640536658465862	-0,000957084237597883	-0,00111535796895623	-0,000640536658465862	-0,000957084237597883	-0,000957084237597883	-0,00111535796895623	-0,000640536658465862	44968,3864384375
6	0,43414007947	0,431852365745	1,640060473906	1,582609538007	0,044694218785	0,125246182084	-0,000957084237597883	-0,000798810448031873	-0,00111535796895623	-0,000640536658465862	-0,000798810448031873	-0,000957084237597883	-0,00111535796895623	-0,000482262927107513	44968,646779213
7	0,433590579164	0,431512607308	1,637749112149	1,58170855125	0,044694218785	0,125246182084	-0,000957084237597883	-0,000798810448031873	-0,00111535796895623	-0,000640536658465862	-0,000957084237597883	-0,00111535796895623	-0,00127363170031458	-0,000640536658465862	44968,9067695255
8	0,433122700677	0,412437970983	1,635823387813	1,487359385046	0,044694218785	0,125246182084	-0,000957084237597883	-0,000957084237597883	-0,00111535796895623	-0,000640536658465862	-0,000798810448031873	-0,000798810448031873	-0,00111535796895623	-0,000640536658465862	44969,0873728125
9	0,413583983261	0,411962671315	1,568383592748	1,486082240678	0,044694218785	0,125246182084	-0,00111535796895623	-0,000957084237597883	-0,00111535796895623	-0,000640536658465862	-0,000957084237597883	-0,000798810448031873	-0,00111535796895623	-0,000640536658465862	44969,2623963079
10	0,412997072753	0,411643565749	1,56615003986	1,485249854004	0,044694218785	0,125246182084	-0,000798810448031873	-0,000957084237597883	-0,00111535796895623	-0,000640536658465862	-0,000798810448031873	-0,000798810448031873	-0,00111535796895623	-0,000482262927107513	44969,4368544792
11	0,412694743727	0,372184014935	1,564995133279	1,310998305758	0,044694218785	0,125246182084	-0,000957084237597883	-0,000798810448031873	-0,00111535796895623	-0,000640536658465862	-0,000798810448031873	-0,000798810448031873	-0,00111535796895623	-0,000640536658465862	44969,5909967824
12	0,373092416407	0,372401017299	1,425801804706	1,312126279032	0,044694218785	0,125246182084	-0,000957084237597883	-0,000957084237597883	-0,00111535796895623	-0,000640536658465862	-0,00111535796895623	-0,000798810448031873	-0,00111535796895623	-0,000640536658465862	44969,7342423727
13	0,373269488445	0,372308001692	1,426305473774	1,312096707636	0,044694218785	0,125246182084	-0,000798810448031873	-0,000957084237597883	-0,00111535796895623	-0,000640536658465862	-0,000957084237597883	-0,000957084237597883	-0,00111535796895623	-0,000640536658465862	44969,8773705556
14	0,37308467604	0,426864802534	1,425559857627	1,566783361572	0,044694218785	0,125246182084	-0,000957084237597883	-0,00111535796895623	-0,00111535796895623	-0,000640536658465862	-0,000957084237597883	-0,000957084237597883	-0,00111535796895623	-0,000640536658465862	44970,1184088773
15	0,428233965309	0,427563003867	1,617639555772	1,569502560591	0,044694218785	0,125246182084	-0,000957084237597883	-0,000798810448031873	-0,00111535796895623	-0,000482262927107513	-0,000798810448031873	-0,00111535796895623	-0,00127363170031458	-0,000640536658465862	44970,3747968403
16	0,428837503967	1,1444E-8	1,619733815579	3,6193E-8	0,044694218785	0,125246182084	-0,000640536658465862	-0,000957084237597883	-0,00127363170031458	-0,000482262927107513	-0,000798810448031873	-0,000640536658465862	-0,00111535796895623	-0,000482262927107513	44970,6385088889
17	0,381393480423	0,381165136539	1,449307900166	1,381779007214	0,044694218785	0,125246182084	-0,000798810448031873	-0,000798810448031873	-0,00111535796895623	-0,000640536658465862	-0,000798810448031873	-0,000798810448031873	-0,00111535796895623	-0,000640536658465862	44970,7822710532
18	0,381531608906	0,3809616986	1,449467393953	1,381039468841	0,044694218785	0,125246182084	-0,000798810448031873	-0,000798810448031873	-0,00111535796895623	-0,000640536658465862	-0,000798810448031873	-0,000957084237597883	-0,00127363170031458	-0,000640536658465862	44970,9328695949
19	0,381411501753	0,380728403844	1,448808457191	1,380176106263	0,044694218785	0,125246182084	-0,000957084237597883	-0,000798810448031873	-0,00111535796895623	-0,000640536658465862	-0,000957084237597883	-0,000957084237597883	-0,00111535796895623	-0,000640536658465862	44971,0833938657
20	0,35308008068	0,348969867352	1,367704256241	1,256132808933	0,044694218785	0,125246182084	-0,000798810448031873	-0,000798810448031873	-0,00111535796895623	-0,000640536658465862	-0,000798810448031873	-0,000957084237597883	-0,00111535796895623	-0,000640536658465862	44971,207016412
21	0,348871781262	0,34461858924	1,350800376413	1,240608577847	0,044694218785	0,125246182084	-0,000798810448031873	-0,000640536658465862	-0,00111535796895623	-0,000640536658465862	-0,000957084237597883	-0,000798810448031873	-0,00127363170031458	-0,000640536658465862	44971,3292762269
22	0,345043258766	6,16013707688004E-9	1,335784098697	1,8865E-8	0,044694218785	0,125246182084	-0,000957084237597883	-0,000957084237597883	-0,00127363170031458	-0,000482262927107513	-0,000957084237597883	-0,000798810448031873	-0,00111535796895623	-0,000640536658465862	44971,4574106829
23	6,35792579029017E-15	0,245495957662	2,38590781964761E-14	0,862309024545	0,043022528291	0,116748519242	-0,000957084237597883	-0,000798810448031873	-0,00111535796895623	-0,000640536658465862	-0,000957084237597883	-0,000957084237597883	-0,00127363170031458	-0,000640536658465862	44971,7323296644
24	0,421429428499	0,411527324214	1,620579700768	1,487400912043	0,043022528291	0,116748519242	-0,00111535796895623	-0,000957084237597883	-0,00127363170031458	-0,000640536658465862	-0,000957084237597883	-0,000798810448031873	-0,00127363170031458	-0,000640536658465862	44971,8398490741
25	0,412120550479	0,410862177093	1,588596304578	1,48519864381	0,043022528291	0,116748519242	-0,000957084237597883	-0,00111535796895623	-0,00111535796895623	-0,000640536658465862	-0,000957084237597883	-0,000798810448031873	-0,00111535796895623	-0,000640536658465862	44971,9460231597
26	0,411424744237	0,410332575228	1,585939799808	1,483436875884	0,043022528291	0,116748519242	-0,00111535796895623	-0,000957084237597883	-0,00127363170031458	-0,000640536658465862	-0,00111535796895623	-0,000957084237597883	-0,00111535796895623	-0,000640536658465862	44972,0518804514
27	0,410876092581	0,409898608011	1,58385136023	1,482003938647	0,043022528291	0,116748519242	-0,000957084237597883	-0,000798810448031873	-0,00111535796895623	-0,000640536658465862	-0,00111535796895623	-0,000798810448031873	-0,00127363170031458	-0,000640536658465862	44972,1575218634
28	0,410442614331	0,409547282808	1,582195935174	1,480842957693	0,043022528291	0,116748519242	-0,000957084237597883	-0,000798810448031873	-0,00111535796895623	-0,000640536658465862	-0,000957084237597883	-0,000957084237597883	-0,00111535796895623	-0,000640536658465862	44972,2630781366
29	0,410038728278	0,409195929418	1,580665728073	1,479668685263	0,043022528291	0,116748519242	-0,000957084237597883	-0,000798810448031873	-0,00111535796895623	-0,000640536658465862	-0,00111535796895623	-0,000957084237597883	-0,00111535796895623	-0,000640536658465862	44972,3684930903
30	0,409692511044	0,408906651003	1,579346442913	1,4787140899	0,043022528291	0,116748519242	-0,000957084237597883	-0,000957084237597883	-0,00127363170031458	-0,000640536658465862	-0,000798810448031873	-0,000798810448031873	-0,00111535796895623	-0,000640536658465862	44972,473810162
31	0,409445891556	0,408672849304	1,578397868571	1,477944784868	0,043022528291	0,116748519242	-0,000957084237597883	-0,000798810448031873	-0,00127363170031458	-0,000640536658465862	-0,000798810448031873	-0,000957084237597883	-0,00111535796895623	-0,000640536658465862	44972,5790534028
32	0,40916925554	0,408406661388	1,577315877259	1,477075199229	0,043022528291	0,116748519242	-0,000957084237597883	-0,000798810448031873	-0,00111535796895623	-0,000640536658465862	-0,000798810448031873	-0,000798810448031873	-0,00111535796895623	-0,000640536658465862	44972,6842605671
33	0,408830768257	0,408098031142	1,57602862365	1,476015837572	0,043022528291	0,116748519242	-0,000957084237597883	-0,000798810448031873	-0,00111535796895623	-0,000640536658465862	-0,00111535796895623	-0,000957084237597883	-0,00127363170031458	-0,000640536658465862	44972,7892941088
34	0,408577452487	0,407851377316	1,575084720708	1,475182472333	0,043022528291	0,116748519242	-0,000957084237597883	-0,000798810448031873	-0,00111535796895623	-0,000640536658465862	-0,000798810448031873	-0,000957084237597883	-0,00111535796895623	-0,000482262927107513	44972,8943766551
35	0,408322472242	0,407629183497	1,574140270689	1,474456102894	0,043022528291	0,116748519242	-0,000798810448031873	-0,000798810448031873	-0,00111535796895623	-0,000640536658465862	-0,000957084237597883	-0,000957084237597883	-0,00111535796895623	-0,000640536658465862	44972,9994766319
36	0,408009892592	0,407352766101	1,572936804506	1,473495478709	0,043022528291	0,116748519242	-0,000957084237597883	-0,000798810448031873	-0,00111535796895623	-0,000640536658465862	-0,000798810448031873	-0,000957084237597883	-0,00127363170031458	-0,000640536658465862	44973,1043900694
37	0,4078043356	0,407160313385	1,572174685054	1,472834006521	0,043022528291	0,116748519242	-0,000798810448031873	-0,000957084237597883	-0,00111535796895623	-0,000640536658465862	-0,000957084237597883	-0,000957084237597883	-0,00127363170031458	-0,000640536658465862	44973,2093487037
38	0,407549075359	0,406916179632	1,571205707071	1,471997508332	0,043022528291	0,116748519242	-0,000957084237597883	-0,000798810448031873	-0,00111535796895623	-0,000640536658465862	-0,000957084237597883	-0,000957084237597883	-0,00127363170031458	-0,000640536658465862	44973,3140898611
39	0,407344966711	0,406717231659	1,570439085543	1,471314418578	0,043022528291	0,116748519242	-0,000798810448031873	-0,000957084237597883	-0,00111535796895623	-0,000640536658465862	-0,000957084237597883	-0,000798810448031873	-0,00111535796895623	-0,000640536658465862	44973,418826956
40	0,407112548054	0,406487419343	1,569553204385	1,470533565539	0,043022528291	0,116748519242	-0,000957084237597883	-0,000957084237597883	-0,00111535796895623	-0,000640536658465862	-0,000957084237597883	-0,000957084237597883	-0,00111535796895623	-0,000640536658465862	44973,5235229861
41	0,406907999358	0,406293650111	1,568794361847	1,469873804973	0,043022528291	0,116748519242	-0,000798810448031873	-0,000957084237597883	-0,00111535796895623	-0,000640536658465862	-0,000957084237597883	-0,000957084237597883	-0,00111535796895623	-0,000482262927107513	44973,6282071644
42	0,406717703037	0,406130871317	1,568060736342	1,469305517167	0,043022528291	0,116748519242	-0,000798810448031873	-0,00111535796895623	-0,00111535796895623	-0,000640536658465862	-0,000798810448031873	-0,000798810448031873	-0,00127363170031458	-0,000640536658465862	44973,7328944097
43	0,406541007565	0,405944884188	1,567362304972	1,468647760975	0,043022528291	0,116748519242	-0,000957084237597883	-0,000957084237597883	-0,00111535796895623	-0,000640536658465862	-0,000957084237597883	-0,000957084237597883	-0,00111535796895623	-0,000640536658465862	44973,8375368982
44	0,406335846818	0,405754972097	1,566582129186	1,467970055923	0,043022528291	0,116748519242	-0,000640536658465862	-0,000957084237597883	-0,00111535796895623	-0,000640536658465862	-0,000798810448031873	-0,000798810448031873	-0,00127363170031458	-0,000640536658465862	44973,9421056366
45	0,406108402535	0,405548407114	1,56573908601	1,467256337951	0,043022528291	0,116748519242	-0,000798810448031873	-0,000798810448031873	-0,00127363170031458	-0,000640536658465862	-0,000957084237597883	-0,000957084237597883	-0,00111535796895623	-0,000640536658465862	44974,0465660069
46	0,405966292099	0,405414049943	1,5652175704	1,466816662614	0,043022528291	0,116748519242	-0,000957084237597883	-0,000798810448031873	-0,00111535796895623	-0,000640536658465862	-0,000798810448031873	-0,000798810448031873	-0,00111535796895623	-0,000482262927107513	44974,1511148727
47	0,40574432841	0,405221645757	1,564363815478	1,466128107987	0,043022528291	0,116748519242	-0,000798810448031873	-0,000798810448031873	-0,00111535796895623	-0,000640536658465862	-0,000798810448031873	-0,000957084237597883	-0,00111535796895623	-0,000640536658465862	44974,2554257639
48	0,405618111338	0,405094998421	1,563863078284	1,465687231691	0,043022528291	0,116748519242	-0,000798810448031873	-0,000957084237597883	-0,00111535796895623	-0,000640536658465862	-0,000798810448031873	-0,000798810448031873	-0,00127363170031458	-0,000640536658465862	44974,3597479861
49	0,40549288191	0,404960664561	1,563384663584	1,46523292044	0,043022528291	0,116748519242	-0,000798810448031873	-0,000957084237597883	-0,00127363170031458	-0,000640536658465862	-0,00111535796895623	-0,000798810448031873	-0,00111535796895623	-0,000482262927107513	44974,4641664352
50	0,405310435269	0,404799200161	1,562675123223	1,464654401877	0,043022528291	0,116748519242	-0,000957084237597883	-0,000957084237597883	-0,00111535796895623	-0,000640536658465862	-0,000957084237597883	-0,000957084237597883	-0,00111535796895623	-0,000640536658465862	44974,5684234143
51	0,405202064567	0,404682922602	1,562265413985	1,464259906509	0,043022528291	0,116748519242	-0,000798810448031873	-0,000798810448031873	-0,00111535796895623	-0,000640536658465862	-0,000798810448031873	-0,000798810448031873	-0,00111535796895623	-0,000640536658465862	44974,6727623495
52	0,405030284516	0,404515067003	1,561607275223	1,463675513184	0,043022528291	0,116748519242	-0,000957084237597883	-0,000798810448031873	-0,00111535796895623	-0,000640536658465862	-0,000957084237597883	-0,000957084237597883	-0,00111535796895623	-0,000640536658465862	44974,7770079398
53	0,404848778093	0,404339106532	1,560933425864	1,46313434452	0,043022528291	0,116748519242	-0,000798810448031873	-0,000798810448031873	-0,00127363170031458	-0,000640536658465862	-0,000957084237597883	-0,000957084237597883	-0,00127363170031458	-0,000640536658465862	44974,8813968634
54	0,404709921154	0,404219285277	1,560409208488	1,46264538395	0,043022528291	0,116748519242	-0,000957084237597883	-0,000798810448031873	-0,00111535796895623	-0,000640536658465862	-0,000957084237597883	-0,000957084237597883	-0,00111535796895623	-0,000640536658465862	44974,9856462153
55	0,404553736354	0,404061673356	1,559813480547	1,462092907837	0,043022528291	0,116748519242	-0,000957084237597883	-0,00111535796895623	-0,00111535796895623	-0,000640536658465862	-0,000798810448031873	-0,000957084237597883	-0,00127363170031458	-0,000640536658465862	44975,0897821296
56	0,404449674497	0,403972575504	1,559429972024	1,461791099929	0,043022528291	0,116748519242	-0,000957084237597883	-0,000957084237597883	-0,00127363170031458	-0,000640536658465862	-0,000798810448031873	-0,000957084237597883	-0,00111535796895623	-0,000640536658465862	44975,1940624306
57	0,404307934789	0,403831809968	1,558887828092	1,46129318088	0,043022528291	0,116748519242	-0,000798810448031873	-0,000957084237597883	-0,00111535796895623	-0,000640536658465862	-0,000957084237597883	-0,000798810448031873	-0,00127363170031458	-0,000640536658465862	44975,2982750926
58	0,404132823155	0,403666457062	1,558198378749	1,460692633867	0,043022528291	0,116748519242	-0,000798810448031873	-0,000957084237597883	-0,00111535796895623	-0,000640536658465862	-0,000957084237597883	-0,000798810448031873	-0,00127363170031458	-0,000640536658465862	44975,4022626157
59	0,404072342478	0,403610916978	1,558003902133	1,46052393208	0,043022528291	0,116748519242	-0,000957084237597883	-0,000798810448031873	-0,00127363170031458	-0,000640536658465862	-0,000798810448031873	-0,000957084237597883	-0,00111535796895623	-0,000640536658465862	44975,5065329745
60	0,403920209281	0,403454597412	1,557415107494	1,459962995933	0,043022528291	0,116748519242	-0,000798810448031873	-0,000798810448031873	-0,00111535796895623	-0,000640536658465862	-0,000798810448031873	-0,000957084237597883	-0,00127363170031458	-0,000482262927107513	44975,6107158565
61	0,403802871781	0,403352613102	1,55695952643	1,459586176278	0,043022528291	0,116748519242	-0,000798810448031873	-0,000957084237597883	-0,00127363170031458	-0,000640536658465862	-0,000957084237597883	-0,000640536658465862	-0,00111535796895623	-0,000640536658465862	44975,7148170718
62	0,403672278386	0,403220770068	1,55644501468	1,45912818339	0,043022528291	0,116748519242	-0,000640536658465862	-0,000957084237597883	-0,00127363170031458	-0,000482262927107513	-0,000957084237597883	-0,00111535796895623	-0,00127363170031458	-0,000640536658465862	44975,818802662
63	0,403574153899	0,403118788726	1,556078328638	1,458776454822	0,043022528291	0,116748519242	-0,000957084237597883	-0,000957084237597883	-0,00111535796895623	-0,000640536658465862	-0,000957084237597883	-0,000957084237597883	-0,00111535796895623	-0,000640536658465862	44975,9228719676
64	0,403424372277	0,402971517337	1,555502126976	1,458235017055	0,043022528291	0,116748519242	-0,000798810448031873	-0,000957084237597883	-0,00111535796895623	-0,000640536658465862	-0,000798810448031873	-0,000957084237597883	-0,00111535796895623	-0,000640536658465862	44976,0268510417
65	0,403330649403	0,402865537707	1,555155437659	1,457876047292	0,043022528291	0,116748519242	-0,000798810448031873	-0,000957084237597883	-0,00111535796895623	-0,000640536658465862	-0,000798810448031873	-0,000957084237597883	-0,00111535796895623	-0,000640536658465862	44976,1309512616
66	0,403173774591	0,40273265049	1,554563397175	1,457404187855	0,043022528291	0,116748519242	-0,000957084237597883	-0,000957084237597883	-0,00127363170031458	-0,000640536658465862	-0,000798810448031873	-0,000957084237597883	-0,00111535796895623	-0,000640536658465862	44976,2349273958
67	0,403018313006	0,402589205089	1,553965344736	1,456872944393	0,043022528291	0,116748519242	-0,000798810448031873	-0,000957084237597883	-0,00111535796895623	-0,000640536658465862	-0,000798810448031873	-0,000798810448031873	-0,00111535796895623	-0,000640536658465862	44976,3387241667
68	0,402952260712	0,402494929553	1,553714618609	1,456553245976	0,043022528291	0,116748519242	-0,000798810448031873	-0,000957084237597883	-0,00111535796895623	-0,000640536658465862	-0,000798810448031873	-0,000957084237597883	-0,00127363170031458	-0,000640536658465862	44976,4426826157
69	0,402792574958	0,402369688376	1,553103058886	1,456085323949	0,043022528291	0,116748519242	-0,000798810448031873	-0,000957084237597883	-0,00111535796895623	-0,000640536658465862	-0,000957084237597883	-0,000957084237597883	-0,00111535796895623	-0,000640536658465862	44976,5464723264
70	0,402739634222	0,402308923983	1,55290580026	1,45589132463	0,043022528291	0,116748519242	-0,000798810448031873	-0,000957084237597883	-0,00127363170031458	-0,000640536658465862	-0,000798810448031873	-0,000957084237597883	-0,00127363170031458	-0,000640536658465862	44976,6504458218
71	0,402594571518	0,402177127786	1,552343190527	1,455408301395	0,043022528291	0,116748519242	-0,000957084237597883	-0,000798810448031873	-0,00111535796895623	-0,000640536658465862	-0,00111535796895623	-0,000798810448031873	-0,00111535796895623	-0,000640536658465862	44976,7542838079
72	0,402487343934	0,402049286216	1,551939114512	1,45495081028	0,043022528291	0,116748519242	-0,000957084237597883	-0,000957084237597883	-0,00111535796895623	-0,000640536658465862	-0,000798810448031873	-0,000957084237597883	-0,00111535796895623	-0,000640536658465862	44976,8580751505
73	0,402385184172	8,49130235751888E-9	1,551550741542	2,7384E-8	0,043022528291	0,116748519242	-0,00111535796895623	-0,000957084237597883	-0,00111535796895623	-0,000640536658465862	-0,000798810448031873	-0,000798810448031873	-0,00127363170031458	-0,000640536658465862	44976,9688781713
74	6,35792579029017E-15	0,233835352328	2,3851316938168E-14	0,821422387399	0,043250828981	0,118168890476	-0,000957084237597883	-0,000798810448031873	-0,000957084237597883	-0,000640536658465862	-0,000798810448031873	-0,000957084237597883	-0,00111535796895623	-0,000640536658465862	44977,2345916898
75	0,409653068087	0,402573735832	1,576471175161	1,456691496311	0,043250828981	0,118168890476	-0,000798810448031873	-0,000957084237597883	-0,00111535796895623	-0,000640536658465862	-0,000957084237597883	-0,000957084237597883	-0,00127363170031458	-0,000640536658465862	44977,3393765741
76	0,402910851109	0,402338620795	1,553447098358	1,455917042989	0,043250828981	0,118168890476	-0,000957084237597883	-0,000957084237597883	-0,00111535796895623	-0,000640536658465862	-0,000957084237597883	-0,000957084237597883	-0,00127363170031458	-0,000640536658465862	44977,4433981944
77	0,402652080832	0,402110043188	1,552446854659	1,455079554489	0,043250828981	0,118168890476	-0,000957084237597883	-0,000957084237597883	-0,00111535796895623	-0,000640536658465862	-0,000798810448031873	-0,000957084237597883	-0,00111535796895623	-0,000482262927107513	44977,5472991551
78	0,402452879936	0,401957533294	1,551721633458	1,454551829161	0,043250828981	0,118168890476	-0,000957084237597883	-0,000798810448031873	-0,00111535796895623	-0,000640536658465862	-0,000957084237597883	-0,000957084237597883	-0,00111535796895623	-0,000640536658465862	44977,6512196644
79	0,402258531739	0,401806390139	1,550995141923	1,454017872112	0,043250828981	0,118168890476	-0,000798810448031873	-0,000957084237597883	-0,00111535796895623	-0,000640536658465862	-0,000957084237597883	-0,000957084237597883	-0,00127363170031458	-0,000482262927107513	44977,7550558565
80	0,402098022776	0,401641100174	1,550381128588	1,453426354779	0,043250828981	0,118168890476	-0,000957084237597883	-0,000957084237597883	-0,00111535796895623	-0,000640536658465862	-0,000798810448031873	-0,000957084237597883	-0,00111535796895623	-0,000640536658465862	44977,8588278819
81	0,401944068935	0,401505496428	1,549805668618	1,452940357552	0,043250828981	0,118168890476	-0,000957084237597883	-0,000957084237597883	-0,00127363170031458	-0,000640536658465862	-0,000957084237597883	-0,000798810448031873	-0,00111535796895623	-0,000640536658465862	44977,9626116782
82	0,40182593726	0,401391873511	1,549377663253	1,45252834665	0,043250828981	0,118168890476	-0,000957084237597883	-0,000798810448031873	-0,00111535796895623	-0,000640536658465862	-0,000957084237597883	-0,000798810448031873	-0,00111535796895623	-0,000640536658465862	44978,0664222801
83	0,401706142579	0,401305320102	1,54894102629	1,452218624783	0,043250828981	0,118168890476	-0,000798810448031873	-0,000957084237597883	-0,00111535796895623	-0,000640536658465862	-0,000798810448031873	-0,000957084237597883	-0,00111535796895623	-0,000640536658465862	44978,1702646759
84	0,401576786622	0,401165801355	1,548437165001	1,45170714639	0,043250828981	0,118168890476	-0,000957084237597883	-0,000798810448031873	-0,00111535796895623	-0,000640536658465862	-0,000957084237597883	-0,000798810448031873	-0,00111535796895623	-0,000640536658465862	44978,2739479282
85	0,401485813146	0,401096048976	1,54809270813	1,451466798136	0,043250828981	0,118168890476	-0,000957084237597883	-0,000957084237597883	-0,00111535796895623	-0,000640536658465862	-0,000957084237597883	-0,000798810448031873	-0,00127363170031458	-0,000640536658465862	44978,3776792593
86	0,401399710052	0,400991437783	1,547759189349	1,451092741097	0,043250828981	0,118168890476	-0,000957084237597883	-0,000798810448031873	-0,00111535796895623	-0,000640536658465862	-0,000957084237597883	-0,000798810448031873	-0,00111535796895623	-0,000640536658465862	44978,4814035069
87	0,401297313144	0,400915191419	1,547385705042	1,450808771345	0,043250828981	0,118168890476	-0,000957084237597883	-0,000798810448031873	-0,00111535796895623	-0,000482262927107513	-0,000798810448031873	-0,000798810448031873	-0,00127363170031458	-0,000640536658465862	44978,5850680324
88	0,401194686887	0,40080803176	1,546968141987	1,450418991231	0,043250828981	0,118168890476	-0,000798810448031873	-0,000798810448031873	-0,00111535796895623	-0,000640536658465862	-0,000957084237597883	-0,000798810448031873	-0,00111535796895623	-0,000640536658465862	44978,6886631713
89	0,401114254905	0,400717577762	1,546667014591	1,450101137981	0,043250828981	0,118168890476	-0,000957084237597883	-0,000957084237597883	-0,00111535796895623	-0,000640536658465862	-0,000957084237597883	-0,000957084237597883	-0,00111535796895623	-0,000640536658465862	44978,7923157407
90	0,401009221586	0,400631066102	1,546282699661	1,449773462358	0,043250828981	0,118168890476	-0,000957084237597883	-0,000957084237597883	-0,00127363170031458	-0,000640536658465862	-0,000798810448031873	-0,000798810448031873	-0,00127363170031458	-0,000640536658465862	44978,8959356134
91	0,400908915937	0,400534171735	1,545900797064	1,449436461938	0,043250828981	0,118168890476	-0,000957084237597883	-0,000957084237597883	-0,00111535796895623	-0,000640536658465862	-0,000798810448031873	-0,000957084237597883	-0,00111535796895623	-0,000640536658465862	44978,9995294907
92	0,400845878143	0,400467073152	1,545677955259	1,449172621273	0,043250828981	0,118168890476	-0,000798810448031873	-0,000798810448031873	-0,00111535796895623	-0,000640536658465862	-0,000798810448031873	-0,000957084237597883	-0,00111535796895623	-0,000640536658465862	44979,1032056366
93	0,400751816664	0,400385661611	1,545321065115	1,448860344084	0,043250828981	0,118168890476	-0,000957084237597883	-0,000798810448031873	-0,00127363170031458	-0,000640536658465862	-0,000957084237597883	-0,000957084237597883	-0,00111535796895623	-0,000482262927107513	44979,2068933449
94	0,400671608646	0,400302973607	1,545011195652	1,448561631655	0,043250828981	0,118168890476	-0,000798810448031873	-0,000798810448031873	-0,00111535796895623	-0,000640536658465862	-0,000957084237597883	-0,000798810448031873	-0,00111535796895623	-0,000640536658465862	44979,3104982523
95	0,400578665418	0,40021770471	1,544655025488	1,448248137077	0,043250828981	0,118168890476	-0,000798810448031873	-0,000798810448031873	-0,00111535796895623	-0,000640536658465862	-0,000798810448031873	-0,000798810448031873	-0,00111535796895623	-0,000640536658465862	44979,4140112847
96	0,400528119404	0,400160967215	1,544458339315	1,448059253959	0,043250828981	0,118168890476	-0,000957084237597883	-0,000798810448031873	-0,00111535796895623	-0,000640536658465862	-0,000957084237597883	-0,000957084237597883	-0,00111535796895623	-0,000640536658465862	44979,517534537
97	0,400460221795	0,400089896202	1,544166412386	1,447793370059	0,043250828981	0,118168890476	-0,000798810448031873	-0,000798810448031873	-0,00111535796895623	-0,000640536658465862	-0,000957084237597883	-0,000957084237597883	-0,00111535796895623	-0,000482262927107513	44979,6210741551
98	0,400389555166	0,40000595823	1,543888804434	1,447490226031	0,043250828981	0,118168890476	-0,000798810448031873	-0,000798810448031873	-0,00127363170031458	-0,000640536658465862	-0,000798810448031873	-0,000798810448031873	-0,00111535796895623	-0,000640536658465862	44979,7246260648
99	0,400300806677	0,399933570065	1,543562882169	1,447237746426	0,043250828981	0,118168890476	-0,000798810448031873	-0,000957084237597883	-0,00111535796895623	-0,000640536658465862	-0,000957084237597883	-0,000798810448031873	-0,00111535796895623	-0,000640536658465862	44979,8282255671
100	0,40020207921	0,399831579825	1,543076503891	1,446860733993	0,043250828981	0,118168890476	-0,000798810448031873	-0,000798810448031873	-0,00111535796895623	-0,000640536658465862	-0,000957084237597883	-0,00111535796895623	-0,00111535796895623	-0,000640536658465862	44979,9320146528
101	0,400126734285	0,39976566212	1,542925994103	1,446613321735	0,043250828981	0,118168890476	-0,000957084237597883	-0,000957084237597883	-0,00127363170031458	-0,000640536658465862	-0,000957084237597883	-0,000957084237597883	-0,00127363170031458	-0,000640536658465862	44980,0355803241
102	0,400048284256	0,399682986409	1,542613370017	1,446305534932	0,043250828981	0,118168890476	-0,000957084237597883	-0,000798810448031873	-0,00127363170031458	-0,000482262927107513	-0,000798810448031873	-0,000798810448031873	-0,00127363170031458	-0,000640536658465862	44980,1391304167
103	0,399937764026	0,399595193203	1,542196291017	1,445981017151	0,043250828981	0,118168890476	-0,000798810448031873	-0,000798810448031873	-0,00111535796895623	-0,000640536658465862	-0,000957084237597883	-0,000957084237597883	-0,00111535796895623	-0,000640536658465862	44980,242558588
104	0,399901853493	0,39954353018	1,542078299524	1,445795023295	0,043250828981	0,118168890476	-0,000957084237597883	-0,000957084237597883	-0,00111535796895623	-0,000640536658465862	-0,000957084237597883	-0,000640536658465862	-0,00111535796895623	-0,000640536658465862	44980,3460919907
105	0,399801506462	0,399459577589	1,541679631283	1,445470000823	0,043250828981	0,118168890476	-0,00111535796895623	-0,000957084237597883	-0,00111535796895623	-0,000640536658465862	-0,000957084237597883	-0,000957084237597883	-0,00111535796895623	-0,000640536658465862	44980,449484537
106	0,399752540432	0,399410497368	1,541491648745	1,445287957176	0,043250828981	0,118168890476	-0,00111535796895623	-0,000957084237597883	-0,00111535796895623	-0,000640536658465862	-0,000798810448031873	-0,000957084237597883	-0,00127363170031458	-0,000640536658465862	44980,5529084491
107	0,399684578227	0,399338149046	1,5412191688	1,445032426464	0,043250828981	0,118168890476	-0,000798810448031873	-0,000798810448031873	-0,00111535796895623	-0,000640536658465862	-0,000957084237597883	-0,000798810448031873	-0,00111535796895623	-0,000640536658465862	44980,6563290394
108	0,399586326869	0,399236097134	1,540852098813	1,444643425296	0,043250828981	0,118168890476	-0,000957084237597883	-0,000798810448031873	-0,00111535796895623	-0,000640536658465862	-0,000957084237597883	-0,000957084237597883	-0,00111535796895623	-0,000640536658465862	44980,7596481829
109	0,399522924244	0,399177961954	1,540622305244	1,444421225818	0,043250828981	0,118168890476	-0,000798810448031873	-0,000798810448031873	-0,00127363170031458	-0,000640536658465862	-0,000957084237597883	-0,000957084237597883	-0,00111535796895623	-0,000640536658465862	44980,8630724306
110	0,399453773796	0,399109480736	1,540376225702	1,444182806247	0,043250828981	0,118168890476	-0,000798810448031873	-0,00111535796895623	-0,00127363170031458	-0,000640536658465862	-0,000957084237597883	-0,000798810448031873	-0,00127363170031458	-0,000640536658465862	44980,9665348727
111	0,399359387714	0,399026860973	1,540025238108	1,443880481573	0,043250828981	0,118168890476	-0,00111535796895623	-0,000957084237597883	-0,00111535796895623	-0,000640536658465862	-0,000798810448031873	-0,000798810448031873	-0,00111535796895623	-0,000640536658465862	44981,0699104514
112	0,399297396012	0,398963561466	1,539809882683	1,443651042796	0,043250828981	0,118168890476	-0,000957084237597883	-0,000798810448031873	-0,00111535796895623	-0,000640536658465862	-0,000957084237597883	-0,000798810448031873	-0,00111535796895623	-0,000640536658465862	44981,1733313426
113	0,399224266982	0,398892454847	1,53953991908	1,443387520695	0,043250828981	0,118168890476	-0,000798810448031873	-0,000957084237597883	-0,00111535796895623	-0,000640536658465862	-0,000957084237597883	-0,000957084237597883	-0,00127363170031458	-0,000640536658465862	44981,2767592245
114	0,399152778659	0,398831853641	1,53927009782	1,443156590186	0,043250828981	0,118168890476	-0,000957084237597883	-0,000798810448031873	-0,00111535796895623	-0,000640536658465862	-0,000957084237597883	-0,000957084237597883	-0,00111535796895623	-0,000640536658465862	44981,3801183449
115	0,399125844906	0,398794340397	1,539170041487	1,443005021684	0,043250828981	0,118168890476	-0,000957084237597883	-0,000957084237597883	-0,00127363170031458	-0,000640536658465862	-0,000798810448031873	-0,000798810448031873	-0,00127363170031458	-0,000640536658465862	44981,4835355671
116	0,399066978953	0,398747889815	1,538946974173	1,44281769663	0,043250828981	0,118168890476	-0,000957084237597883	-0,000957084237597883	-0,00127363170031458	-0,000640536658465862	-0,000957084237597883	-0,000957084237597883	-0,00111535796895623	-0,000640536658465862	44981,5869423843
117	0,398988736195	0,398670334988	1,538638201639	1,442538890195	0,043250828981	0,118168890476	-0,000957084237597883	-0,000798810448031873	-0,00111535796895623	-0,000640536658465862	-0,000957084237597883	-0,000957084237597883	-0,00127363170031458	-0,000640536658465862	44981,690243287
118	0,398954539885	0,398620026206	1,538519120809	1,442342149575	0,043250828981	0,118168890476	-0,000798810448031873	-0,00111535796895623	-0,00111535796895623	-0,000640536658465862	-0,000798810448031873	-0,000957084237597883	-0,00111535796895623	-0,000640536658465862	44981,7936351852
119	0,398866731454	0,39854120382	1,538188010006	1,442033217559	0,043250828981	0,118168890476	-0,000798810448031873	-0,000798810448031873	-0,00111535796895623	-0,000640536658465862	-0,00111535796895623	-0,000798810448031873	-0,00111535796895623	-0,000640536658465862	44981,8969038773
120	0,398807633816	0,398488281505	1,537987539841	1,441856351518	0,043250828981	0,118168890476	-0,000798810448031873	-0,000798810448031873	-0,00111535796895623	-0,000482262927107513	-0,000798810448031873	-0,000957084237597883	-0,00111535796895623	-0,000640536658465862	44982,0002120602
121	0,398736172064	0,398422392835	1,537713925448	1,441605684496	0,043250828981	0,118168890476	-0,00111535796895623	-0,00111535796895623	-0,00127363170031458	-0,000482262927107513	-0,000640536658465862	-0,000957084237597883	-0,00111535796895623	-0,000640536658465862	44982,1034988657
122	0,398672763255	0,398343552016	1,537473702932	1,441303254626	0,043250828981	0,118168890476	-0,000798810448031873	-0,000957084237597883	-0,00111535796895623	-0,000640536658465862	-0,000798810448031873	-0,000957084237597883	-0,00127363170031458	-0,000482262927107513	44982,2067161921
123	0,398605178671	0,398289349639	1,537213599677	1,441060926495	0,043250828981	0,118168890476	-0,000957084237597883	-0,000957084237597883	-0,00127363170031458	-0,000640536658465862	-0,000957084237597883	-0,000957084237597883	-0,00111535796895623	-0,000640536658465862	44982,3098554514
124	0,398591721019	1,7816E-8	1,537171130624	5,6998E-8	0,043250828981	0,118168890476	-0,000798810448031873	-0,00111535796895623	-0,00127363170031458	-0,000640536658465862	-0,000957084237597883	-0,00111535796895623	-0,00111535796895623	-0,000640536658465862	44982,4201403241
125	3,17896289514509E-14	0,230015732439	1,1925658469084E-13	0,807999194507	0,045136645436	0,118285372853	-0,000798810448031873	-0,00111535796895623	-0,00111535796895623	-0,000640536658465862	-0,000957084237597883	-0,000957084237597883	-0,00127363170031458	-0,000482262927107513	44982,6837143403
126	0,404732976684	0,398773690701	1,558261548736	1,442665703957	0,045136645436	0,118285372853	-0,000957084237597883	-0,000957084237597883	-0,00111535796895623	-0,000482262927107513	-0,000957084237597883	-0,000957084237597883	-0,00127363170031458	-0,000640536658465862	44982,7878102431
127	0,399100008568	0,398647121353	1,539091716861	1,44223583634	0,045136645436	0,118285372853	-0,000798810448031873	-0,000798810448031873	-0,00111535796895623	-0,000640536658465862	-0,000957084237597883	-0,000798810448031873	-0,00111535796895623	-0,000640536658465862	44982,8913715625
128	0,39888906702	0,398479190308	1,538279064171	1,441630940528	0,045136645436	0,118285372853	-0,000957084237597883	-0,000957084237597883	-0,00111535796895623	-0,000640536658465862	-0,00111535796895623	-0,000957084237597883	-0,00111535796895623	-0,000482262927107513	44982,9947977894
129	0,398752899995	0,398375889697	1,537782889213	1,441266102575	0,045136645436	0,118285372853	-0,000957084237597883	-0,000957084237597883	-0,00111535796895623	-0,000640536658465862	-0,000957084237597883	-0,000798810448031873	-0,00111535796895623	-0,000640536658465862	44983,0982160417
130	0,398623713949	0,398250611008	1,537292747443	1,440802591885	0,045136645436	0,118285372853	-0,000957084237597883	-0,00111535796895623	-0,00127363170031458	-0,000482262927107513	-0,000798810448031873	-0,000957084237597883	-0,00111535796895623	-0,000640536658465862	44983,2015118171
131	0,398545180808	0,398180859053	1,537006198281	1,440563001391	0,045136645436	0,118285372853	-0,000957084237597883	-0,000957084237597883	-0,00127363170031458	-0,000482262927107513	-0,000798810448031873	-0,000957084237597883	-0,00111535796895623	-0,000640536658465862	44983,3049339005
132	0,398444902919	0,398083474488	1,536619842658	1,44057817009	0,045136645436	0,118285372853	-0,000798810448031873	-0,000640536658465862	-0,00111535796895623	-0,000640536658465862	-0,000957084237597883	-0,000957084237597883	-0,00111535796895623	-0,000640536658465862	44983,4093215046
133	0,398334230111	0,397978083819	1,53621881062	1,439815286905	0,045136645436	0,118285372853	-0,000798810448031873	-0,000798810448031873	-0,00111535796895623	-0,000640536658465862	-0,000957084237597883	-0,000798810448031873	-0,00111535796895623	-0,000640536658465862	44983,5126384838
134	0,398296369859	0,397956579061	1,536100680939	1,439739860872	0,045136645436	0,118285372853	-0,000957084237597883	-0,000957084237597883	-0,00111535796895623	-0,000640536658465862	-0,000957084237597883	-0,000957084237597883	-0,00111535796895623	-0,000640536658465862	44983,6164036921
135	0,398165251178	0,397837217403	1,535443800363	1,439299648972	0,045136645436	0,118285372853	-0,000798810448031873	-0,000640536658465862	-0,00111535796895623	-0,000640536658465862	-0,000798810448031873	-0,00111535796895623	-0,00111535796895623	-0,000640536658465862	44983,7199224537
136	0,398117201317	0,397797220328	1,53545291735	1,439135751631	0,045136645436	0,118285372853	-0,000957084237597883	-0,000798810448031873	-0,00111535796895623	-0,000640536658465862	-0,000957084237597883	-0,000798810448031873	-0,00111535796895623	-0,000640536658465862	44983,8232462384
137	0,398076253308	0,397745578076	1,535292544828	1,438947312751	0,045136645436	0,118285372853	-0,000798810448031873	-0,000957084237597883	-0,00111535796895623	-0,000640536658465862	-0,000798810448031873	-0,000957084237597883	-0,00127363170031458	-0,000640536658465862	44983,9265871875
138	0,398016454225	0,397692563994	1,535088365234	1,43874617844	0,045136645436	0,118285372853	-0,000957084237597883	-0,000957084237597883	-0,00111535796895623	-0,000640536658465862	-0,000957084237597883	-0,000798810448031873	-0,00127363170031458	-0,000640536658465862	44984,0300175926
139	0,397956084265	0,39763833873	1,534857359814	1,438541508357	0,045136645436	0,118285372853	-0,000798810448031873	-0,000957084237597883	-0,00111535796895623	-0,000640536658465862	-0,000798810448031873	-0,000798810448031873	-0,00111535796895623	-0,000640536658465862	44984,1334152662
140	0,397845430969	0,397525955186	1,534407814306	1,438123887579	0,045136645436	0,118285372853	-0,000957084237597883	-0,000798810448031873	-0,00127363170031458	-0,000640536658465862	-0,000957084237597883	-0,00111535796895623	-0,00111535796895623	-0,000482262927107513	44984,236591794
141	0,397799657619	0,397488502977	1,534256457515	1,437959556453	0,045136645436	0,118285372853	-0,000957084237597883	-0,000957084237597883	-0,00111535796895623	-0,000640536658465862	-0,000798810448031873	-0,000957084237597883	-0,00111535796895623	-0,000640536658465862	44984,3397650231
142	0,397725190655	0,397422632111	1,533968016769	1,437731841395	0,045136645436	0,118285372853	-0,000798810448031873	-0,000798810448031873	-0,00111535796895623	-0,000640536658465862	-0,00111535796895623	-0,000957084237597883	-0,00111535796895623	-0,000640536658465862	44984,4429483912
143	0,397691391028	0,397831904509	1,533836970657	1,44031416445	0,045136645436	0,118285372853	-0,000798810448031873	-0,000957084237597883	-0,00127363170031458	-0,000640536658465862	-0,000798810448031873	-0,000798810448031873	-0,00143190543167293	0,000150832115	44984,7372569792
144	0,397850620616	0,397266335857	1,5354239364	1,437051722852	0,045136645436	0,118285372853	-0,000798810448031873	-0,000798810448031873	-0,00127363170031458	-0,000640536658465862	-0,000798810448031873	-0,000957084237597883	-0,00111535796895623	-0,000640536658465862	44984,8408021296
145	0,397497922017	0,397120382255	1,533540097558	1,436507034168	0,045136645436	0,118285372853	-0,000957084237597883	-0,000957084237597883	-0,00111535796895623	-0,000640536658465862	-0,00111535796895623	-0,000957084237597883	-0,00111535796895623	-0,000640536658465862	44984,9441605324
146	0,397384463556	0,3970260957	1,533102973871	1,436149514001	0,045136645436	0,118285372853	-0,000957084237597883	-0,000957084237597883	-0,00111535796895623	-0,000640536658465862	-0,000957084237597883	-0,000798810448031873	-0,00111535796895623	-0,000640536658465862	44985,0474841782
147	0,397259438013	0,396922743802	1,532603616371	1,435770845611	0,045136645436	0,118285372853	-0,000957084237597883	-0,000798810448031873	-0,00127363170031458	-0,000640536658465862	-0,00111535796895623	-0,000957084237597883	-0,00111535796895623	-0,000640536658465862	44985,1506997917
148	0,397210169939	0,396880171342	1,532432680126	1,43561321524	0,045136645436	0,118285372853	-0,000798810448031873	-0,000957084237597883	-0,00127363170031458	-0,000640536658465862	-0,00111535796895623	-0,000798810448031873	-0,00111535796895623	-0,000640536658465862	44985,2540489699
149	0,397134739122	0,396829845181	1,532142348704	1,435425079042	0,045136645436	0,118285372853	-0,000957084237597883	-0,000798810448031873	-0,00111535796895623	-0,000640536658465862	-0,000798810448031873	-0,000798810448031873	-0,00111535796895623	-0,000640536658465862	44985,3573684491
150	0,39706496252	0,396771689658	1,531856386048	1,435190788008	0,045136645436	0,118285372853	-0,000957084237597883	-0,000798810448031873	-0,00111535796895623	-0,000482262927107513	-0,000957084237597883	-0,000640536658465862	-0,00111535796895623	-0,000640536658465862	44985,4605381134
151	0,39704528904	0,39674065853	1,531746984098	1,435091795361	0,045136645436	0,118285372853	-0,000957084237597883	-0,000957084237597883	-0,00111535796895623	-0,000482262927107513	-0,000957084237597883	-0,000798810448031873	-0,00127363170031458	-0,000482262927107513	44985,5637496528
152	0,396994001685	0,396687712266	1,531561353124	1,434900764075	0,045136645436	0,118285372853	-0,000798810448031873	-0,000798810448031873	-0,00111535796895623	-0,000640536658465862	-0,000798810448031873	-0,000798810448031873	-0,00111535796895623	-0,000640536658465862	44985,6669225116
153	0,396942700851	0,396650248401	1,531376734307	1,434745351404	0,045136645436	0,118285372853	-0,000798810448031873	-0,000957084237597883	-0,00111535796895623	-0,000640536658465862	-0,00111535796895623	-0,000798810448031873	-0,00111535796895623	-0,000640536658465862	44985,7701431829
154	0,396882274701	0,396575316221	1,531152252082	1,43445333629	0,045136645436	0,118285372853	-0,000957084237597883	-0,000798810448031873	-0,00111535796895623	-0,000640536658465862	-0,000798810448031873	-0,000957084237597883	-0,00111535796895623	-0,000482262927107513	44985,8733185185
155	0,39679348083	0,396504334642	1,530817486705	1,434178909281	0,045136645436	0,118285372853	-0,000957084237597883	-0,000798810448031873	-0,00111535796895623	-0,000640536658465862	-0,000798810448031873	-0,000957084237597883	-0,00111535796895623	-0,000640536658465862	44985,9763639468
156	0,396797070698	0,39650946146	1,530860430224	1,434199413232	0,045136645436	0,118285372853	-0,000798810448031873	-0,000957084237597883	-0,00111535796895623	-0,000640536658465862	-0,000957084237597883	-0,000798810448031873	-0,00111535796895623	-0,000640536658465862	44986,0796504977
157	0,39674700392	0,396457793141	1,530677882712	1,434007325236	0,045136645436	0,118285372853	-0,000957084237597883	-0,000798810448031873	-0,00111535796895623	-0,000640536658465862	-0,000798810448031873	-0,000957084237597883	-0,00111535796895623	-0,000482262927107513	44986,1829140856
158	0,396701796643	0,396409988957	1,530508679144	1,433809061826	0,045136645436	0,118285372853	-0,000957084237597883	-0,000957084237597883	-0,00111535796895623	-0,000640536658465862	-0,000798810448031873	-0,000798810448031873	-0,00111535796895623	-0,000640536658465862	44986,2861547338
159	0,396635855451	0,396360922725	1,530263303431	1,433619276827	0,045136645436	0,118285372853	-0,000798810448031873	-0,000640536658465862	-0,00111535796895623	-0,000640536658465862	-0,000957084237597883	-0,000798810448031873	-0,00111535796895623	-0,000482262927107513	44986,3893501042
160	0,396628393044	0,396341574919	1,530235637783	1,433548898284	0,045136645436	0,118285372853	-0,000798810448031873	-0,000957084237597883	-0,00111535796895623	-0,000640536658465862	-0,000798810448031873	-0,000798810448031873	-0,00111535796895623	-0,000482262927107513	44986,4926406597
161	0,396582337195	0,396289908085	1,53005162835	1,433342085877	0,045136645436	0,118285372853	-0,000957084237597883	-0,000798810448031873	-0,00111535796895623	-0,000640536658465862	-0,000798810448031873	-0,000798810448031873	-0,00111535796895623	-0,000482262927107513	44986,5958790509
162	0,39654513897	0,396332520386	1,529925648187	1,43332908537	0,045136645436	0,118285372853	-0,00111535796895623	-0,000957084237597883	-0,00111535796895623	-0,000640536658465862	-0,000957084237597883	-0,000640536658465862	-0,00111535796895623	-0,000640536658465862	44986,6989677083
163	0,396652632156	0,396287325916	1,530037058412	1,433252394513	0,045136645436	0,118285372853	-0,000798810448031873	-0,00111535796895623	-0,00111535796895623	-0,000640536658465862	-0,000798810448031873	-0,000798810448031873	-0,00111535796895623	-0,000482262927107513	44986,8021083912
164	0,39654881272	0,396255013243	1,529874088318	1,433117543279	0,045136645436	0,118285372853	-0,000798810448031873	-0,000957084237597883	-0,00111535796895623	-0,000640536658465862	-0,000957084237597883	-0,000798810448031873	-0,00111535796895623	-0,000482262927107513	44986,9052855208
165	0,396529707239	0,396251109689	1,5297989132	1,433080033106	0,045136645436	0,118285372853	-0,000640536658465862	-0,000798810448031873	-0,00111535796895623	-0,000482262927107513	-0,000640536658465862	-0,000957084237597883	-0,00111535796895623	-0,000482262927107513	44987,0084809375
166	0,396540764654	0,396257593289	1,529837531283	1,433090008647	0,045136645436	0,118285372853	-0,000957084237597883	-0,000798810448031873	-0,00111535796895623	-0,000640536658465862	-0,000798810448031873	-0,000957084237597883	-0,00111535796895623	-0,000640536658465862	44987,1117713542
167	0,396497689516	0,396221435552	1,52966523036	1,432955793175	0,045136645436	0,118285372853	-0,000957084237597883	-0,00111535796895623	-0,00111535796895623	-0,000640536658465862	-0,000957084237597883	-0,000798810448031873	-0,00111535796895623	-0,000482262927107513	44987,2150316667
168	0,396451143837	0,396173609965	1,529488796293	1,432759041481	0,045136645436	0,118285372853	-0,000798810448031873	-0,000957084237597883	-0,00111535796895623	-0,000482262927107513	-0,000957084237597883	-0,000640536658465862	-0,00111535796895623	-0,000482262927107513	44987,3181790741
169	0,396411403321	0,396134929401	1,529343401992	1,432614072434	0,045136645436	0,118285372853	-0,000957084237597883	-0,000798810448031873	-0,00111535796895623	-0,000640536658465862	-0,000798810448031873	-0,000798810448031873	-0,00111535796895623	-0,000640536658465862	44987,4212627083
170	0,396435348547	0,396171091587	1,529422118118	1,432731999107	0,045136645436	0,118285372853	-0,000957084237597883	-0,000798810448031873	-0,00111535796895623	-0,000640536658465862	-0,000798810448031873	-0,000957084237597883	-0,00111535796895623	-0,000640536658465862	44987,5244982986
171	0,396411843107	0,396146480694	1,529304219625	1,432626222482	0,045136645436	0,118285372853	-0,000798810448031873	-0,000957084237597883	-0,00111535796895623	-0,000482262927107513	-0,000957084237597883	-0,000798810448031873	-0,00111535796895623	-0,000482262927107513	44987,6276663426
172	0,396396782874	0,396124529958	1,529237908694	1,432550134944	0,045136645436	0,118285372853	-0,000798810448031873	-0,000798810448031873	-0,00111535796895623	-0,000482262927107513	-0,000957084237597883	-0,000798810448031873	-0,00111535796895623	-0,000482262927107513	44987,7308356713
173	0,396357741647	0,396087045954	1,529104898829	1,432398315067	0,045136645436	0,118285372853	-0,000798810448031873	-0,000957084237597883	-0,00111535796895623	-0,000640536658465862	-0,000957084237597883	-0,000957084237597883	-0,00111535796895623	-0,000482262927107513	44987,8339531597
174	0,396286272085	0,396017293576	1,528834222375	1,432100867509	0,045136645436	0,118285372853	-0,000798810448031873	-0,000798810448031873	-0,00111535796895623	-0,000482262927107513	-0,000957084237597883	-0,000798810448031873	-0,00111535796895623	-0,000640536658465862	44987,9369410532
175	0,396301438968	5,52447801429262E-9	1,528904091132	1,7624E-8	0,045136645436	0,118285372853	-0,000957084237597883	-0,000798810448031873	-0,00111535796895623	-0,000640536658465862	-0,000957084237597883	-0,000798810448031873	-0,00111535796895623	-0,000482262927107513	44988,0471403356
176	9,53688868543526E-14	0,228228109011	3,57786246746425E-13	0,801607518896	0,048188701272	0,119704909623	-0,000798810448031873	-0,000957084237597883	-0,000957084237597883	-0,000640536658465862	-0,000640536658465862	-0,000640536658465862	-0,00111535796895623	-0,000640536658465862	44988,3094384028
177	0,402075433323	0,396482344267	1,548752702298	1,433652419682	0,048188701272	0,119704909623	-0,000798810448031873	-0,000957084237597883	-0,00111535796895623	-0,000640536658465862	-0,000957084237597883	-0,000798810448031873	-0,00111535796895623	-0,000640536658465862	44988,4134473611
178	0,396721628035	0,396340225341	1,530483161533	1,433142601769	0,048188701272	0,119704909623	-0,000798810448031873	-0,000798810448031873	-0,00111535796895623	-0,000640536658465862	-0,000640536658465862	-0,000957084237597883	-0,00111535796895623	-0,000640536658465862	44988,5167734375
179	0,396607816805	0,396287314895	1,530056710531	1,432936583899	0,048188701272	0,119704909623	-0,000798810448031873	-0,000798810448031873	-0,00111535796895623	-0,000640536658465862	-0,000957084237597883	-0,000957084237597883	-0,00111535796895623	-0,000640536658465862	44988,6200633681
180	0,396531310243	0,396242103261	1,529661336961	1,432769820162	0,048188701272	0,119704909623	-0,000640536658465862	-0,000798810448031873	-0,00111535796895623	-0,000640536658465862	-0,000957084237597883	-0,000798810448031873	-0,00111535796895623	-0,000640536658465862	44988,723284456
181	0,396498846998	0,396209852471	1,529595032498	1,432634428693	0,048188701272	0,119704909623	-0,000957084237597883	-0,000957084237597883	-0,00111535796895623	-0,000640536658465862	-0,000798810448031873	-0,000798810448031873	-0,00127363170031458	-0,000640536658465862	44988,8264509838
182	0,396431074637	0,396151719199	1,529350242982	1,432412964063	0,048188701272	0,119704909623	-0,000957084237597883	-0,000957084237597883	-0,00111535796895623	-0,000640536658465862	-0,000640536658465862	-0,000798810448031873	-0,00111535796895623	-0,000482262927107513	44988,9295648958
183	0,39642769646	0,396151653712	1,529366651368	1,43241232821	0,048188701272	0,119704909623	-0,000640536658465862	-0,000957084237597883	-0,00111535796895623	-0,000640536658465862	-0,000640536658465862	-0,000798810448031873	-0,00111535796895623	-0,000640536658465862	44989,0328583681
184	0,396383497009	0,396118114171	1,529210265272	1,43227083871	0,048188701272	0,119704909623	-0,000957084237597883	-0,000957084237597883	-0,00111535796895623	-0,000640536658465862	-0,000798810448031873	-0,000957084237597883	-0,00111535796895623	-0,000640536658465862	44989,1361559259
185	0,396368200652	0,396102603164	1,529155010512	1,432203213396	0,048188701272	0,119704909623	-0,000957084237597883	-0,000798810448031873	-0,00111535796895623	-0,000482262927107513	-0,000798810448031873	-0,000640536658465862	-0,00111535796895623	-0,000482262927107513	44989,2394709722
186	0,396336706575	0,396069053025	1,529023437442	1,432075522085	0,048188701272	0,119704909623	-0,000798810448031873	-0,000957084237597883	-0,00111535796895623	-0,000640536658465862	-0,000798810448031873	-0,000798810448031873	-0,00111535796895623	-0,000482262927107513	44989,3427285185
187	0,39628565909	0,396031537239	1,52884695606	1,431925167589	0,048188701272	0,119704909623	-0,000957084237597883	-0,000798810448031873	-0,00111535796895623	-0,000640536658465862	-0,000957084237597883	-0,000957084237597883	-0,00111535796895623	-0,000482262927107513	44989,4459329282
188	0,396270378444	0,396013542399	1,528777559231	1,431824220872	0,048188701272	0,119704909623	-0,00111535796895623	-0,000798810448031873	-0,00111535796895623	-0,000482262927107513	-0,000957084237597883	-0,000957084237597883	-0,00111535796895623	-0,000482262927107513	44989,5491061921
189	0,396278862264	0,39602252636	1,528822959636	1,431858291858	0,048188701272	0,119704909623	-0,000957084237597883	-0,000798810448031873	-0,00111535796895623	-0,000640536658465862	-0,000798810448031873	-0,000798810448031873	-0,00111535796895623	-0,000640536658465862	44989,6523602546
190	0,39621087667	0,395950186305	1,528548796616	1,431571977317	0,048188701272	0,119704909623	-0,000798810448031873	-0,000957084237597883	-0,00111535796895623	-0,000482262927107513	-0,000798810448031873	-0,000957084237597883	-0,00111535796895623	-0,000640536658465862	44989,755464919
191	0,396197743209	0,395948857075	1,528527993454	1,431555750505	0,048188701272	0,119704909623	-0,000640536658465862	-0,000957084237597883	-0,00111535796895623	-0,000482262927107513	-0,000798810448031873	-0,000957084237597883	-0,00111535796895623	-0,000482262927107513	44989,858638912
192	0,396249193874	0,395992790765	1,528746585925	1,431717092545	0,048188701272	0,119704909623	-0,000957084237597883	-0,000957084237597883	-0,00111535796895623	-0,000640536658465862	-0,000957084237597883	-0,000798810448031873	-0,00111535796895623	-0,000482262927107513	44989,9620383102
193	0,396183671093	0,395921713817	1,528488596546	1,431416245582	0,048188701272	0,119704909623	-0,000798810448031873	-0,000957084237597883	-0,00111535796895623	-0,000640536658465862	-0,000798810448031873	-0,000957084237597883	-0,00127363170031458	-0,000640536658465862	44990,0652481019
194	0,396158412598	0,395912751262	1,528395954682	1,431358179132	0,048188701272	0,119704909623	-0,000798810448031873	-0,000798810448031873	-0,00111535796895623	-0,000640536658465862	-0,000957084237597883	-0,000957084237597883	-0,00111535796895623	-0,000640536658465862	44990,1684602778
195	0,396152524646	0,395889440564	1,528372499104	1,431265928467	0,048188701272	0,119704909623	-0,000798810448031873	-0,000798810448031873	-0,00111535796895623	-0,000640536658465862	-0,000798810448031873	-0,000640536658465862	-0,00111535796895623	-0,000482262927107513	44990,2716909259
196	0,396126912004	0,395871359682	1,528291528532	1,431179605669	0,048188701272	0,119704909623	-0,000798810448031873	-0,000957084237597883	-0,00111535796895623	-0,000482262927107513	-0,000957084237597883	-0,000798810448031873	-0,00111535796895623	-0,000640536658465862	44990,3749538657
197	0,396126358653	0,39588044643	1,528314040478	1,431194665055	0,048188701272	0,119704909623	-0,000798810448031873	-0,000957084237597883	-0,00127363170031458	-0,000640536658465862	-0,000798810448031873	-0,000640536658465862	-0,00111535796895623	-0,000640536658465862	44990,4782890625
198	0,396105649086	0,39586105942	1,528223648467	1,431108379556	0,048188701272	0,119704909623	-0,000798810448031873	-0,000957084237597883	-0,00111535796895623	-0,000482262927107513	-0,000798810448031873	-0,000798810448031873	-0,00111535796895623	-0,000640536658465862	44990,5815615046
199	0,396092331843	0,395845503057	1,52816555848	1,431029391257	0,048188701272	0,119704909623	-0,000798810448031873	-0,000798810448031873	-0,00111535796895623	-0,000482262927107513	-0,000798810448031873	-0,000957084237597883	-0,00111535796895623	-0,000482262927107513	44990,6848390046
200	0,396097879569	0,395837767793	1,528216513469	1,430982196084	0,048188701272	0,119704909623	-0,000798810448031873	-0,000798810448031873	-0,00111535796895623	-0,000482262927107513	-0,000798810448031873	-0,000957084237597883	-0,00127363170031458	-0,000482262927107513	44990,7882036111
201	0,396115858506	0,395854675002	1,528311412527	1,431022315857	0,048188701272	0,119704909623	-0,000640536658465862	-0,000957084237597883	-0,00111535796895623	-0,000482262927107513	-0,000798810448031873	-0,000640536658465862	-0,00111535796895623	-0,000640536658465862	44990,8916544907
202	0,396057803515	0,395805529932	1,52806997543	1,430807024473	0,048188701272	0,119704909623	-0,000957084237597883	-0,000798810448031873	-0,00111535796895623	-0,000482262927107513	-0,000798810448031873	-0,000798810448031873	-0,00111535796895623	-0,000482262927107513	44990,9949475116
203	0,396017546762	0,395782220715	1,527923476469	1,430692176541	0,048188701272	0,119704909623	-0,000957084237597883	-0,000957084237597883	-0,00111535796895623	-0,000482262927107513	-0,000957084237597883	-0,000798810448031873	-0,00111535796895623	-0,000640536658465862	44991,0981178704
204	0,396028556263	0,395780924334	1,52797494651	1,430667198781	0,048188701272	0,119704909623	-0,000957084237597883	-0,000957084237597883	-0,00111535796895623	-0,000640536658465862	-0,000640536658465862	-0,000957084237597883	-0,00111535796895623	-0,000640536658465862	44991,2013481713
205	0,396010932815	0,395771923842	1,527930040032	1,430625403317	0,048188701272	0,119704909623	-0,000798810448031873	-0,000957084237597883	-0,00111535796895623	-0,000640536658465862	-0,000640536658465862	-0,000957084237597883	-0,00111535796895623	-0,000640536658465862	44991,3045918171
206	0,395996268433	0,395764199599	1,527876193759	1,430584576879	0,048188701272	0,119704909623	-0,000957084237597883	-0,000957084237597883	-0,00111535796895623	-0,000640536658465862	-0,000798810448031873	-0,000798810448031873	-0,00111535796895623	-0,000482262927107513	44991,4078122454
207	0,39599956506	0,395757713242	1,527900955498	1,430569842147	0,048188701272	0,119704909623	-0,000957084237597883	-0,000798810448031873	-0,00111535796895623	-0,000640536658465862	-0,000798810448031873	-0,000640536658465862	-0,00111535796895623	-0,000640536658465862	44991,5111512731
208	0,395974586168	0,395724148903	1,527795367638	1,430415666907	0,048188701272	0,119704909623	-0,000798810448031873	-0,000957084237597883	-0,00111535796895623	-0,000482262927107513	-0,000640536658465862	-0,000798810448031873	-0,00111535796895623	-0,000640536658465862	44991,6143943403
209	0,39596078847	0,395717612108	1,527747872572	1,430355294817	0,048188701272	0,119704909623	-0,000798810448031873	-0,000957084237597883	-0,00111535796895623	-0,000482262927107513	-0,000798810448031873	-0,000798810448031873	-0,00111535796895623	-0,000482262927107513	44991,7176405324
210	0,395950693554	0,395718963593	1,52772944261	1,430344575943	0,048188701272	0,119704909623	-0,000957084237597883	-0,000640536658465862	-0,00111535796895623	-0,000640536658465862	-0,000798810448031873	-0,000957084237597883	-0,00111535796895623	-0,000640536658465862	44991,8209810069
211	0,395930567103	0,395688032072	1,527669757743	1,430201829525	0,048188701272	0,119704909623	-0,000640536658465862	-0,000957084237597883	-0,00111535796895623	-0,000482262927107513	-0,000798810448031873	-0,000957084237597883	-0,00127363170031458	-0,000640536658465862	44991,9242326968
212	0,395917306575	0,395673703003	1,527621350505	1,430138737314	0,048188701272	0,119704909623	-0,000957084237597883	-0,00111535796895623	-0,00111535796895623	-0,000640536658465862	-0,000482262927107513	-0,000798810448031873	-0,00143190543167293	-0,000482262927107513	44992,0274901042
213	0,395872462273	0,395623384044	1,527463027827	1,429930709567	0,048188701272	0,119704909623	-0,000798810448031873	-0,000957084237597883	-0,00111535796895623	-0,000482262927107513	-0,000798810448031873	-0,000957084237597883	-0,00111535796895623	-0,000482262927107513	44992,1306890278
214	0,39588293759	0,39564915717	1,527530470303	1,43001907376	0,048188701272	0,119704909623	-0,000798810448031873	-0,000798810448031873	-0,00111535796895623	-0,000640536658465862	-0,000798810448031873	-0,000798810448031873	-0,00111535796895623	-0,000482262927107513	44992,2340233681
215	0,395873360216	0,395645309141	1,527505501627	1,429995888802	0,048188701272	0,119704909623	-0,000957084237597883	-0,000798810448031873	-0,00111535796895623	-0,000640536658465862	-0,000957084237597883	-0,000798810448031873	-0,00111535796895623	-0,000482262927107513	44992,3373731597
216	0,395906418465	0,395678901879	1,527653981322	1,430124827271	0,048188701272	0,119704909623	-0,000957084237597883	-0,000798810448031873	-0,00111535796895623	-0,000640536658465862	-0,000798810448031873	-0,000640536658465862	-0,00111535796895623	-0,000640536658465862	44992,4408552894
217	0,395856917596	0,395618227558	1,527420155733	1,429890795259	0,048188701272	0,119704909623	-0,000957084237597883	-0,000957084237597883	-0,00111535796895623	-0,000640536658465862	-0,000798810448031873	-0,00111535796895623	-0,00111535796895623	-0,000640536658465862	44992,544121713
218	0,395837962628	0,395596268975	1,527339260021	1,429770492508	0,048188701272	0,119704909623	-0,000957084237597883	-0,000798810448031873	-0,00111535796895623	-0,000640536658465862	-0,000957084237597883	-0,000957084237597883	-0,00111535796895623	-0,000640536658465862	44992,6472926505
219	0,395865458783	0,395607880243	1,527481463676	1,429779258184	0,048188701272	0,119704909623	-0,000957084237597883	-0,000640536658465862	-0,00111535796895623	-0,000640536658465862	-0,000957084237597883	-0,000798810448031873	-0,00111535796895623	-0,000640536658465862	44992,7506543634
220	0,395815768159	0,395564012888	1,527284902078	1,429604307213	0,048188701272	0,119704909623	-0,000957084237597883	-0,000957084237597883	-0,00111535796895623	-0,000482262927107513	-0,000798810448031873	-0,000957084237597883	-0,00111535796895623	-0,000640536658465862	44992,8538908449
221	0,395839078222	0,395588513153	1,527394915543	1,429682827095	0,048188701272	0,119704909623	-0,000957084237597883	-0,000957084237597883	-0,00111535796895623	-0,000482262927107513	-0,000798810448031873	-0,000957084237597883	-0,00111535796895623	-0,000482262927107513	44992,9572875116
222	0,395810602902	0,395566592086	1,527289310971	1,429581943262	0,048188701272	0,119704909623	-0,000957084237597883	-0,000957084237597883	-0,00111535796895623	-0,000640536658465862	-0,000798810448031873	-0,000640536658465862	-0,00111535796895623	-0,000482262927107513	44993,0605777315
223	0,395768365564	0,395522657547	1,527114615038	1,429387426133	0,048188701272	0,119704909623	-0,000798810448031873	-0,000798810448031873	-0,00111535796895623	-0,000482262927107513	-0,000957084237597883	-0,000957084237597883	-0,00111535796895623	-0,000482262927107513	44993,1637498148
224	0,395769353744	0,395533008251	1,527139293824	1,429421900469	0,048188701272	0,119704909623	-0,000957084237597883	-0,000798810448031873	-0,00111535796895623	-0,000640536658465862	-0,000798810448031873	-0,000798810448031873	-0,00111535796895623	-0,000482262927107513	44993,2669680671
225	0,395781940947	0,395538082511	1,527185669229	1,429445505907	0,048188701272	0,119704909623	-0,000957084237597883	-0,000798810448031873	-0,00111535796895623	-0,000640536658465862	-0,000957084237597883	-0,000957084237597883	-0,00111535796895623	-0,000640536658465862	44993,3703080556
226	0,395692556391	5,10069682866662E-9	1,526841453715	1,6262E-8	0,048188701272	0,119704909623	-0,000798810448031873	-0,000798810448031873	-0,00111535796895623	-0,000482262927107513	-0,000957084237597883	-0,000957084237597883	-0,00111535796895623	-0,000640536658465862	44993,4805240046
227	5,72213321126116E-14	0,228346370877	2,14697748263187E-13	0,801806120423	0,048059787601	0,124199524522	-0,000798810448031873	-0,000640536658465862	-0,000957084237597883	-0,000640536658465862	-0,000957084237597883	-0,000798810448031873	-0,00111535796895623	-0,000640536658465862	44993,7427499306
228	0,401397762013	0,3958003656	1,546449702813	1,430262922181	0,048059787601	0,124199524522	-0,000957084237597883	-0,000798810448031873	-0,00111535796895623	-0,000640536658465862	-0,000798810448031873	-0,00111535796895623	-0,00111535796895623	-0,000640536658465862	44993,8467988542
229	0,396037091868	0,395703455764	1,528166278588	1,42991170833	0,048059787601	0,124199524522	-0,000798810448031873	-0,000640536658465862	-0,00127363170031458	-0,000640536658465862	-0,000798810448031873	-0,000798810448031873	-0,00111535796895623	-0,000640536658465862	44993,9501790972
230	0,395948385609	0,39566473854	1,527853439146	1,429762241098	0,048059787601	0,124199524522	-0,000957084237597883	-0,000798810448031873	-0,00111535796895623	-0,000640536658465862	-0,000798810448031873	-0,000798810448031873	-0,00111535796895623	-0,000640536658465862	44994,0536004051
231	0,395889476961	0,395631185009	1,527620256445	1,429607179944	0,048059787601	0,124199524522	-0,00111535796895623	-0,000957084237597883	-0,00111535796895623	-0,000482262927107513	-0,00111535796895623	-0,000798810448031873	-0,00111535796895623	-0,000482262927107513	44994,1569595833
232	0,395880372879	0,395637563069	1,527589690243	1,429608717767	0,048059787601	0,124199524522	-0,000957084237597883	-0,000957084237597883	-0,00111535796895623	-0,000482262927107513	-0,000798810448031873	-0,000957084237597883	-0,00111535796895623	-0,000640536658465862	44994,2603314005
233	0,395827534091	0,395576872854	1,527359830361	1,429354212779	0,048059787601	0,124199524522	-0,000957084237597883	-0,000798810448031873	-0,00111535796895623	-0,000482262927107513	-0,000798810448031873	-0,000798810448031873	-0,00111535796895623	-0,000640536658465862	44994,3635151273
234	0,395831490577	0,395600199023	1,527397492983	1,429461526148	0,048059787601	0,124199524522	-0,000957084237597883	-0,000798810448031873	-0,00111535796895623	-0,000640536658465862	-0,000640536658465862	-0,000798810448031873	-0,00111535796895623	-0,000640536658465862	44994,4668230787
235	0,395854388462	0,192886410595	1,527479144619	0,73790586371	0,048059787601	0,124199524522	-0,000957084237597883	-0,000798810448031873	-0,00111535796895623	-0,000482262927107513	-0,000798810448031873	-0,000798810448031873	-0,00111535796895623	-0,000640536658465862	44994,5520717361
