TesterID:	Maccor#2						
Channel Number:	33						
TestName:	KAI_Zelltest_regulaer_fix_no_degass_flag.000						
TestDesc:	Regular cycling: formation, followed by pulse, C-rate quick charge and cycling t						
StartDateTime:	44986,6985119676						
Comment:							
							
							
Cycle	AH-IN	AH-OUT	WH-IN	WH-OUT	ACR	DCIR	Date
0		3,8365E-8		7,71308528669992E-9	0	0	44988,6986470139
1	0,414010703562	0,347362888151	1,542875177922	1,273138759219	0	0	44989,0467892477
2	0,349881375982	0,347038421829	1,317038304367	1,272312800225	0	0	44989,3729336806
3	0,360671001104	6,3797E-8	1,361718428296	2,07634E-7	0	0	44989,7689220139
4	6,86655985351339E-13	7,248E-8	2,5831524382904E-12	2,38841E-7	0,058519821614	0,158127963543	44990,0158565278
5	0,350919785451	0,348549271695	1,332834650163	1,278741373058	0,058519821614	0,158127963543	44990,2247193287
6	0,349321566754	0,347221428025	1,326563262374	1,274061836359	0,058519821614	0,158127963543	44990,4394745139
7	0,347913587567	0,346007594244	1,321073921137	1,269751556318	0,058519821614	0,158127963543	44990,6531993171
8	0,34667283035	0,318894860085	1,316278558689	1,146907563414	0,058519821614	0,158127963543	44990,8020489468
9	0,31928823315	0,314144238295	1,220424324088	1,129660558284	0,058519821614	0,158127963543	44990,9428782407
10	0,314615381978	0,310412686253	1,203839511647	1,11609124844	0,058519821614	0,158127963543	44991,0824170139
11	0,310820060703	0,173818275575	1,190301207043	0,617940664079	0,058519821614	0,158127963543	44991,2009539583
12	0,174200668802	0,164985775992	0,690839347185	0,588056160745	0,058519821614	0,158127963543	44991,2808325231
13	0,165363110463	0,15755088731	0,657616624241	0,562023000126	0,058519821614	0,158127963543	44991,3580290972
14	0,157854623813	0,337523909821	0,629280271528	1,238653810168	0,058519821614	0,158127963543	44991,5168311458
15	0,337879448836	0,337709253946	1,283701871784	1,239633984508	0,058519821614	0,158127963543	44991,7255029398
16	0,338167545226	7,5235E-8	1,284376311208	2,44063E-7	0,058519821614	0,158127963543	44991,9408007292
17	0,290649292699	0,288840709819	1,113340347163	1,043052426443	0,058519821614	0,158127963543	44992,0515869792
18	0,287608764112	0,284238965251	1,101677615939	1,026083707308	0,058519821614	0,158127963543	44992,1677443518
19	0,283844929491	0,280176782024	1,087716119466	1,011441131015	0,058519821614	0,158127963543	44992,2824703009
20	0,255031282065	0,228820550259	1,001090286378	0,821374881619	0,058519821614	0,158127963543	44992,3693663079
21	0,228200517587	0,207620249303	0,897464157973	0,746237972941	0,058519821614	0,158127963543	44992,4493575116
22	0,20665789197	6,7823E-8	0,814418774085	2,09553E-7	0,058519821614	0,158127963543	44992,5311140972
23	3,30612141095089E-13	0,138703970486	1,2454840463678E-12	0,487054447526	0,066232360899	0,159113168716	44992,7216178125
24	0,271041950047	0,260656094938	1,06060136518	0,939431984945	0,066232360899	0,159113168716	44992,799969213
25	0,261200404183	0,259474294927	1,026239078275	0,934927081726	0,066232360899	0,159113168716	44992,8769878588
26	0,259933508747	0,257752546799	1,0218769595	0,9284492499	0,066232360899	0,159113168716	44992,9540260185
27	0,258118737232	0,2558680025	1,015476818071	0,921545541855	0,066232360899	0,159113168716	44993,030875
28	0,256205348783	0,253732955712	1,008763117276	0,913624616581	0,066232360899	0,159113168716	44993,1076709375
29	0,254058720094	0,251781289517	1,001139861508	0,906577715247	0,066232360899	0,159113168716	44993,1842450926
30	0,252072790825	0,249748246111	0,994031739869	0,899267410638	0,066232360899	0,159113168716	44993,260582419
31	0,250063180518	0,247954116813	0,986771999492	0,892862333198	0,066232360899	0,159113168716	44993,3366935648
32	0,248230758051	0,246167811158	0,980119759827	0,886431811402	0,066232360899	0,159113168716	44993,4127126273
33	0,246360484069	0,244425409943	0,973282198166	0,880207180143	0,066232360899	0,159113168716	44993,4884000231
34	0,244715748056	0,242881914954	0,967256113088	0,874638202236	0,066232360899	0,159113168716	44993,563884919
35	0,243150496865	0,241333202014	0,961461577317	0,869067920699	0,066232360899	0,159113168716	44993,6391892708
36	0,241578397125	0,239989939088	0,955615672013	0,86423156644	0,066232360899	0,159113168716	44993,7142267593
37	0,240218652886	0,238660752399	0,950581236771	0,859520584559	0,066232360899	0,159113168716	44993,7890470833
38	0,238929026113	0,237676620726	0,945737494167	0,856004978959	0,066232360899	0,159113168716	44993,8637250463
39	0,237897026934	0,23661488209	0,941893157398	0,852197721081	0,066232360899	0,159113168716	44993,938167037
40	0,236835565969	0,235598305497	0,937917636408	0,848568486613	0,066232360899	0,159113168716	44994,0124507292
41	0,235798808731	0,234818208987	0,934011468811	0,845893901856	0,066232360899	0,159113168716	44994,0864798958
42	0,235041512327	0,23419563263	0,931076898051	0,843735934886	0,066232360899	0,159113168716	44994,1603472107
43	0,234408408545	0,233542061599	0,92866365852	0,841402811161	0,066232360899	0,159113168716	44994,2340784954
44	0,233738377642	0,232867810775	0,926127758118	0,839013724442	0,066232360899	0,159113168716	44994,3076389699
45	0,233036908368	0,232254267337	0,923460939374	0,836822956417	0,066232360899	0,159113168716	44994,3810179167
46	0,23246879382	0,231675634417	0,921298893005	0,834768443455	0,066232360899	0,159113168716	44994,454326088
47	0,23189664472	0,231093093073	0,919119061224	0,832678304337	0,066232360899	0,159113168716	44994,5275421991
48	0,231253507856	0,23050149147	0,916688485114	0,830552281676	0,066232360899	0,159113168716	44994,6005760301
49	0,230704089089	0,229959093857	0,914625595893	0,828613772387	0,066232360899	0,159113168716	44994,6735447222
50	0,230144888512	0,229380373624	0,912495943642	0,826528386355	0,066232360899	0,159113168716	44994,7463924769
51	0,22957484096	0,228830164451	0,910338095633	0,824558199596	0,066232360899	0,159113168716	44994,8191274884
52	0,228985087646	0,228356113901	0,908085545461	0,822906573601	0,066232360899	0,159113168716	44994,8916492361
53	0,228562833562	0,227927315254	0,906465008332	0,821428069015	0,066232360899	0,159113168716	44994,9641942014
54	0,228097990732	0,227530739635	0,904666633702	0,820038151915	0,066232360899	0,159113168716	44995,0365625694
55	0,227703414313	0,22714327259	0,903139011386	0,818672265523	0,066232360899	0,159113168716	44995,1088861343
56	0,227315274939	0,22682427066	0,901632658532	0,817581841807	0,066232360899	0,159113168716	44995,1810718982
57	0,227006026391	0,226484511584	0,900438059196	0,81639067974	0,066232360899	0,159113168716	44995,2532360532
58	0,226641305006	0,226171977146	0,899020074909	0,815287963705	0,066232360899	0,159113168716	44995,3252454167
59	0,226302421416	0,225870997814	0,897688681875	0,814273172107	0,066232360899	0,159113168716	44995,3970984144
60	0,22608391321	0,225632059334	0,896835510098	0,813446082888	0,066232360899	0,159113168716	44995,469065706
61	0,225800335744	0,225354360184	0,895730519824	0,812452831574	0,066232360899	0,159113168716	44995,5408974074
62	0,225515869997	0,225035299334	0,894598228596	0,811331643686	0,066232360899	0,159113168716	44995,6126517477
63	0,225184690862	0,22472789977	0,893330960686	0,810232396388	0,066232360899	0,159113168716	44995,6843210532
64	0,224886364976	0,224459240954	0,89217349892	0,809289201173	0,066232360899	0,159113168716	44995,7558861343
65	0,224622962848	0,224206099292	0,891163951737	0,808402104773	0,066232360899	0,159113168716	44995,827396713
66	0,224328843358	0,223934851529	0,890013795621	0,807436194731	0,066232360899	0,159113168716	44995,8987699306
67	0,224088232895	0,22371396532	0,889081281962	0,806651828361	0,066232360899	0,159113168716	44995,9701222106
68	0,223860395437	0,223402710731	0,888214058793	0,805535439277	0,066232360899	0,159113168716	44996,0413951273
69	0,223531781333	0,223117246646	0,886941221371	0,804491375283	0,066232360899	0,159113168716	44996,1125666319
70	0,223277601296	0,22283304906	0,885967163393	0,803492023679	0,066232360899	0,159113168716	44996,1837099306
71	0,222958342751	0,222564469931	0,884735304086	0,80254799812	0,066232360899	0,159113168716	44996,2547165972
72	0,222724212221	0,22231645212	0,883853766982	0,801675638171	0,066232360899	0,159113168716	44996,3257766551
73	0,222457783757	8,9016E-8	0,882825844855	3,10932E-7	0,066232360899	0,159113168716	44996,4038271991
74	2,54317031611607E-14	0,119376500827	9,59922129122242E-14	0,418891781933	0,069769956172	0,161576956511	44996,5748135069
75	0,245633593888	0,225836090046	0,966159941215	0,815038959539	0,069769956172	0,161576956511	44996,6488394444
76	0,225970738163	0,225544256379	0,895246026171	0,813880767023	0,069769956172	0,161576956511	44996,7197374884
77	0,225727079817	0,22496682723	0,894397556321	0,811571112947	0,069769956172	0,161576956511	44996,7907868171
78	0,225089736519	0,224348206774	0,892079978333	0,809236383997	0,069769956172	0,161576956511	44996,8616734491
79	0,22446438852	0,223699743274	0,889783403476	0,806794535103	0,069769956172	0,161576956511	44996,9324464352
80	0,223850285065	0,223073327154	0,887541561703	0,804453268762	0,069769956172	0,161576956511	44997,0032058912
81	0,223170905806	0,222417179254	0,885026216741	0,802027724975	0,069769956172	0,161576956511	44997,0738090162
82	0,222543272262	0,221855333381	0,882709311971	0,799977509155	0,069769956172	0,161576956511	44997,1443565509
83	0,221994168648	0,221387731252	0,88068555088	0,798268113145	0,069769956172	0,161576956511	44997,2148620023
84	0,221499107898	0,220944740019	0,878838744931	0,796668160681	0,069769956172	0,161576956511	44997,2851980556
85	0,221061105104	0,220492660556	0,877192676574	0,795019002094	0,069769956172	0,161576956511	44997,3555325579
86	0,220648371287	0,220167184772	0,875651642007	0,793882867929	0,069769956172	0,161576956511	44997,4258506134
87	0,22031416673	0,219832586212	0,8744164296	0,792667601061	0,069769956172	0,161576956511	44997,496149294
88	0,2199348869	0,219481290257	0,87295890342	0,791369942534	0,069769956172	0,161576956511	44997,5663377778
89	0,219630121569	0,219177701845	0,871809433519	0,790286768346	0,069769956172	0,161576956511	44997,6364469792
90	0,219276921115	0,218880683287	0,870460628542	0,78921674408	0,069769956172	0,161576956511	44997,7063877662
91	0,219030022132	0,218593948255	0,86956175093	0,7881759261	0,069769956172	0,161576956511	44997,7764009491
92	0,21872500043	0,218348482304	0,868399144876	0,787296562972	0,069769956172	0,161576956511	44997,8463563194
93	0,218454709602	0,218110808203	0,867343593095	0,786460535723	0,069769956172	0,161576956511	44997,9161491782
94	0,218249089216	0,217924843325	0,866566029092	0,785816279631	0,069769956172	0,161576956511	44997,9858960301
95	0,218056939539	0,217725910186	0,865822794303	0,785098036161	0,069769956172	0,161576956511	44998,0556608912
96	0,217839017122	0,217474082496	0,864991052673	0,784166197518	0,069769956172	0,161576956511	44998,1253290509
97	0,217603059197	0,217275188774	0,864083471889	0,783451098851	0,069769956172	0,161576956511	44998,1949927662
98	0,217391053464	0,217071065236	0,863283092894	0,78272670639	0,069769956172	0,161576956511	44998,2645903241
99	0,217186505209	0,216863129487	0,862494505701	0,781967378804	0,069769956172	0,161576956511	44998,334105463
100	0,216996842311	0,216677089371	0,861775262675	0,78130254781	0,069769956172	0,161576956511	44998,4036763194
101	0,216778930817	0,216510508328	0,860925658098	0,780721898115	0,069769956172	0,161576956511	44998,473112581
102	0,216650326256	0,216386490625	0,860429941205	0,780289580585	0,069769956172	0,161576956511	44998,5425316319
103	0,216532369837	0,216278022716	0,85994814828	0,779909203936	0,069769956172	0,161576956511	44998,6119074884
104	0,21636990315	0,216138520712	0,859282733665	0,779463496386	0,069769956172	0,161576956511	44998,6811955093
105	0,216253482029	0,21597448114	0,858835090717	0,778854837596	0,069769956172	0,161576956511	44998,7504718866
106	0,216117469458	0,215858209726	0,858327254854	0,778406483682	0,069769956172	0,161576956511	44998,8197553357
107	0,215973829121	0,215699374116	0,857765195156	0,777846122735	0,069769956172	0,161576956511	44998,8890696412
108	0,215793060876	0,215550823725	0,857063645737	0,777305086045	0,069769956172	0,161576956511	44998,9582315972
109	0,215667116728	0,215408770073	0,856574272946	0,776792833006	0,069769956172	0,161576956511	44999,0273715856
110	0,215531574014	0,215261474523	0,856055687738	0,776264559973	0,069769956172	0,161576956511	44999,0965263889
111	0,215357994619	0,215169760596	0,855381223838	0,776012953938	0,069769956172	0,161576956511	44999,1655522338
112	0,215322257514	0,215134929759	0,855221337699	0,775872936848	0,069769956172	0,161576956511	44999,2346918981
113	0,215224342489	0,215018702426	0,854809958625	0,775444180998	0,069769956172	0,161576956511	44999,3036756481
114	0,215118035036	0,214879199573	0,854392179996	0,774920792862	0,069769956172	0,161576956511	44999,3726688426
115	0,215006200519	0,214801620588	0,853973948445	0,774666939413	0,069769956172	0,161576956511	44999,4416454514
116	0,214900310432	0,21465958177	0,853553562389	0,774116496215	0,069769956172	0,161576956511	44999,5105254514
117	0,214774901626	0,214501964976	0,853057683387	0,773548069509	0,069769956172	0,161576956511	44999,5793979051
118	0,214576302867	0,214318622106	0,852297381054	0,772877958936	0,069769956172	0,161576956511	44999,6481240394
119	0,214449428611	0,214154549473	0,851841895112	0,772249172201	0,069769956172	0,161576956511	44999,7169498611
120	0,214235146658	0,213938850696	0,851026710336	0,771426316266	0,069769956172	0,161576956511	44999,7856933449
121	0,214052771289	0,213800623667	0,850334279205	0,770929464063	0,069769956172	0,161576956511	44999,8543637616
122	0,213902243362	0,213624981304	0,849776855296	0,770267606517	0,069769956172	0,161576956511	44999,9230276736
123	0,21374410066	0,213476458888	0,849174097888	0,769694065101	0,069769956172	0,161576956511	44999,9917501505
124	0,213560266838	1,278E-7	0,848472836758	4,45653E-7	0,069769956172	0,161576956511	45000,0673682523
125	7,62951094834821E-14	0,110840776361	2,88097908397737E-13	0,388977763968	0,073992691934	0,167077898979	45000,2340393634
126	0,234539059056	0,216558279449	0,924103464747	0,781430380434	0,073992691934	0,167077898979	45000,3055349421
127	0,21661393932	0,216467876101	0,859421415116	0,781009588375	0,073992691934	0,167077898979	45000,3743969213
128	0,216567093505	0,216241798645	0,859235499425	0,779993921168	0,073992691934	0,167077898979	45000,443146412
129	0,216360353095	0,215844037698	0,858524828076	0,778446445198	0,073992691934	0,167077898979	45000,5119066782
130	0,215933212591	0,21542938395	0,856946566293	0,776838378846	0,073992691934	0,167077898979	45000,5805641204
131	0,215532848012	0,215039344279	0,855471049449	0,775318136386	0,073992691934	0,167077898979	45000,6491416204
132	0,215137489301	0,214641489019	0,854037151844	0,773805185214	0,073992691934	0,167077898979	45000,7176487037
133	0,214733343694	0,214197147787	0,852557810073	0,77211837271	0,073992691934	0,167077898979	45000,7861189005
134	0,21429840522	0,213792899635	0,850964273653	0,770586304306	0,073992691934	0,167077898979	45000,8545334375
135	0,213902335978	0,21339245119	0,849519260122	0,769113272161	0,073992691934	0,167077898979	45000,9229410995
136	0,213486617061	0,213046367038	0,847987612517	0,767830812779	0,073992691934	0,167077898979	45000,9913404861
137	0,213140016617	0,212682131431	0,846713642444	0,76654533917	0,073992691934	0,167077898979	45001,059633588
138	0,212784219109	0,212387582929	0,845379506038	0,76548970892	0,073992691934	0,167077898979	45001,1279116204
139	0,212472979206	0,212177065013	0,844203296008	0,764698932474	0,073992691934	0,167077898979	45001,1960971991
140	0,212285958002	0,211960035947	0,843523788163	0,763897663692	0,073992691934	0,167077898979	45001,264301412
141	0,212035582065	0,211695285135	0,842572413461	0,762977159657	0,073992691934	0,167077898979	45001,3324026042
142	0,211774293989	0,211519610559	0,841581674029	0,762282814207	0,073992691934	0,167077898979	45001,4004051736
143	0,211651282586	0,21135297632	0,841131468345	0,761678854398	0,073992691934	0,167077898979	45001,4684772454
144	0,21143821115	0,211134741788	0,840321128018	0,760927290503	0,073992691934	0,167077898979	45001,536408588
145	0,21125515006	0,210961599362	0,839630586695	0,760317998962	0,073992691934	0,167077898979	45001,6043852893
146	0,211051851681	0,210806653958	0,838844720235	0,759809823723	0,073992691934	0,167077898979	45001,67229875
147	0,210899848251	0,210692955806	0,838262187458	0,759384422563	0,073992691934	0,167077898979	45001,740154213
148	0,210788929734	0,210578007688	0,837836735786	0,758966275941	0,073992691934	0,167077898979	45001,8079445949
149	0,210684514051	0,210477247704	0,837427343262	0,75858901231	0,073992691934	0,167077898979	45001,8757806713
150	0,210551155127	0,210379079634	0,83690385704	0,758262743607	0,073992691934	0,167077898979	45001,9435184722
151	0,210475653597	0,210271882251	0,836611833192	0,757854148605	0,073992691934	0,167077898979	45002,0112269444
152	0,210383526334	0,210159486203	0,836260666825	0,757440614013	0,073992691934	0,167077898979	45002,0789562616
153	0,210244750936	0,21005357185	0,83573358242	0,757044356265	0,073992691934	0,167077898979	45002,1467132986
154	0,210168015412	0,209974810289	0,835446781859	0,756779543282	0,073992691934	0,167077898979	45002,2144717824
155	0,210022870083	0,209841834908	0,834864973943	0,756256621823	0,073992691934	0,167077898979	45002,2820572222
156	0,209933558695	0,209735875624	0,834524801328	0,755884749967	0,073992691934	0,167077898979	45002,3496250231
157	0,209840847003	0,209666147193	0,834176778298	0,755623000709	0,073992691934	0,167077898979	45002,4172377662
158	0,209777007567	0,209584710005	0,833920744189	0,75530505766	0,073992691934	0,167077898979	45002,4848608333
159	0,209692257012	0,209483984989	0,83360003756	0,754921401354	0,073992691934	0,167077898979	45002,5524905903
160	0,209562489721	0,20942712945	0,833093829481	0,754674425798	0,073992691934	0,167077898979	45002,6200180208
161	0,217773109272	0,222715512418	0,863053009542	0,809239790552	0,073992691934	0,167077898979	45005,621566794
162	0,22295388821	0,223119823725	0,878624772688	0,809932555837	0,073992691934	0,167077898979	45005,6892277893
163	0,223172295614	0,222973859737	0,879795173466	0,808584545052	0,073992691934	0,167077898979	45005,7570536458
164	0,223041415723	0,222873144472	0,879535699696	0,807555917964	0,073992691934	0,167077898979	45005,8249155903
165	0,222953876019	0,222762027638	0,879397995344	0,806615972612	0,073992691934	0,167077898979	45005,8928451042
166	0,222824191018	0,222485592868	0,879072765491	0,805131783806	0,073992691934	0,167077898979	45005,9608031944
167	0,222577207718	0,222184660583	0,8783170064	0,803626494543	0,073992691934	0,167077898979	45006,0287679514
168	0,222257420624	0,221795898854	0,877287396678	0,801843455134	0,073992691934	0,167077898979	45006,0967164352
169	0,221849790159	0,221311526638	0,875937625304	0,799729556883	0,073992691934	0,167077898979	45006,1644823032
170	0,221438904727	0,220754797624	0,874625905145	0,797415558116	0,073992691934	0,167077898979	45006,2324520949
171	0,220842466954	0,220173606914	0,872557573435	0,795181845211	0,073992691934	0,167077898979	45006,3002862963
172	0,22027479628	0,219570421169	0,870609740502	0,792842529438	0,073992691934	0,167077898979	45006,3681641667
173	0,219671911123	0,218958136388	0,868531812115	0,790435274822	0,073992691934	0,167077898979	45006,4359991435
174	0,219033869648	0,218378173817	0,866320215137	0,788173607933	0,073992691934	0,167077898979	45006,5037907292
175	0,218477721683	7,6513E-8	0,864421620009	2,58404E-7	0,073992691934	0,167077898979	45006,5785419097
176	1,64670277968516E-12	0,104857932432	6,21451519958715E-12	0,368268778815	0,070189587772	0,16535487771	45006,7454759491
177	0,228188034339	0,218580995462	0,89870042593	0,789299762305	0,070189587772	0,16535487771	45006,814356169
178	0,218664876498	0,218171564966	0,865173231645	0,787439117438	0,070189587772	0,16535487771	45006,8822166898
179	0,218195899491	0,217521860823	0,863524794516	0,784704874958	0,070189587772	0,16535487771	45006,9498489931
180	0,217647431581	0,216918669994	0,861645700278	0,782286531927	0,070189587772	0,16535487771	45007,0175681713
181	0,216984912907	0,2162159967	0,859307964234	0,779588145274	0,070189587772	0,16535487771	45007,0851525116
182	0,216354598005	0,215648981622	0,857123871934	0,777375430611	0,070189587772	0,16535487771	45007,152955463
183	0,215692286702	0,214929593765	0,854742277831	0,774642769732	0,070189587772	0,16535487771	45007,2204818287
184	0,215040998953	0,214349616994	0,852425701448	0,772463371477	0,070189587772	0,16535487771	45007,2879679282
185	0,214441619132	0,213777394139	0,850302362165	0,770325963326	0,070189587772	0,16535487771	45007,3554523495
186	0,213845499924	0,213165160431	0,848154745936	0,768013560076	0,070189587772	0,16535487771	45007,4228486921
187	0,213286666882	0,212729876062	0,846119009906	0,766421131292	0,070189587772	0,16535487771	45007,490173287
188	0,212821948258	0,212201597706	0,844505422603	0,764470648167	0,070189587772	0,16535487771	45007,5575129745
189	0,212272150411	0,211728864732	0,842488973662	0,762825943392	0,070189587772	0,16535487771	45007,6247093056
190	0,211869355461	0,211324624208	0,841041737395	0,761326366043	0,070189587772	0,16535487771	45007,6920313194
191	0,211377235343	0,210942293521	0,839234248216	0,759871083162	0,070189587772	0,16535487771	45007,7591725116
192	0,211027024478	0,210519859796	0,837987468778	0,758279673723	0,070189587772	0,16535487771	45007,8262916435
193	0,210620202779	0,21015696232	0,836514969775	0,756929542328	0,070189587772	0,16535487771	45007,8933510764
194	0,210228919179	0,209783676205	0,835077524788	0,755568794685	0,070189587772	0,16535487771	45007,9603229977
195	0,209889483089	0,209493063259	0,833839874886	0,754461936974	0,070189587772	0,16535487771	45008,0273610069
196	0,209583261718	0,209168838929	0,832736959231	0,753242459582	0,070189587772	0,16535487771	45008,0943288426
197	0,209232509687	0,208805904575	0,831440126167	0,751957951474	0,070189587772	0,16535487771	45008,1611578819
198	0,208896567189	0,208523036433	0,830195878193	0,750930797373	0,070189587772	0,16535487771	45008,227999213
199	0,208619276231	0,208277590191	0,82917569284	0,750036908827	0,070189587772	0,16535487771	45008,2947794444
200	0,208351231115	0,208017962173	0,828189749631	0,749031153701	0,070189587772	0,16535487771	45008,3615631713
201	0,208091906529	0,207773831175	0,827236827134	0,748148655675	0,070189587772	0,16535487771	45008,4282872569
202	0,207873098762	0,20759561682	0,826426800743	0,747454215385	0,070189587772	0,16535487771	45008,495024213
203	0,207713212982	0,207413523495	0,825846025109	0,746786658969	0,070189587772	0,16535487771	45008,5617805787
204	0,207483534131	0,207191324798	0,824975737326	0,745961509564	0,070189587772	0,16535487771	45008,6284510185
205	0,207259508325	0,206967855152	0,824134549734	0,745123385811	0,070189587772	0,16535487771	45008,6950202893
206	0,207095967063	0,206780572912	0,823570011117	0,744406949126	0,070189587772	0,16535487771	45008,7617552199
207	0,206820179377	0,206559740744	0,822516208302	0,743603484914	0,070189587772	0,16535487771	45008,8282562037
208	0,20664320815	0,206377618808	0,82186481575	0,7429228622	0,070189587772	0,16535487771	45008,8947350231
209	0,206498850096	0,206217457147	0,821340256203	0,742329604372	0,070189587772	0,16535487771	45008,9612847454
210	0,206270311596	0,206048208952	0,820466439899	0,741687200629	0,070189587772	0,16535487771	45009,0276931481
211	0,206149341529	0,205867428539	0,82003017826	0,741015780844	0,070189587772	0,16535487771	45009,0941524653
212	0,205925300171	0,20569302025	0,819183521819	0,740402482045	0,070189587772	0,16535487771	45009,1604571528
213	0,205820934134	0,2056129799	0,818796223612	0,740078889301	0,070189587772	0,16535487771	45009,2268887384
214	0,205692124938	0,205426943388	0,818325964865	0,739333089463	0,070189587772	0,16535487771	45009,2932774306
215	0,205478145272	0,205229296669	0,817523715342	0,738639867923	0,070189587772	0,16535487771	45009,3596024653
216	0,205295387322	0,205075617126	0,816829055375	0,738148313577	0,070189587772	0,16535487771	45009,4257493634
217	0,205169619752	0,204954179262	0,816347230158	0,737612393026	0,070189587772	0,16535487771	45009,4919480324
218	0,204980514502	0,204682960106	0,815667750274	0,736638933454	0,070189587772	0,16535487771	45009,5581370833
219	0,20475041794	0,20452924729	0,814798981432	0,736119180679	0,070189587772	0,16535487771	45009,6242445139
220	0,204652405441	0,2044517908	0,814443043256	0,735723726628	0,070189587772	0,16535487771	45009,6905595949
221	0,204506332591	0,204224493682	0,813897889662	0,73488020487	0,070189587772	0,16535487771	45009,7567772917
222	0,204305473848	0,204062975876	0,813149591111	0,73432899096	0,070189587772	0,16535487771	45009,8229109375
223	0,204125481702	0,203953188486	0,812474894479	0,733890302025	0,070189587772	0,16535487771	45009,8889416551
224	0,204027336026	0,20377624275	0,812107738502	0,733272447444	0,070189587772	0,16535487771	45009,9549659375
225	0,203873463453	0,203700002742	0,811516439014	0,732941910532	0,070189587772	0,16535487771	45010,0210175116
226	0,20378760542	1,0364E-7	0,811210152574	3,6082E-7	0,070189587772	0,16535487771	45010,0940596181
227	1,27158515805803E-12	0,101202618511	4,80324873544315E-12	0,355247594043	0,076480098069	0,173891276121	45010,2572032407
228	0,221845073507	0,206260069874	0,876161148147	0,742993915311	0,076480098069	0,173891276121	45010,325424375
229	0,206313598311	0,206411192259	0,820312800733	0,743344178113	0,076480098069	0,173891276121	45010,3918613542
230	0,206470349691	0,206292351182	0,820867878384	0,742745268531	0,076480098069	0,173891276121	45010,4582112384
231	0,206353535356	0,206067614189	0,82042404291	0,741770713396	0,076480098069	0,173891276121	45010,5245062037
232	0,20616091099	0,205811869592	0,81974124736	0,740713625383	0,076480098069	0,173891276121	45010,5907996644
233	0,205851542491	0,205495374378	0,818601831143	0,739515364388	0,076480098069	0,173891276121	45010,6569146065
234	0,205584843132	0,205195762001	0,817628954494	0,738338508624	0,076480098069	0,173891276121	45010,7230704051
235	0,20528746134	0,204910317414	0,816556549379	0,737264370398	0,076480098069	0,173891276121	45010,7892009491
236	0,20494760816	0,204610651418	0,815302118819	0,736139853364	0,076480098069	0,173891276121	45010,855199456
237	0,204712980524	0,204327757205	0,814450984975	0,735087203013	0,076480098069	0,173891276121	45010,9212762384
238	0,204398752301	0,204096562255	0,813298024751	0,734194295781	0,076480098069	0,173891276121	45010,9873142593
239	0,20417113003	0,203817622249	0,812464157073	0,733188807027	0,076480098069	0,173891276121	45011,0533482755
240	0,203881858187	0,20360700854	0,81138178317	0,732388893917	0,076480098069	0,173891276121	45011,1609493519
241	0,20370784436	0,203383552669	0,810760768237	0,731623148891	0,076480098069	0,173891276121	45011,2269704051
242	0,203433038124	0,203192418374	0,809714178242	0,730908235011	0,076480098069	0,173891276121	45011,2928818981
243	0,203265718132	0,20299218631	0,809106233728	0,730144285439	0,076480098069	0,173891276121	45011,3587346759
244	0,20304077264	0,202749309094	0,808277474354	0,729222240872	0,076480098069	0,173891276121	45011,4245462616
245	0,202825514345	0,202515619717	0,807481868446	0,728373337427	0,076480098069	0,173891276121	45011,4903502894
246	0,202595535808	0,202388971322	0,806622416969	0,72797804989	0,076480098069	0,173891276121	45011,5560507176
247	0,202485810325	0,202286953527	0,806201318466	0,727606250269	0,076480098069	0,173891276121	45011,6217914931
248	0,202355898202	0,202187505396	0,80569299171	0,727271887295	0,076480098069	0,173891276121	45011,6874690972
249	0,202286089914	0,202058332901	0,805441589607	0,726796600274	0,076480098069	0,173891276121	45011,7532130556
250	0,202143148216	0,201931761223	0,804917296853	0,726318602269	0,076480098069	0,173891276121	45011,8190428125
251	0,201972179344	0,201810378035	0,804247514191	0,725939192465	0,076480098069	0,173891276121	45011,8846437037
252	0,201891603466	0,201704464953	0,803943622205	0,725599387984	0,076480098069	0,173891276121	45011,9502537616
253	0,201788844672	0,201581785807	0,803556292976	0,725150954979	0,076480098069	0,173891276121	45012,0159207986
254	0,20163265492	0,201491306166	0,802941732491	0,72482101482	0,076480098069	0,173891276121	45012,0814870139
255	0,201588393678	0,201426726172	0,802798382345	0,724559139913	0,076480098069	0,173891276121	45012,147108831
256	0,201475359427	0,201318241732	0,802362733746	0,72413480276	0,076480098069	0,173891276121	45012,2126608912
257	0,201368997729	0,20120585501	0,801964775896	0,723731770104	0,076480098069	0,173891276121	45012,2781396875
258	0,201304877341	0,201152913619	0,801745103181	0,723513723194	0,076480098069	0,173891276121	45012,343675463
259	0,201184933264	0,20104959415	0,801279823924	0,723098061174	0,076480098069	0,173891276121	45012,4092031829
260	0,201119128842	0,2010043876	0,801032192496	0,722931179856	0,076480098069	0,173891276121	45012,4746996875
261	0,201090096402	0,200919138837	0,800925675675	0,722612931977	0,076480098069	0,173891276121	45012,5401894329
262	0,200994218944	0,200783484225	0,800552825769	0,722112879306	0,076480098069	0,173891276121	45012,6057318056
263	0,20083499536	0,200700830342	0,799945381489	0,721794214668	0,076480098069	0,173891276121	45012,6711686806
264	0,20078930985	0,200645290681	0,799775723196	0,721603886659	0,076480098069	0,173891276121	45012,7365938426
265	0,200709564172	0,200570384143	0,799477067838	0,721337473735	0,076480098069	0,173891276121	45012,8019827199
266	0,200645808604	0,200498066552	0,799229973109	0,720957275431	0,076480098069	0,173891276121	45012,8674476968
267	0,200558208846	0,200406370216	0,79892073643	0,720563311084	0,076480098069	0,173891276121	45012,932849213
268	0,200475438904	0,200260379312	0,798629570086	0,719965596002	0,076480098069	0,173891276121	45012,9982392824
269	0,200309826494	0,200087297922	0,797997535907	0,719419737423	0,076480098069	0,173891276121	45013,063572581
270	0,200173835817	0,200056381025	0,797472051947	0,719286174626	0,076480098069	0,173891276121	45013,1288747685
271	0,200137187794	0,19997232967	0,797343511771	0,718967343366	0,076480098069	0,173891276121	45013,1942115741
272	0,20002747773	0,19984060362	0,796921412719	0,718495109157	0,076480098069	0,173891276121	45013,2595186227
273	0,199913388578	0,199774727456	0,79648309423	0,718218333541	0,076480098069	0,173891276121	45013,3248042245
274	0,199843979145	0,199664921416	0,796245434769	0,717858537771	0,076480098069	0,173891276121	45013,3901025694
275	0,199767469996	0,199639130489	0,795946789867	0,717705924932	0,076480098069	0,173891276121	45013,4555074653
276	0,199659918613	0,199506060799	0,79550955724	0,71729963397	0,076480098069	0,173891276121	45013,5206105671
277	0,199622235089	7,6725E-8	0,795382345516	2,66833E-7	0,076480098069	0,173891276121	45013,5928752199
278	1,0999211617202E-12	0,097572254363	4,15493724676312E-12	0,342501762805	0,078044675291	0,180385515094	45013,7547520949
279	0,216992970474	0,202041546706	0,858033008988	0,72715698486	0,078044675291	0,180385515094	45013,8221641319
280	0,202024602353	0,202153904818	0,804074732392	0,727372644005	0,078044675291	0,180385515094	45013,8877264699
281	0,202223620352	0,202049286632	0,804817316004	0,726760523918	0,078044675291	0,180385515094	45013,9532874653
282	0,20207901314	0,201758680256	0,804280394198	0,725537311085	0,078044675291	0,180385515094	45014,0187389236
283	0,20178644593	0,201431919325	0,803192031299	0,724247122267	0,078044675291	0,180385515094	45014,0840031366
284	0,201541444031	0,201093518514	0,802335885015	0,722923382721	0,078044675291	0,180385515094	45014,1494015972
285	0,20117911854	0,200755101597	0,801028844104	0,721636661518	0,078044675291	0,180385515094	45014,2148487616
286	0,200811620756	0,200507100316	0,799661337135	0,720694630746	0,078044675291	0,180385515094	45014,2801782986
287	0,200561743382	0,200284930229	0,798737367058	0,719942708997	0,078044675291	0,180385515094	45014,3454093866
288	0,20035710471	0,200047288342	0,797976730959	0,719119528152	0,078044675291	0,180385515094	45014,4106671759
289	0,200124435691	0,199901378608	0,797096459114	0,718565587202	0,078044675291	0,180385515094	45014,4758503588
290	0,199982765997	0,199799255487	0,796584109525	0,718128541691	0,078044675291	0,180385515094	45014,54103875
291	0,199900310846	0,199619728009	0,796283611449	0,717448338353	0,078044675291	0,180385515094	45014,6062901273
292	0,19967281113	0,199362716487	0,79544662229	0,716491619217	0,078044675291	0,180385515094	45014,6714608333
293	0,199422200778	0,199122434154	0,79452000503	0,7155799477	0,078044675291	0,180385515094	45014,7365718171
294	0,199216514071	0,198933883297	0,793793164866	0,714842857008	0,078044675291	0,180385515094	45014,8017419097
295	0,198969237647	0,19866394696	0,792860919605	0,713924397588	0,078044675291	0,180385515094	45014,8667685069
296	0,19873763538	0,198528316297	0,792000965258	0,713416423069	0,078044675291	0,180385515094	45014,931818287
297	0,19859126329	0,198387523634	0,791468007391	0,712847389182	0,078044675291	0,180385515094	45014,9968074884
298	0,19847804247	0,198242822754	0,791040637608	0,712434119051	0,078044675291	0,180385515094	45015,0618047801
299	0,198315007645	0,198220863538	0,79040329298	0,712359477929	0,078044675291	0,180385515094	45015,1267772222
300	0,198272958034	0,198083971887	0,790236445487	0,711907258924	0,078044675291	0,180385515094	45015,1916488194
301	0,198169630327	0,198011698377	0,789844209397	0,711641564269	0,078044675291	0,180385515094	45015,2565440509
302	0,198059885305	0,197899261001	0,789411263516	0,711274197582	0,078044675291	0,180385515094	45015,3213202894
303	0,197979867148	0,197839881367	0,789129834403	0,711042852234	0,078044675291	0,180385515094	45015,3861834607
304	0,197900678963	0,197752083287	0,78882412961	0,710734385804	0,078044675291	0,180385515094	45015,4509935069
305	0,197851087054	0,197745573405	0,788644300868	0,710643415911	0,078044675291	0,180385515094	45015,515889838
306	0,197793403758	0,197644783116	0,788434350026	0,710227318813	0,078044675291	0,180385515094	45015,5807039815
307	0,197732130147	0,197482070657	0,788204528434	0,709688618987	0,078044675291	0,180385515094	45015,6455836921
308	0,197522793905	0,197373621397	0,787386844038	0,709311048358	0,078044675291	0,180385515094	45015,7102908449
309	0,197465203509	0,197302536819	0,787194931226	0,708984654609	0,078044675291	0,180385515094	45015,7751043866
310	0,19739980728	0,197146280621	0,786967610762	0,708445446292	0,078044675291	0,180385515094	45015,8400239352
311	0,197213884408	0,197055848452	0,786272173893	0,708076846943	0,078044675291	0,180385515094	45015,9048877546
312	0,197074915158	0,196946068691	0,785748348396	0,707653242382	0,078044675291	0,180385515094	45015,9695962963
313	0,197023371599	0,196834954189	0,785540987953	0,707313233149	0,078044675291	0,180385515094	45016,0342755671
314	0,196930177377	0,196789785579	0,785201632579	0,707123558125	0,078044675291	0,180385515094	45016,0990374769
315	0,196828084901	0,19667738741	0,784811556715	0,706656670438	0,078044675291	0,180385515094	45016,16376125
316	0,196751788583	0,19656241492	0,784527331533	0,706289646217	0,078044675291	0,180385515094	45016,2284494213
317	0,19667112859	0,19650298887	0,784233112485	0,706054423872	0,078044675291	0,180385515094	45016,2932006829
318	0,196542906434	0,196428083817	0,78373719308	0,705791702544	0,078044675291	0,180385515094	45016,3579121528
319	0,196495720413	0,196344125712	0,78354395583	0,705595460633	0,078044675291	0,180385515094	45016,422596169
320	0,196494973778	0,196370006496	0,783561292142	0,705631692917	0,078044675291	0,180385515094	45016,4875528704
321	0,196367601463	0,196287337777	0,783045695966	0,70535080506	0,078044675291	0,180385515094	45016,5522344444
322	0,196360261682	0,19623181486	0,783026029899	0,705159512164	0,078044675291	0,180385515094	45016,6168679977
323	0,196328933375	0,196186592416	0,782896611971	0,704987338611	0,078044675291	0,180385515094	45016,6815514468
324	0,196261480243	0,196106505652	0,782629219375	0,704731027824	0,078044675291	0,180385515094	45016,7462216435
325	0,196202616078	0,196067764267	0,782408518175	0,704649207079	0,078044675291	0,180385515094	45016,8109932523
326	0,196121087018	0,196067729723	0,782081769488	0,704660953467	0,078044675291	0,180385515094	45016,8756618056
327	0,196108238765	0,196005728078	0,782024078016	0,704469746143	0,078044675291	0,180385515094	45016,9402512384
328	0,196093236158	9,5374E-8	0,78196020176	3,31763E-7	0,078044675291	0,180385515094	45017,0118997338
329	4,45054805320312E-14	0,094910084894	1,68132138728992E-13	0,333154058475	0,079542778432	0,182267069817	45017,1728992593
330	0,213278477134	0,198709176185	0,844089993442	0,714770865811	0,079542778432	0,182267069817	45017,2398984144
331	0,198704810435	0,198672950844	0,791520200986	0,714548662127	0,079542778432	0,182267069817	45017,3050414699
332	0,198696943675	0,198437889427	0,791459003161	0,713510262435	0,079542778432	0,182267069817	45017,3701372917
333	0,198478102219	0,198165371139	0,790657723657	0,712432572574	0,079542778432	0,182267069817	45017,4351090394
334	0,198241349878	0,197936712788	0,789797960455	0,711509646794	0,079542778432	0,182267069817	45017,5000262037
335	0,197957663136	0,197638374962	0,788731154548	0,710378864445	0,079542778432	0,182267069817	45017,5647281134
336	0,197732620527	0,19740328663	0,78790822939	0,7094419181	0,079542778432	0,182267069817	45017,6294887731
337	0,197481014359	0,197157883624	0,787008762684	0,708541955886	0,079542778432	0,182267069817	45017,6942107407
338	0,197208459109	0,196931821426	0,785989820886	0,707633874299	0,079542778432	0,182267069817	45017,7588805324
339	0,196999067816	0,196686438341	0,785220748296	0,706757962211	0,079542778432	0,182267069817	45017,8235295255
340	0,196773409407	0,19650687971	0,78441038619	0,70610822053	0,079542778432	0,182267069817	45017,888223287
341	0,196564564113	0,19635577449	0,783638569796	0,705502349722	0,079542778432	0,182267069817	45017,9529379861
342	0,196393758565	0,196155530769	0,782988325506	0,704822301103	0,079542778432	0,182267069817	45018,017476875
343	0,19625194847	0,196056112099	0,782482801483	0,704429646458	0,079542778432	0,182267069817	45018,082088125
344	0,196093344646	0,195880442397	0,781879896354	0,703751299538	0,079542778432	0,182267069817	45018,1466398495
345	0,19599078815	0,195768049317	0,78153186396	0,703310182212	0,079542778432	0,182267069817	45018,2113458102
346	0,19581491235	0,195647963356	0,780870659335	0,702835046228	0,079542778432	0,182267069817	45018,2759454282
347	0,195684900218	0,195490363729	0,780386467243	0,702251742778	0,079542778432	0,182267069817	45018,3404597222
348	0,195548142755	0,195374167549	0,779865120111	0,701829310633	0,079542778432	0,182267069817	45018,4049377315
349	0,195433601605	0,195283660144	0,779436158229	0,701539924467	0,079542778432	0,182267069817	45018,4693637731
350	0,195390428314	0,195184234477	0,779281058828	0,701183050897	0,079542778432	0,182267069817	45018,5339261111
351	0,195250160835	0,195109342351	0,778744379448	0,700925351032	0,079542778432	0,182267069817	45018,5984120486
352	0,195165503594	0,194984045012	0,778430188863	0,70042825973	0,079542778432	0,182267069817	45018,6629289352
353	0,195076427996	0,194893632975	0,778123333898	0,700109695993	0,079542778432	0,182267069817	45018,7275519676
354	0,194964386697	0,194834212225	0,777699440313	0,699900461874	0,079542778432	0,182267069817	45018,7921495949
355	0,194858706996	0,194741227986	0,777282974728	0,69954114456	0,079542778432	0,182267069817	45018,8566147454
356	0,194836704789	0,194685690232	0,777226199522	0,699323210119	0,079542778432	0,182267069817	45018,9211970949
357	0,194737158699	0,194644334893	0,776839025203	0,699151311065	0,079542778432	0,182267069817	45018,9857409028
358	0,194675978887	0,194609452557	0,776604180154	0,698956812435	0,079542778432	0,182267069817	45019,0502040278
359	0,194698791832	0,19454750453	0,776720832537	0,698645911301	0,079542778432	0,182267069817	45019,1147600463
360	0,194570450711	0,194450639836	0,776224490689	0,698271828115	0,079542778432	0,182267069817	45019,1791861806
361	0,19453728045	0,194416975679	0,77610015705	0,698127674516	0,079542778432	0,182267069817	45019,2436744329
362	0,194466580845	0,194304611632	0,775828955938	0,69773604349	0,079542778432	0,182267069817	45019,308064919
363	0,194361150491	0,194247783856	0,775428082399	0,697483131101	0,079542778432	0,182267069817	45019,3724558102
364	0,194347816171	0,194200042402	0,775396637373	0,697309501853	0,079542778432	0,182267069817	45019,4369887847
365	0,194217825864	0,194103162661	0,774888831235	0,69696212221	0,079542778432	0,182267069817	45019,5013092361
366	0,19416764048	0,194016573858	0,77470647513	0,696621587803	0,079542778432	0,182267069817	45019,5657014236
367	0,194112154676	0,194011467385	0,774496186725	0,696574082877	0,079542778432	0,182267069817	45019,6301083912
368	0,194072389182	0,193964947925	0,774340849805	0,696426601263	0,079542778432	0,182267069817	45019,6944890162
369	0,19398587334	0,193820288795	0,774005735529	0,695934268251	0,079542778432	0,182267069817	45019,7587279977
370	0,193918487872	0,193788005367	0,773755880573	0,695796392975	0,079542778432	0,182267069817	45019,8230604398
371	0,193873993447	0,193701456831	0,773606043842	0,695495539811	0,079542778432	0,182267069817	45019,8874612037
372	0,193765535543	0,193652355631	0,773193924791	0,695249502127	0,079542778432	0,182267069817	45019,9519246759
373	0,193687183394	0,193582602191	0,772894502808	0,694997512575	0,079542778432	0,182267069817	45020,0163085995
374	0,193637113913	0,193518026434	0,772713577352	0,694808759374	0,079542778432	0,182267069817	45020,0806127778
375	0,193566200133	0,193476714753	0,772432468228	0,694577700818	0,079542778432	0,182267069817	45020,1449403935
376	0,193556202592	0,193415984693	0,772405317559	0,694358821458	0,079542778432	0,182267069817	45020,2093295255
377	0,193448689229	0,193361766419	0,771993020452	0,69415852513	0,079542778432	0,182267069817	45020,273548588
378	0,192285784848	0,192471809828	0,767111770785	0,69101596948	0,079542778432	0,182267069817	45020,3352913079
379	0,193659206348	6,8247E-8	0,772767036838	2,37153E-7	0,079542778432	0,182267069817	45020,4065380208
380	1,27158515805803E-14	0,092458729197	4,80460695564707E-14	0,324558667024	0,081029199064	0,186700493097	45020,5666532986
381	0,209904230475	0,195790009167	0,831599556017	0,703418224883	0,081029199064	0,186700493097	45020,6334331713
382	0,195700344469	0,195642790973	0,780234459292	0,702818032026	0,081029199064	0,186700493097	45020,6981966551
383	0,195699109264	0,195434840387	0,780200672931	0,701945037901	0,081029199064	0,186700493097	45020,7629522454
384	0,195490083976	0,195198471569	0,779430928831	0,700979083486	0,081029199064	0,186700493097	45020,8275947106
385	0,195211496476	0,194892320276	0,778397317984	0,699821952058	0,081029199064	0,186700493097	45020,8920453704
386	0,194944549061	0,19463400623	0,777413143459	0,698817304874	0,081029199064	0,186700493097	45020,9564825463
387	0,194702207369	0,194389923127	0,776537631368	0,697884558077	0,081029199064	0,186700493097	45021,020921713
388	0,194432675321	0,194140602579	0,775537733833	0,696972244079	0,081029199064	0,186700493097	45021,0852463657
389	0,194213033892	0,193931341625	0,774719313957	0,69622252339	0,081029199064	0,186700493097	45021,1495579398
390	0,194009232796	0,193753064115	0,773985745336	0,695552986661	0,081029199064	0,186700493097	45021,2139580208
391	0,193778360738	0,193529653809	0,77311387309	0,694744136509	0,081029199064	0,186700493097	45021,2781656713
392	0,193625593273	0,193390107087	0,772572633868	0,694221794137	0,081029199064	0,186700493097	45021,342539213
393	0,193436497544	0,193245517258	0,77187839051	0,693718568861	0,081029199064	0,186700493097	45021,4068834607
394	0,193305048551	0,193103420797	0,771381923293	0,693171378238	0,081029199064	0,186700493097	45021,4711437153
395	0,193147532184	0,192979439125	0,770788554264	0,692713935308	0,081029199064	0,186700493097	45021,5353370602
396	0,193072589787	0,192861874084	0,770529223591	0,692284979046	0,081029199064	0,186700493097	45021,5996143518
397	0,192921976143	0,192745631914	0,769957933302	0,691847438671	0,081029199064	0,186700493097	45021,6638775463
398	0,192806716511	0,192781542539	0,769529884464	0,692295249326	0,081029199064	0,186700493097	45021,7282803009
399	0,192857291204	0,192531215742	0,769725951921	0,691061525353	0,081029199064	0,186700493097	45021,7926519676
400	0,192561763784	0,192409775122	0,768609219382	0,690655101575	0,081029199064	0,186700493097	45021,8568287847
401	0,192467778411	0,192334870915	0,76825728839	0,690366714523	0,081029199064	0,186700493097	45021,9209718287
402	0,192400758788	0,192247065205	0,768014531757	0,690033110084	0,081029199064	0,186700493097	45021,9851837269
403	0,192315116431	0,192186354431	0,767691311722	0,689821782714	0,081029199064	0,186700493097	45022,0493700116
404	0,192246256972	0,192121771469	0,767440725409	0,689580415545	0,081029199064	0,186700493097	45022,1135518287
405	0,192173957679	0,192062372123	0,767165345467	0,689331642766	0,081029199064	0,186700493097	45022,1777261458
406	0,192149826337	0,191992575663	0,767082156795	0,689102042375	0,081029199064	0,186700493097	45022,2420142824
407	0,192043820606	0,191935741528	0,766676262078	0,688894941566	0,081029199064	0,186700493097	45022,306175081
408	0,191994523602	0,191878952746	0,76649463975	0,688691355721	0,081029199064	0,186700493097	45022,3704371528
409	0,191927724403	0,191844081432	0,766222205101	0,688557823096	0,081029199064	0,186700493097	45022,4345332986
410	0,191929055348	0,191770458982	0,766246101309	0,68828371447	0,081029199064	0,186700493097	45022,4987427546
411	0,191825604286	0,191691659273	0,765845299312	0,68801767088	0,081029199064	0,186700493097	45022,5629341204
412	0,19178526738	0,191673577333	0,765705481169	0,68793552634	0,081029199064	0,186700493097	45022,627211956
413	0,191710986575	0,191594752194	0,765412423235	0,687646145173	0,081029199064	0,186700493097	45022,6913688079
414	0,191678712129	0,1915314796	0,765298275911	0,687401059214	0,081029199064	0,186700493097	45022,7556463657
415	0,191596235412	0,191482439011	0,764980160665	0,687243106699	0,081029199064	0,186700493097	45022,8198282176
416	0,19152334009	0,191406150049	0,764704298394	0,686966561948	0,081029199064	0,186700493097	45022,8839339005
417	0,191469999952	0,191323534736	0,764509100161	0,686632743411	0,081029199064	0,186700493097	45022,9481287384
418	0,191405168701	0,191288654732	0,764275161853	0,686509338725	0,081029199064	0,186700493097	45023,0123840509
419	0,191355179542	0,191265413545	0,764086172105	0,686402590538	0,081029199064	0,186700493097	45023,0766204051
420	0,19131345405	0,191178895103	0,763924335171	0,686088736241	0,081029199064	0,186700493097	45023,1408281366
421	0,191238890913	0,191138822794	0,763639199714	0,685899931574	0,081029199064	0,186700493097	45023,2050542477
422	0,194567300198	0,207378584573	0,77575656097	0,750764798042	0,081029199064	0,186700493097	45025,4866603819
423	0,205541634032	0,205202164643	0,814802340083	0,741552695712	0,081029199064	0,186700493097	45025,5564002546
424	0,204705136876	0,204034565697	0,811866589321	0,736384703986	0,081029199064	0,186700493097	45025,6241082986
425	0,203783334446	0,203213042426	0,808605908583	0,732697807631	0,081029199064	0,186700493097	45025,6906354398
426	0,203123615253	0,202616352575	0,806304819717	0,729944879039	0,081029199064	0,186700493097	45025,7566492014
427	0,202618271649	0,202113900538	0,80455482194	0,727614726697	0,081029199064	0,186700493097	45025,8224630556
428	0,202101541328	0,201611458882	0,802731987767	0,72541920161	0,081029199064	0,186700493097	45025,8879667824
429	0,201620519552	0,201142550625	0,80104741022	0,723427996317	0,081029199064	0,186700493097	45025,9532858102
430	0,201161818203	5,9982E-8	0,799430805052	2,02017E-7	0,081029199064	0,186700493097	45026,0254449884
431	1,71663996337835E-13	0,091392470509	6,48272682388488E-13	0,320991426602	0,082223594189	0,186207130551	45026,1882612037
432	0,209680633759	0,201801311209	0,82973325511	0,725789542531	0,082223594189	0,186207130551	45026,2543828357
433	0,201828400664	0,200978537121	0,801939301657	0,722504058657	0,082223594189	0,186207130551	45026,3196259259
434	0,201021902972	0,20026808745	0,799067529084	0,719692104099	0,082223594189	0,186207130551	45026,3847937269
435	0,200318551403	0,199670138094	0,796559746739	0,717342471241	0,082223594189	0,186207130551	45026,4498106481
436	0,199726724855	0,199113403993	0,794446012893	0,715202542078	0,082223594189	0,186207130551	45026,5147198148
437	0,199147949647	0,198551537139	0,792346236208	0,713057099799	0,082223594189	0,186207130551	45026,5794071528
438	0,198642390102	0,198059459538	0,790562131027	0,711155002511	0,082223594189	0,186207130551	45026,6441746065
439	0,198105030727	0,197575096647	0,788622504711	0,709330492463	0,082223594189	0,186207130551	45026,7087915393
440	0,197615582342	0,197165606384	0,786828539147	0,707800898668	0,082223594189	0,186207130551	45026,7732425116
441	0,197248008516	0,196758732408	0,785525057782	0,706234398415	0,082223594189	0,186207130551	45026,8377014005
442	0,196792559197	0,196340303536	0,783882694426	0,704660349282	0,082223594189	0,186207130551	45026,9020547338
443	0,196409577343	0,19596053679	0,782501099893	0,703220539584	0,082223594189	0,186207130551	45026,9664170949
444	0,196101539129	0,195660897498	0,781431133309	0,702081950614	0,082223594189	0,186207130551	45027,0309918634
445	0,195622340237	0,195296621412	0,779627004509	0,700780168467	0,082223594189	0,186207130551	45027,0950928935
446	0,195409276462	0,195008594656	0,778879675192	0,699643840414	0,082223594189	0,186207130551	45027,1593752894
447	0,195084526673	0,194701189159	0,777708486387	0,698501849302	0,082223594189	0,186207130551	45027,2236295023
448	0,194739537106	0,194454491679	0,776425608841	0,697582900709	0,082223594189	0,186207130551	45027,2877311921
449	0,194528921176	0,19417160001	0,775676693149	0,696515858157	0,082223594189	0,186207130551	45027,3519363889
450	0,1942500609	0,193953325638	0,774672366631	0,695682276517	0,082223594189	0,186207130551	45027,4161475231
451	0,193998913396	0,193728548376	0,773742996426	0,694870936997	0,082223594189	0,186207130551	45027,4802678935
452	0,193778193489	0,193481829703	0,772929184735	0,693927767603	0,082223594189	0,186207130551	45027,5443315393
453	0,193553650028	0,193279040905	0,772103485626	0,69316783761	0,082223594189	0,186207130551	45027,6083426736
454	0,193348287357	0,19308663884	0,771353594781	0,692425807271	0,082223594189	0,186207130551	45027,6723857986
455	0,193159957639	0,192877419847	0,770686452086	0,691632825109	0,082223594189	0,186207130551	45027,7364385764
456	0,192915067044	0,19267716765	0,769761458645	0,690880322532	0,082223594189	0,186207130551	45027,8003643866
457	0,192742968567	0,192492505723	0,769132003105	0,690183419688	0,082223594189	0,186207130551	45027,8642438657
458	0,192570977591	0,192303865007	0,768523196869	0,689465067626	0,082223594189	0,186207130551	45027,9282447685
459	0,192333294708	0,192116659272	0,767625248005	0,688809421082	0,082223594189	0,186207130551	45027,9921288426
460	0,192196617012	0,191969345496	0,767135143372	0,688264470015	0,082223594189	0,186207130551	45028,0560518403
461	0,192036166624	0,191819504446	0,766546264341	0,687713560443	0,082223594189	0,186207130551	45028,1199179514
462	0,191886131255	0,191683901756	0,765986352912	0,68721926023	0,082223594189	0,186207130551	45028,1838063426
463	0,191764842929	0,191575407781	0,765544310031	0,68681570607	0,082223594189	0,186207130551	45028,2477316667
464	0,191617461825	0,191441076677	0,764978917305	0,686323932236	0,082223594189	0,186207130551	45028,3115268634
465	0,191497685641	0,191311946568	0,764531815501	0,685889379281	0,082223594189	0,186207130551	45028,3753367014
466	0,191394876646	0,19121891655	0,764150278152	0,685587964312	0,082223594189	0,186207130551	45028,4391946991
467	0,191301855686	0,191203382867	0,763791308083	0,685553745759	0,082223594189	0,186207130551	45028,5030985185
468	0,191297719164	0,191204677552	0,763763576567	0,685609838216	0,082223594189	0,186207130551	45028,5670211227
469	0,191247836241	0,191168557964	0,76355008272	0,685509402652	0,082223594189	0,186207130551	45028,6308783102
470	0,191239505647	0,191142728466	0,763501705538	0,685417581836	0,082223594189	0,186207130551	45028,6947832176
471	0,191225408758	0,191159491985	0,76342127564	0,685490708103	0,082223594189	0,186207130551	45028,7587268171
472	0,191250331498	0,191222773693	0,763497978528	0,685844106862	0,082223594189	0,186207130551	45028,8227037963
473	0,191281033373	0,191181463495	0,763577035688	0,685768997836	0,082223594189	0,186207130551	45028,8867022338
474	0,191277199904	0,191231825049	0,763562884733	0,685974940242	0,082223594189	0,186207130551	45028,9508090394
475	0,191305754121	0,191243464713	0,763662317858	0,686060632064	0,082223594189	0,186207130551	45029,0149608796
476	0,191250245664	0,191220206998	0,763412663673	0,686061178699	0,082223594189	0,186207130551	45029,0788747222
477	0,191356787456	0,191286079135	0,763828396638	0,686230134529	0,082223594189	0,186207130551	45029,1430659144
478	0,191307222181	0,1912731575	0,763615775868	0,686227779262	0,082223594189	0,186207130551	45029,2071354051
479	0,191384576443	0,191298997806	0,763917575849	0,686325944007	0,082223594189	0,186207130551	45029,271415706
480	0,191349139568	0,191304182905	0,763769390407	0,686381929847	0,082223594189	0,186207130551	45029,335642037
481	0,191335607962	7,9268E-8	0,763691841136	2,73988E-7	0,082223594189	0,186207130551	45029,406811412
482	1,27158515805803E-14	0,089432668088	4,80450993991822E-14	0,314016427492	0,083453722298	0,192611739039	45029,5661095255
483	0,205955726299	0,193594221512	0,816525363713	0,694984936093	0,083453722298	0,192611739039	45029,6324913194
484	0,193613928293	0,19344700035	0,772085809438	0,694398574001	0,083453722298	0,192611739039	45029,6972264699
485	0,193479153703	0,193179641943	0,771540795318	0,693339460804	0,083453722298	0,192611739039	45029,7617784838
486	0,193263336264	0,192926475484	0,77076207169	0,692353145069	0,083453722298	0,192611739039	45029,8264225
487	0,192960986594	0,192677141372	0,769646922619	0,691334465917	0,083453722298	0,192611739039	45029,8909086921
488	0,192722366652	0,192488617004	0,768767264946	0,690617152759	0,083453722298	0,192611739039	45029,955313831
489	0,192540985117	0,192274183877	0,768110883043	0,689786857942	0,083453722298	0,192611739039	45030,0196903704
490	0,192324338017	0,192061049463	0,767324129556	0,688948246319	0,083453722298	0,192611739039	45030,0840309259
491	0,192128776139	0,191847928611	0,766614145078	0,688150448827	0,083453722298	0,192611739039	45030,1483929977
492	0,191939340387	0,191729103218	0,765943703264	0,687664628366	0,083453722298	0,192611739039	45030,2128734606
493	0,191787020988	0,191539256615	0,765383905054	0,68696565832	0,083453722298	0,192611739039	45030,2773201968
494	0,191546927489	0,191345488018	0,764474036343	0,686264684276	0,083453722298	0,192611739039	45030,341593588
495	0,19142057096	0,19125764734	0,764023455433	0,685918119877	0,083453722298	0,192611739039	45030,4058847106
496	0,191329172038	0,191114326342	0,763685198253	0,685420085633	0,083453722298	0,192611739039	45030,4700931597
497	0,191248257329	0,191029067617	0,763412374934	0,685068319018	0,083453722298	0,192611739039	45030,5345952199
498	0,19104415294	0,190864989898	0,762622707619	0,684494696986	0,083453722298	0,192611739039	45030,59883
499	0,190976456367	0,190871469895	0,762372193807	0,684540571021	0,083453722298	0,192611739039	45030,6631977199
500	0,190946919532	0,190828861409	0,762255748766	0,684377022961	0,083453722298	0,192611739039	45030,7276108102
501	0,190883071025	0,190908959405	0,761999911808	0,684672559763	0,083453722298	0,192611739039	45030,7919403819
502	0,190963452174	0,190803032123	0,762288089845	0,68424868486	0,083453722298	0,192611739039	45030,8562253009
503	0,190887131201	0,190849511738	0,762016589288	0,684409871241	0,083453722298	0,192611739039	45030,9206407292
504	0,190894101825	0,190806888205	0,762023527124	0,68426095514	0,083453722298	0,192611739039	45030,9849877431
505	0,190871940653	0,190836563399	0,761934849822	0,684382682917	0,083453722298	0,192611739039	45031,049327581
506	0,190899176794	0,190800446778	0,762023259996	0,684189313963	0,083453722298	0,192611739039	45031,1136780903
507	0,190859927677	0,190753897648	0,761873270532	0,684023169589	0,083453722298	0,192611739039	45031,1780362847
508	0,190821254951	0,190695824779	0,761758197436	0,683781333645	0,083453722298	0,192611739039	45031,2424028819
509	0,190747909284	0,190655783622	0,761467020466	0,683611195891	0,083453722298	0,192611739039	45031,3067178009
510	0,190707355454	0,190522735548	0,761329102997	0,683120262947	0,083453722298	0,192611739039	45031,3711046065
511	0,190582474032	0,190442675486	0,760861078898	0,682797863255	0,083453722298	0,192611739039	45031,4353821065
512	0,190517610044	0,19037417689	0,760635828399	0,68256303676	0,083453722298	0,192611739039	45031,4996768287
513	0,190474837225	0,190300528161	0,760487618013	0,682243605911	0,083453722298	0,192611739039	45031,5641699421
514	0,190347725954	0,190175281899	0,760011529695	0,681784591397	0,083453722298	0,192611739039	45031,6285570255
515	0,1902186674	0,19014689058	0,759514171435	0,681671946968	0,083453722298	0,192611739039	45031,6928523495
516	0,190194734068	0,190048685213	0,759432849683	0,681325365805	0,083453722298	0,192611739039	45031,7571889583
517	0,1901800096	0,19001518297	0,759418275839	0,681136526467	0,083453722298	0,192611739039	45031,8217657523
518	0,190045044575	0,189922135574	0,758896103342	0,680796555846	0,083453722298	0,192611739039	45031,8861742477
519	0,189956102765	0,189893715856	0,758557070026	0,680698107982	0,083453722298	0,192611739039	45031,9504781713
520	0,190003054998	0,189777453555	0,758749538741	0,680269104201	0,083453722298	0,192611739039	45032,0149496528
521	0,189835892567	0,189843332263	0,758111127352	0,680549770283	0,083453722298	0,192611739039	45032,0793855324
522	0,189862268843	0,189907942353	0,758156389423	0,68078402637	0,083453722298	0,192611739039	45032,1436823958
523	0,190036198938	0,189848466287	0,758858451794	0,680446091868	0,083453722298	0,192611739039	45032,2083015046
524	0,189865443512	0,189665094384	0,758214814246	0,679795076959	0,083453722298	0,192611739039	45032,2726922569
525	0,189736597557	0,189570769045	0,757749902306	0,679444388203	0,083453722298	0,192611739039	45032,3371329282
526	0,189668736835	0,18951140276	0,757524258723	0,67918800683	0,083453722298	0,192611739039	45032,4016758796
527	0,189554195328	0,189369288496	0,757083881316	0,678669133113	0,083453722298	0,192611739039	45032,4660995949
528	0,18940934862	0,189393849801	0,756532133983	0,67877865581	0,083453722298	0,192611739039	45032,5304166435
529	0,189443128486	0,189318935208	0,756636806091	0,678534469776	0,083453722298	0,192611739039	45032,5946544676
530	0,189407058942	0,189229807474	0,756511477575	0,678147712054	0,083453722298	0,192611739039	45032,6589930787
531	0,189330675085	0,189202666335	0,756265540525	0,678005372097	0,083453722298	0,192611739039	45032,7235284722
532	0,189254208406	1,5747E-7	0,755982863473	5,44676E-7	0,083453722298	0,192611739039	45032,7950140394
533	1,39874367386384E-13	0,087982693954	5,28649378242589E-13	0,3089008971	0,088053181767	0,19576023519	45032,9530112847
534	0,203939202763	0,19126026935	0,809291141593	0,685749423961	0,088053181767	0,19576023519	45033,0205092824
535	0,191118720551	0,191041956829	0,762922700587	0,684934060565	0,088053181767	0,19576023519	45033,0859260764
536	0,190953526727	0,190784970527	0,762205127066	0,683982338277	0,088053181767	0,19576023519	45033,1507161921
537	0,190848225062	0,190650623954	0,761806012063	0,683422086003	0,088053181767	0,19576023519	45033,2154786458
538	0,190683054793	0,190429741346	0,761182356716	0,682551607309	0,088053181767	0,19576023519	45033,2800777662
539	0,190427118632	0,190104250304	0,760217032775	0,681294344639	0,088053181767	0,19576023519	45033,3445140394
540	0,190199817753	0,189991886045	0,759403328963	0,680879230955	0,088053181767	0,19576023519	45033,4090145255
541	0,189970541717	0,189814930137	0,758519383313	0,680247485993	0,088053181767	0,19576023519	45033,4731259606
542	0,189875148484	0,189636711332	0,75816758973	0,679550916271	0,088053181767	0,19576023519	45033,5373437268
543	0,189742852818	0,189538502783	0,757717942065	0,679113649101	0,088053181767	0,19576023519	45033,601762662
544	0,189604586585	0,189340835507	0,757239049888	0,678352286441	0,088053181767	0,19576023519	45033,6661965394
545	0,189410439201	0,189219490467	0,756527872677	0,677905292143	0,088053181767	0,19576023519	45033,7307065509
546	0,189310631273	0,189145855513	0,756162485463	0,677622177003	0,088053181767	0,19576023519	45033,7952780556
547	0,189235000442	0,18908255113	0,755903661144	0,677352788333	0,088053181767	0,19576023519	45033,8598988889
548	0,189023968392	0,188905597341	0,75504794401	0,676758356026	0,088053181767	0,19576023519	45033,9239891551
549	0,189059522456	0,188833246476	0,755232732452	0,676413574992	0,088053181767	0,19576023519	45033,9884741667
550	0,188927776152	0,188733793046	0,754779924268	0,676001906063	0,088053181767	0,19576023519	45034,0531352662
551	0,188753122403	0,188626610922	0,754111140604	0,675613368021	0,088053181767	0,19576023519	45034,1176123148
552	0,1886614241	0,188502623317	0,753765418821	0,67515058304	0,088053181767	0,19576023519	45034,1819489236
553	0,188575364735	0,188438000298	0,753454580882	0,674910006872	0,088053181767	0,19576023519	45034,2463717014
554	0,188503832618	0,188373446159	0,753181124647	0,674702134445	0,088053181767	0,19576023519	45034,3108079398
555	0,188424681761	0,188279146465	0,752888410018	0,674394839516	0,088053181767	0,19576023519	45034,3752199884
556	0,188424919852	0,1882468624	0,752916544574	0,674265139616	0,088053181767	0,19576023519	45034,439963287
557	0,18822705269	0,18811636661	0,75213186604	0,673842123432	0,088053181767	0,19576023519	45034,5043092014
558	0,188217890456	0,187402196066	0,752118711871	0,671698455835	0,088053181767	0,19576023519	45034,5687032176
