TesterID:	Maccor#2						
Channel Number:	36						
TestName:	KAI_Zelltest_regulaer_fix_no_degass_flag.000						
TestDesc:	Regular cycling: formation, followed by pulse, C-rate quick charge and cycling t						
StartDateTime:	44986,7001413657						
Comment:							
							
							
Cycle	AH-IN	AH-OUT	WH-IN	WH-OUT	ACR	DCIR	Date
0		9,241E-8		2,1157E-8	0	0	44987,7002694097
1	0,526403832481	0,450595024243	1,960985631605	1,652553697228	0	0	44988,1450156944
2	0,453941983666	0,451229744106	1,705350952318	1,655558024354	0	0	44988,5644629745
3	0,466325899428	1,55353E-7	1,756077831871	5,01637E-7	0	0	44989,0567960648
4	1,75478751812009E-12	1,41569E-7	6,58623678562582E-12	4,60677E-7	0,045478381217	0,128078401089	44989,3623032523
5	0,456220059565	0,454776685642	1,726672711211	1,669877448782	0,045478381217	0,128078401089	44989,629862963
6	0,454950510971	0,453925079426	1,721413684224	1,66690230792	0,045478381217	0,128078401089	44989,9032645602
7	0,454043895281	0,453211449947	1,717602345499	1,664422407128	0,045478381217	0,128078401089	44990,175973588
8	0,453224734453	0,43171437283	1,71417828959	1,559466745298	0,045478381217	0,128078401089	44990,3648610185
9	0,431744578303	0,430867060963	1,63975213679	1,556689671337	0,045478381217	0,128078401089	44990,5476810185
10	0,430857669233	0,43015668123	1,63629020371	1,554283963036	0,045478381217	0,128078401089	44990,7300249421
11	0,430144940479	0,380135557991	1,633501360982	1,33992726992	0,045478381217	0,128078401089	44990,8905656366
12	0,380171368466	0,380933814012	1,457277041133	1,343135602447	0,045478381217	0,128078401089	44991,0375313657
13	0,380953795211	0,380608371924	1,459781509963	1,342142094498	0,045478381217	0,128078401089	44991,1846731134
14	0,380571254512	0,446269845224	1,458172441053	1,639937371103	0,045478381217	0,128078401089	44991,4346345255
15	0,446152396993	0,446902122293	1,686962967186	1,642251365286	0,045478381217	0,128078401089	44991,7023546412
16	0,446791391173	1,42628E-7	1,689065036896	4,52797E-7	0,045478381217	0,128078401089	44991,977446794
17	0,393456087529	0,394036263156	1,494950738032	1,427433142049	0,045478381217	0,128078401089	44992,1257513542
18	0,393490933413	0,393739415631	1,49471306033	1,426243546784	0,045478381217	0,128078401089	44992,2808610185
19	0,393381126946	0,393513538241	1,494030332356	1,425372685958	0,045478381217	0,128078401089	44992,4358963194
20	0,364754286135	0,358322961232	1,413064421371	1,288661857399	0,045478381217	0,128078401089	44992,5625583333
21	0,357577708532	0,351281034803	1,384528779801	1,263630409961	0,045478381217	0,128078401089	44992,6870017593
22	0,350708547874	1,5387E-7	1,357886862198	4,70433E-7	0,045478381217	0,128078401089	44992,8165828125
23	1,32244856438036E-12	0,248921763163	4,94689604452457E-12	0,873537302823	0,044199135154	0,108866870403	44993,0959547222
24	0,42960924751	0,421191368618	1,652678060499	1,522330119733	0,044199135154	0,108866870403	44993,2052514005
25	0,421336385884	0,420530056385	1,624242129554	1,520085991151	0,044199135154	0,108866870403	44993,3135701389
26	0,420595807623	0,419991497687	1,62135323085	1,518250284672	0,044199135154	0,108866870403	44993,4215965741
27	0,42002170649	0,419521317421	1,619114862098	1,516643559909	0,044199135154	0,108866870403	44993,5294598843
28	0,419576167221	0,419151876368	1,617347853028	1,515352981829	0,044199135154	0,108866870403	44993,6371323727
29	0,419252609073	0,418857483421	1,616073049248	1,514362444414	0,044199135154	0,108866870403	44993,7449303241
30	0,41881309678	0,418471203827	1,614340487563	1,5129858394	0,044199135154	0,108866870403	44993,8523100231
31	0,418526442611	0,418212896988	1,613210919525	1,512112197903	0,044199135154	0,108866870403	44993,9598061227
32	0,418184955018	0,417904174339	1,611850503149	1,511023438292	0,044199135154	0,108866870403	44994,0670560764
33	0,417923588625	0,417657568201	1,610808822274	1,510170876993	0,044199135154	0,108866870403	44994,1743154514
34	0,41760846603	0,417362937681	1,609546068447	1,509142540741	0,044199135154	0,108866870403	44994,281321169
35	0,417401685222	0,417180872966	1,608750168001	1,508518455359	0,044199135154	0,108866870403	44994,3885168171
36	0,417121413734	0,416904479946	1,607612311079	1,507533448817	0,044199135154	0,108866870403	44994,4954634606
37	0,416913068432	0,416720979188	1,606782410843	1,506908571407	0,044199135154	0,108866870403	44994,6024557523
38	0,416668091232	0,41647303958	1,605795747591	1,506007298984	0,044199135154	0,108866870403	44994,7092588079
39	0,416443578992	0,416256009664	1,604906230233	1,505244666221	0,044199135154	0,108866870403	44994,8159778009
40	0,416222139333	0,416063536179	1,604044575134	1,504561777024	0,044199135154	0,108866870403	44994,9226526505
41	0,416026936115	0,415873708012	1,603250728624	1,503899352568	0,044199135154	0,108866870403	44995,0292810417
42	0,41582865553	0,415692882245	1,602463437229	1,503246122174	0,044199135154	0,108866870403	44995,1358391319
43	0,415651483854	0,415518491122	1,601743725334	1,502631445473	0,044199135154	0,108866870403	44995,2423715625
44	0,415450706989	0,415319562223	1,600942380779	1,50192395355	0,044199135154	0,108866870403	44995,348733206
45	0,415264132162	0,41515037591	1,600197908762	1,501328596083	0,044199135154	0,108866870403	44995,4550201736
46	0,415154481162	0,415043206712	1,599773280416	1,500959804413	0,044199135154	0,108866870403	44995,5614567361
47	0,414972768812	0,414858480784	1,599023532077	1,500299253492	0,044199135154	0,108866870403	44995,6677545486
48	0,414821427954	0,414717658025	1,598409670504	1,499800829707	0,044199135154	0,108866870403	44995,7740115857
49	0,414626632549	0,414521359399	1,597636938249	1,499086618899	0,044199135154	0,108866870403	44995,8802229051
50	0,414484433701	0,414388398639	1,597096388063	1,498627152212	0,044199135154	0,108866870403	44995,9864627083
51	0,414340856373	0,414237248492	1,596532225397	1,498088201147	0,044199135154	0,108866870403	44996,0927309954
52	0,414167835982	0,414082192458	1,595850512926	1,497529874542	0,044199135154	0,108866870403	44996,1989190972
53	0,413995404353	0,413907831218	1,595158901723	1,496899577325	0,044199135154	0,108866870403	44996,3049797107
54	0,413837707307	0,413755398042	1,594562158603	1,496349357318	0,044199135154	0,108866870403	44996,4110041782
55	0,413698289623	0,413628841834	1,59400973582	1,495902221287	0,044199135154	0,108866870403	44996,5169996065
56	0,413527399311	0,413462212469	1,593324597887	1,495284819762	0,044199135154	0,108866870403	44996,6228605093
57	0,413420696701	0,4133511164	1,592893622381	1,494882116942	0,044199135154	0,108866870403	44996,7287883796
58	0,413289787384	0,413229763734	1,592385263691	1,4944410961	0,044199135154	0,108866870403	44996,8347436343
59	0,413131378466	0,413076013194	1,591763939133	1,49388043849	0,044199135154	0,108866870403	44996,9405655787
60	0,412997081174	0,412949449992	1,591238355973	1,493429119094	0,044199135154	0,108866870403	44997,0463304977
61	0,412892779287	0,412825470863	1,590833637505	1,492988468777	0,044199135154	0,108866870403	44997,1521770949
62	0,412715510225	0,412671708031	1,590144076174	1,492412439976	0,044199135154	0,108866870403	44997,2577979977
63	0,412622135919	0,412589105222	1,589784746989	1,492144632298	0,044199135154	0,108866870403	44997,3635278588
64	0,412491019535	0,412459952437	1,589248576541	1,491677524065	0,044199135154	0,108866870403	44997,4691441204
65	0,412374369264	0,412343653472	1,588776908754	1,491231807116	0,044199135154	0,108866870403	44997,5747193866
66	0,412300863584	0,412250706319	1,588479847106	1,490897829099	0,044199135154	0,108866870403	44997,6803473727
67	0,412165976427	0,412129226915	1,5879577109	1,49044558499	0,044199135154	0,108866870403	44997,7858817477
68	0,412041552358	0,412022008339	1,587479393288	1,490057195657	0,044199135154	0,108866870403	44997,8912885185
69	0,411991854489	0,411969086659	1,587279988726	1,489857088906	0,044199135154	0,108866870403	44997,9968170139
70	0,411872524805	0,411843748631	1,586790161394	1,489397326876	0,044199135154	0,108866870403	44998,1022432639
71	0,411771082631	0,411765030726	1,586398900514	1,489114216817	0,044199135154	0,108866870403	44998,207726956
72	0,411683092097	0,411662945541	1,586042767263	1,488725450384	0,044199135154	0,108866870403	44998,3131495949
73	0,411551711891	1,71672E-7	1,585537746299	5,48198E-7	0,044199135154	0,108866870403	44998,4255109375
74	4,34246331476819E-12	0,239925314576	1,62403330835586E-11	0,841994674002	0,04467998445	0,10788166523	44998,6956069213
75	0,418086828675	0,412072525451	1,607822679896	1,490078801845	0,04467998445	0,10788166523	44998,8017814236
76	0,412000967892	0,411850290089	1,587132254222	1,489307332687	0,04467998445	0,10788166523	44998,9072541088
77	0,411766229658	0,41167715614	1,586230007015	1,488682808535	0,04467998445	0,10788166523	44999,0126742477
78	0,411577455518	0,411522142916	1,585496576027	1,48812772597	0,04467998445	0,10788166523	44999,1180069792
79	0,411462102818	0,411421383568	1,585069927668	1,487771593855	0,04467998445	0,10788166523	44999,2233800579
80	0,411351827533	0,41131424828	1,58463337154	1,487381687471	0,04467998445	0,10788166523	44999,3287496181
81	0,41119141576	0,411178559549	1,584025961943	1,486876542527	0,04467998445	0,10788166523	44999,4339798958
82	0,411117842148	0,411116596899	1,583736563489	1,486663632384	0,04467998445	0,10788166523	44999,5392374653
83	0,411036400798	0,411013315572	1,583416816971	1,486304818476	0,04467998445	0,10788166523	44999,6445622222
84	0,410902972516	0,410897093538	1,58291260874	1,485857943123	0,04467998445	0,10788166523	44999,7498015625
85	0,4108258832	0,410814348949	1,582620002089	1,485551910697	0,04467998445	0,10788166523	44999,8551118866
86	0,4106655111	0,410673594857	1,581985778992	1,485022958495	0,04467998445	0,10788166523	44999,9601840972
87	0,41061012553	0,410617992468	1,581772327992	1,484820427331	0,04467998445	0,10788166523	45000,0653483449
88	0,410515719555	0,410519877378	1,581411266879	1,484459190339	0,04467998445	0,10788166523	45000,1704875116
89	0,410424154647	0,410425557338	1,581063771158	1,484105852273	0,04467998445	0,10788166523	45000,2756074421
90	0,410328201587	0,410353265391	1,58070234911	1,483854329858	0,04467998445	0,10788166523	45000,3807242593
91	0,410278086005	0,410287388379	1,580517977434	1,483613165644	0,04467998445	0,10788166523	45000,485975544
92	0,41016532447	0,410196949427	1,580082075396	1,483260161127	0,04467998445	0,10788166523	45000,5911002778
93	0,410126514841	0,410147864121	1,579929673328	1,483089251008	0,04467998445	0,10788166523	45000,6963067708
94	0,410020005398	0,410040680302	1,579498009362	1,482664650654	0,04467998445	0,10788166523	45000,8013696875
95	0,409943177819	0,409966989398	1,579232216309	1,482396495747	0,04467998445	0,10788166523	45000,9064044792
96	0,409831809676	0,409863679037	1,5787995413	1,481995723942	0,04467998445	0,10788166523	45001,0113121875
97	0,409767046717	0,409796531503	1,578562926631	1,481752397089	0,04467998445	0,10788166523	45001,1162500694
98	0,409712921571	0,409740989721	1,578360787741	1,481541102079	0,04467998445	0,10788166523	45001,2212443056
99	0,409642096342	0,40968031752	1,578093714241	1,481321779737	0,04467998445	0,10788166523	45001,3262697685
100	0,409558081384	0,409600189218	1,577764370192	1,481021372207	0,04467998445	0,10788166523	45001,4311969907
101	0,409517780623	0,409560168618	1,577602506621	1,480869602052	0,04467998445	0,10788166523	45001,5361298495
102	0,409467181432	0,40950724397	1,57740691942	1,480663075652	0,04467998445	0,10788166523	45001,6410433796
103	0,409392177623	0,409432282968	1,577135249214	1,480371171784	0,04467998445	0,10788166523	45001,7459461458
104	0,409316416177	0,409357375582	1,57683716708	1,480070009278	0,04467998445	0,10788166523	45001,8507653704
105	0,409278316192	0,409336769545	1,576695895955	1,480008684211	0,04467998445	0,10788166523	45001,9556588194
106	0,409270158263	0,409317395884	1,576670249322	1,47991096885	0,04467998445	0,10788166523	45002,0606592824
107	0,409169887932	0,409212725987	1,576274194272	1,479515973217	0,04467998445	0,10788166523	45002,1655654282
108	0,409098338536	0,409141688247	1,575992584955	1,479245877668	0,04467998445	0,10788166523	45002,270332338
109	0,409069149503	0,409121010366	1,575898568545	1,479167893381	0,04467998445	0,10788166523	45002,3752607986
110	0,409009569401	0,409074553638	1,575660094183	1,478980894994	0,04467998445	0,10788166523	45002,4800498495
111	0,408967293113	0,40903452117	1,575486715156	1,478835882484	0,04467998445	0,10788166523	45002,5848551389
112	0,419645157767	0,399887108238	1,620342266427	1,445771834058	0,04467998445	0,10788166523	45005,6252796412
113	0,399493558083	0,401085681092	1,540259161329	1,450942503522	0,04467998445	0,10788166523	45005,7276887037
114	0,400876267282	0,401876263307	1,54525782174	1,453793445161	0,04467998445	0,10788166523	45005,8304404051
115	0,401700476495	0,402466508129	1,548266939553	1,455883046028	0,04467998445	0,10788166523	45005,9333578819
116	0,402303979823	0,402931533813	1,550505804442	1,45750740525	0,04467998445	0,10788166523	45006,0363951852
117	0,402818337898	0,40334609558	1,552433604206	1,458938677737	0,04467998445	0,10788166523	45006,1396968403
118	0,403194934595	0,40364194237	1,553816262753	1,459950406576	0,04467998445	0,10788166523	45006,2429734144
119	0,403535932085	0,403940277653	1,555085045161	1,460969289855	0,04467998445	0,10788166523	45006,3463933565
120	0,403817946754	0,404189604774	1,556138334548	1,461830038465	0,04467998445	0,10788166523	45006,4498960301
121	0,404031348114	0,404369049597	1,556921970575	1,462427171952	0,04467998445	0,10788166523	45006,5533154167
122	0,404297692289	0,404597729775	1,557930271507	1,463207745776	0,04467998445	0,10788166523	45006,6569783102
123	0,404465635686	0,404752703157	1,558567767088	1,463725065089	0,04467998445	0,10788166523	45006,7606710301
124	0,404666973652	1,91169E-7	1,559325595981	6,05839E-7	0,04467998445	0,10788166523	45006,8714477431
125	3,41420614938582E-12	0,234005772909	1,27723389887042E-11	0,821217084539	0,048638984561	0,107389062643	45007,137463912
126	0,410483965485	0,405693031053	1,579329322418	1,466844808006	0,048638984561	0,107389062643	45007,2419738426
127	0,405626691918	0,405742092199	1,562944625169	1,467000286332	0,048638984561	0,107389062643	45007,3460367824
128	0,405601720214	0,405823513916	1,562864081438	1,467227305607	0,048638984561	0,107389062643	45007,4500250116
129	0,405738290138	0,405897096099	1,563274819823	1,467553376731	0,048638984561	0,107389062643	45007,5541004745
130	0,405759043722	0,405939712427	1,563360934176	1,467674179736	0,048638984561	0,107389062643	45007,6580744792
131	0,405840760398	0,406008176901	1,56366345293	1,467882102829	0,048638984561	0,107389062643	45007,7620873148
132	0,40590277698	0,406072770251	1,563911800606	1,468082505188	0,048638984561	0,107389062643	45007,8661635995
133	0,405948105079	0,406105037145	1,564073729417	1,468150222327	0,048638984561	0,107389062643	45007,9702314468
134	0,405976150763	0,406125675396	1,564187279698	1,468187786838	0,048638984561	0,107389062643	45008,0742675463
135	0,405998628061	0,406150251114	1,564271822032	1,46824040098	0,048638984561	0,107389062643	45008,1782489236
136	0,406078172394	0,406229052093	1,564597604781	1,468511854135	0,048638984561	0,107389062643	45008,2824155556
137	0,406102081702	0,406249705177	1,564685295247	1,468569431487	0,048638984561	0,107389062643	45008,3865964931
138	0,406129671383	0,406283358102	1,564794050864	1,468667012767	0,048638984561	0,107389062643	45008,4907839699
139	0,406202398951	0,406351745012	1,565057374355	1,468890473816	0,048638984561	0,107389062643	45008,5950701505
140	0,406157159287	0,406293590546	1,564841441308	1,468629268519	0,048638984561	0,107389062643	45008,6990335417
141	0,406241200975	0,406386624169	1,565203033715	1,468947677852	0,048638984561	0,107389062643	45008,8033207407
142	0,406247613671	0,406384065953	1,565233030836	1,468913264795	0,048638984561	0,107389062643	45008,9075487037
143	0,406275756098	0,406409853274	1,565342075571	1,468976645961	0,048638984561	0,107389062643	45009,0117574769
144	0,406289593852	0,406417591294	1,565396224875	1,468967091639	0,048638984561	0,107389062643	45009,1159512384
145	0,406306034302	0,406453786329	1,565468408031	1,46909052637	0,048638984561	0,107389062643	45009,2201407523
146	0,406335572892	0,406460231358	1,565562417811	1,469083869452	0,048638984561	0,107389062643	45009,3242876736
147	0,406353118921	0,40649769056	1,565652441914	1,469215990338	0,048638984561	0,107389062643	45009,4286167593
148	0,406334575057	0,406439589717	1,565547126491	1,468975927045	0,048638984561	0,107389062643	45009,5328086574
149	0,406326181944	0,406451218363	1,565557403285	1,468993530485	0,048638984561	0,107389062643	45009,6370872222
150	0,406334574539	0,406452475961	1,565602492015	1,468983056753	0,048638984561	0,107389062643	45009,7413665509
151	0,406318865707	0,406442120383	1,565536697956	1,468906178836	0,048638984561	0,107389062643	45009,845590162
152	0,406337984414	0,406460228392	1,565625233341	1,468959861242	0,048638984561	0,107389062643	45009,9499231944
153	0,406328702045	0,406440912588	1,565573560154	1,46885484832	0,048638984561	0,107389062643	45010,0541610185
154	0,406324234452	0,406451165804	1,565567517342	1,468870616133	0,048638984561	0,107389062643	45010,1584167361
155	0,406319923064	0,406439666436	1,565565735255	1,46881388241	0,048638984561	0,107389062643	45010,2627146065
156	0,406314653966	0,406426679525	1,565549950284	1,468735543393	0,048638984561	0,107389062643	45010,3669822917
157	0,406351828215	0,406484792238	1,565701579478	1,468947741185	0,048638984561	0,107389062643	45010,4713910417
158	0,406354677028	0,406457711501	1,565709299311	1,468827776564	0,048638984561	0,107389062643	45010,5757415046
159	0,406335639296	0,406460260394	1,565635502773	1,468806086301	0,048638984561	0,107389062643	45010,6800855208
160	0,406317541344	0,406434364562	1,565564118954	1,468684914448	0,048638984561	0,107389062643	45010,7843792824
161	0,406303551356	0,406429226723	1,565527866803	1,468618682774	0,048638984561	0,107389062643	45010,888671875
162	0,406317053088	0,406424044801	1,565594904953	1,468593640521	0,048638984561	0,107389062643	45010,9930641204
163	0,406286141445	0,4064124276	1,565489664058	1,468527702644	0,048638984561	0,107389062643	45011,1390043171
164	0,406270674924	0,40639434036	1,565417976216	1,468428096409	0,048638984561	0,107389062643	45011,2432206366
165	0,406303623331	0,406426663842	1,565557079059	1,468535993047	0,048638984561	0,107389062643	45011,3476153588
166	0,406262493082	0,406386638579	1,565402174481	1,468357108107	0,048638984561	0,107389062643	45011,4519078819
167	0,406291419752	0,406408586564	1,565543155542	1,468429580639	0,048638984561	0,107389062643	45011,5563680556
168	0,406300154343	0,406431784304	1,565560717399	1,468509559341	0,048638984561	0,107389062643	45011,6608244676
169	0,406300336429	0,406408564098	1,565568077236	1,468401681625	0,048638984561	0,107389062643	45011,7652652083
170	0,40627727267	0,406404710347	1,565501248568	1,468357977312	0,048638984561	0,107389062643	45011,869694838
171	0,406212910962	0,40632723224	1,565239082577	1,46804269302	0,048638984561	0,107389062643	45011,9738708333
172	0,406250971504	0,406369869976	1,565414735684	1,468181696081	0,048638984561	0,107389062643	45012,0782904398
173	0,406196514292	0,406323304104	1,565192432074	1,467981710827	0,048638984561	0,107389062643	45012,182555544
174	0,406214314071	0,40633238322	1,565274051698	1,468004099511	0,048638984561	0,107389062643	45012,2869222685
175	0,406206478435	1,55565E-7	1,565244863427	4,92612E-7	0,048638984561	0,107389062643	45012,3983004861
176	2,27613743292388E-12	0,23570308879	8,51573022826188E-12	0,826942799196	0,04787908867	0,108920522034	45012,665250544
177	0,411395278362	0,406469280383	1,582928388842	1,468393127965	0,04787908867	0,108920522034	45012,7702071528
178	0,406384086247	0,40642019296	1,565965078713	1,468208954002	0,04787908867	0,108920522034	45012,8747048495
179	0,4062698814	0,406360784712	1,565536079724	1,467963424945	0,04787908867	0,108920522034	45012,9790209954
180	0,406233842264	0,406347833404	1,565403154243	1,467889022275	0,04787908867	0,108920522034	45013,0833761343
181	0,406224140369	0,406332387247	1,565356975487	1,467826461764	0,04787908867	0,108920522034	45013,1876821412
182	0,406199828302	0,406309135252	1,565275663443	1,467725568098	0,04787908867	0,108920522034	45013,2920265509
183	0,406202945731	0,40632595684	1,565312257603	1,467770939761	0,04787908867	0,108920522034	45013,3964961458
184	0,406236652641	0,406340117001	1,565438990623	1,467825986131	0,04787908867	0,108920522034	45013,5010241898
185	0,406213828862	0,406345282604	1,565346929253	1,467828475224	0,04787908867	0,108920522034	45013,6055247338
186	0,406192308681	0,406301409311	1,565269543732	1,467655671735	0,04787908867	0,108920522034	45013,7100339583
187	0,406156055175	0,406276812405	1,565133192186	1,467533260222	0,04787908867	0,108920522034	45013,8144185764
188	0,406175651221	0,40628975142	1,565222611471	1,467570544326	0,04787908867	0,108920522034	45013,9189562963
189	0,406127100373	0,406243228571	1,565039080441	1,467355778297	0,04787908867	0,108920522034	45014,0233947685
190	0,406137892505	0,406161911548	1,565098570979	1,467059071973	0,04787908867	0,108920522034	45014,1279201736
191	0,405991217917	0,406092093682	1,564575073946	1,466742977134	0,04787908867	0,108920522034	45014,2323652431
192	0,405990764959	0,406105025489	1,564593869757	1,466782789291	0,04787908867	0,108920522034	45014,3368714352
193	0,405984039316	0,406110221187	1,564585690716	1,466800849048	0,04787908867	0,108920522034	45014,4414513542
194	0,405952479858	0,406092132678	1,564447880712	1,466705969806	0,04787908867	0,108920522034	45014,5458593056
195	0,405995988742	0,406112777074	1,564585662909	1,466771918509	0,04787908867	0,108920522034	45014,6503462384
196	0,405967524498	0,406080498309	1,564492546709	1,466635162727	0,04787908867	0,108920522034	45014,7547970833
197	0,406005444967	0,406119222951	1,564666239129	1,466753573407	0,04787908867	0,108920522034	45014,8594236806
198	0,405937333813	0,406052126065	1,5644152559	1,466485377411	0,04787908867	0,108920522034	45014,9638727431
199	0,405961664743	0,406081785364	1,564529141906	1,466562805101	0,04787908867	0,108920522034	45015,0684075926
200	0,405929556887	0,406041720261	1,564385792648	1,466412916087	0,04787908867	0,108920522034	45015,1728409259
201	0,405941844767	0,406061197128	1,564456877144	1,466471091198	0,04787908867	0,108920522034	45015,2773961227
202	0,405916300556	0,406031490146	1,564359836248	1,466329716898	0,04787908867	0,108920522034	45015,3819531829
203	0,405874132039	0,406000428499	1,564207204032	1,466197930378	0,04787908867	0,108920522034	45015,486400081
204	0,405888957584	0,406013302239	1,564252670654	1,466254187462	0,04787908867	0,108920522034	45015,5909152199
205	0,405910126894	0,406035287733	1,564346618872	1,466323541584	0,04787908867	0,108920522034	45015,6955203935
206	0,40592731135	0,40603267929	1,564433965882	1,466285906933	0,04787908867	0,108920522034	45015,8001829514
207	0,405884257544	0,406000380391	1,564297447152	1,466136704008	0,04787908867	0,108920522034	45015,9048114931
208	0,40584657593	0,405966834279	1,564143363207	1,465983219515	0,04787908867	0,108920522034	45016,0093481134
209	0,405838226162	0,405953912642	1,564120042178	1,465925007526	0,04787908867	0,108920522034	45016,113882419
210	0,405818194728	0,405928179363	1,564058588403	1,465808339088	0,04787908867	0,108920522034	45016,2183916551
211	0,405812724567	0,405926881919	1,564038813369	1,465781966668	0,04787908867	0,108920522034	45016,3228545833
212	0,405816159712	0,405925483389	1,564071891449	1,465781591776	0,04787908867	0,108920522034	45016,4275069329
213	0,405776814754	0,405885456855	1,56390849226	1,465594334155	0,04787908867	0,108920522034	45016,5320134606
214	0,405767539569	0,405895837653	1,563884078476	1,46561610538	0,04787908867	0,108920522034	45016,6365533449
215	0,405782283981	0,405893210134	1,56392476469	1,465603970705	0,04787908867	0,108920522034	45016,7411812847
216	0,405750336957	0,405862230292	1,563825988336	1,46545550436	0,04787908867	0,108920522034	45016,8457374074
217	0,405743469174	0,405851894001	1,563821948631	1,465406266842	0,04787908867	0,108920522034	45016,9503816782
218	0,405699081765	0,405804066504	1,563675165208	1,465215451493	0,04787908867	0,108920522034	45017,0549352083
219	0,405665439623	0,405774418224	1,563577439171	1,465104014499	0,04787908867	0,108920522034	45017,1595189699
220	0,405624719322	0,405736939311	1,563422341541	1,464913841803	0,04787908867	0,108920522034	45017,2640342593
221	0,405597907716	0,405700776489	1,56331389939	1,464759924543	0,04787908867	0,108920522034	45017,368539213
222	0,405574459657	0,405664599468	1,563256951157	1,464626828932	0,04787908867	0,108920522034	45017,4731354051
223	0,405550169093	0,405654286914	1,563173141812	1,464577905504	0,04787908867	0,108920522034	45017,5777745139
224	0,405495442226	0,405607814503	1,562949377487	1,464356648459	0,04787908867	0,108920522034	45017,6822583796
225	0,405480236143	0,405585860796	1,562894423079	1,464251178355	0,04787908867	0,108920522034	45017,7867454051
226	0,40548403469	1,80997E-7	1,562962640851	5,73498E-7	0,04787908867	0,108920522034	45017,8984726273
227	3,24254215304799E-13	0,236110451476	1,2134834082061E-12	0,828167297564	0,050507772714	0,113300301135	45018,1653186921
228	0,410684492539	0,4055974212	1,58062210863	1,464213217506	0,050507772714	0,113300301135	45018,2705951042
229	0,405479760924	0,40550057113	1,562987558644	1,463844274491	0,050507772714	0,113300301135	45018,3752573032
230	0,405396014443	0,405478652817	1,562715737878	1,46377925594	0,050507772714	0,113300301135	45018,4800701389
231	0,405317513772	0,4054153656	1,56240584463	1,463520874117	0,050507772714	0,113300301135	45018,5847257755
232	0,405266190417	0,405368767513	1,562215210091	1,46332228335	0,050507772714	0,113300301135	45018,689322338
233	0,405264217386	0,405375248147	1,562254654855	1,463342087346	0,050507772714	0,113300301135	45018,7940723611
234	0,405204527782	0,405317154084	1,562022565068	1,463078972338	0,050507772714	0,113300301135	45018,8986489236
235	0,405189992194	0,405301619129	1,561985297962	1,4630139049	0,050507772714	0,113300301135	45019,0032854051
236	0,405177005503	0,405293925826	1,561960623169	1,462961729376	0,050507772714	0,113300301135	45019,1080029514
237	0,405153907424	0,405256472556	1,561869853979	1,462809412414	0,050507772714	0,113300301135	45019,2126931366
238	0,40511994059	0,405226704324	1,561746615664	1,462668116159	0,050507772714	0,113300301135	45019,3173279282
239	0,405099068486	0,405221597851	1,561695548184	1,462648707403	0,050507772714	0,113300301135	45019,4220257986
240	0,405067104509	0,40517503007	1,561564100173	1,462470965369	0,050507772714	0,113300301135	45019,5266658102
241	0,405045694418	0,405172525684	1,561512017193	1,462451397294	0,050507772714	0,113300301135	45019,6313163889
242	0,405045647518	0,405162142346	1,561508262506	1,462393353006	0,050507772714	0,113300301135	45019,7360259491
243	0,405067081224	0,405175043424	1,561618650226	1,462437219891	0,050507772714	0,113300301135	45019,8409277894
244	0,404965557091	0,405074344899	1,561213450757	1,462013492043	0,050507772714	0,113300301135	45019,9455162731
245	0,404960824144	0,405063956049	1,56123255685	1,461962896613	0,050507772714	0,113300301135	45020,0502867593
246	0,40491301042	0,405019995231	1,561074327682	1,461786367544	0,050507772714	0,113300301135	45020,1550066551
247	0,404894111073	0,405001971571	1,561017785327	1,461703248932	0,050507772714	0,113300301135	45020,2597815625
248	0,398860873191	0,39907723523	1,535701670606	1,437891539934	0,050507772714	0,113300301135	45020,3538161111
249	0,404937363135	0,404991755656	1,561193984079	1,461616897055	0,050507772714	0,113300301135	45020,4586198495
250	0,404865812019	0,404969675427	1,560930934969	1,461534702794	0,050507772714	0,113300301135	45020,5634369097
251	0,404808843926	0,404911592595	1,560735590667	1,4613024505	0,050507772714	0,113300301135	45020,6681533218
252	0,404769591916	0,404866330734	1,560599677414	1,461120156102	0,050507772714	0,113300301135	45020,7728425231
253	0,404759263627	0,404863800068	1,560579570425	1,461085312198	0,050507772714	0,113300301135	45020,8775871644
254	0,404718271167	0,404809509526	1,560425210767	1,460873710118	0,050507772714	0,113300301135	45020,9822389005
255	0,404699524527	0,404826367991	1,560391975126	1,460906287001	0,050507772714	0,113300301135	45021,0870624306
256	0,404689280143	0,404801830001	1,560330343403	1,460795432315	0,050507772714	0,113300301135	45021,1918366667
257	0,404655958626	0,404774678903	1,560214182758	1,460676156595	0,050507772714	0,113300301135	45021,2966206829
258	0,40459771901	0,404734666781	1,559999068508	1,460527838996	0,050507772714	0,113300301135	45021,4012663426
259	0,40460809505	0,404730738007	1,560052837944	1,460514414239	0,050507772714	0,113300301135	45021,5058977662
260	0,40465304429	0,404765596604	1,560258195178	1,460643703993	0,050507772714	0,113300301135	45021,6108321991
261	0,40456663365	0,404924285559	1,559902193705	1,461207118533	0,050507772714	0,113300301135	45021,715651956
262	0,404788108038	0,404670034863	1,560649699445	1,460234817518	0,050507772714	0,113300301135	45021,8203289352
263	0,404573939554	0,404676490913	1,559983370781	1,460245150018	0,050507772714	0,113300301135	45021,9251287153
264	0,404523415207	0,404637732361	1,559783902249	1,460061332885	0,050507772714	0,113300301135	45022,0298693403
265	0,404493677935	0,404610603093	1,559681386146	1,459946252531	0,050507772714	0,113300301135	45022,1345996412
266	0,404488241089	0,404593825798	1,559670482976	1,459880916382	0,050507772714	0,113300301135	45022,239396169
267	0,404459201573	0,404567979347	1,559573584705	1,459759330219	0,050507772714	0,113300301135	45022,3441722107
268	0,40443188886	0,404551267536	1,559476495164	1,459706512394	0,050507772714	0,113300301135	45022,4489209028
269	0,404390737528	0,404514980947	1,559326794941	1,459555164395	0,050507772714	0,113300301135	45022,5536061458
270	0,404389865834	0,404516311449	1,559341922218	1,459532776611	0,050507772714	0,113300301135	45022,6583748264
271	0,40437365861	0,404486610189	1,559278464803	1,459406417546	0,050507772714	0,113300301135	45022,7631107407
272	0,404377226925	0,404480236579	1,559307679335	1,45936704922	0,050507772714	0,113300301135	45022,8679861921
273	0,404312501718	0,404441358287	1,559080674634	1,459205684841	0,050507772714	0,113300301135	45022,9727670833
274	0,404282416189	0,404400147907	1,558952259515	1,459026163999	0,050507772714	0,113300301135	45023,077398831
275	0,404293395103	0,404396225915	1,55901242074	1,45900008954	0,050507772714	0,113300301135	45023,1821463657
276	0,404542717113	0,395996720801	1,559068383364	1,429072347089	0,050507772714	0,113300301135	45025,4909253819
277	0,395910219144	1,331E-7	1,527901981018	4,21262E-7	0,050507772714	0,113300301135	45025,6008822569
278	2,16169476869866E-13	0,231038771845	8,09304239922831E-13	0,810373599725	0,050343651325	0,116748519242	45025,863732037
279	0,404125892882	0,399959414176	1,556786312642	1,443506097654	0,050343651325	0,116748519242	45025,9680583449
280	0,399810519002	0,400366290484	1,542280895343	1,444862298289	0,050343651325	0,116748519242	45026,0717209028
281	0,400262395618	0,400757708341	1,54399712455	1,446212171614	0,050343651325	0,116748519242	45026,1756716319
282	0,400645952827	0,401067598517	1,545450228537	1,44725222085	0,050343651325	0,116748519242	45026,2797661343
283	0,400906377504	0,401276934917	1,546442529215	1,447945905845	0,050343651325	0,116748519242	45026,3838416667
284	0,401188532368	0,401523595099	1,547530068714	1,448783116359	0,050343651325	0,116748519242	45026,4880785417
285	0,40138718621	0,401679911061	1,548284127396	1,449291862533	0,050343651325	0,116748519242	45026,5923133218
286	0,401513829602	0,401787070299	1,548775701799	1,44960367567	0,050343651325	0,116748519242	45026,6964617477
287	0,401670267538	0,40192151648	1,549386968191	1,450049805185	0,050343651325	0,116748519242	45026,8007167708
288	0,40179345353	0,402007957991	1,549889837973	1,450318046154	0,050343651325	0,116748519242	45026,9051161227
289	0,401869332324	0,402068694409	1,550220893113	1,45047286255	0,050343651325	0,116748519242	45027,009545706
290	0,401932336312	0,401988580304	1,550490948699	1,450140650032	0,050343651325	0,116748519242	45027,114022581
291	0,401839688639	0,401945933459	1,550203735228	1,449930666689	0,050343651325	0,116748519242	45027,2185623264
292	0,401789414171	0,401933073069	1,550035095843	1,44982514696	0,050343651325	0,116748519242	45027,3230109375
293	0,401763558474	0,401938246725	1,549963848726	1,449807261579	0,050343651325	0,116748519242	45027,4273876389
294	0,401808261299	0,401970517224	1,550170067375	1,449913963485	0,050343651325	0,116748519242	45027,5318797801
295	0,401839678511	0,40199121291	1,550296176461	1,449936584392	0,050343651325	0,116748519242	45027,6363597338
296	0,401883231518	0,402042857916	1,550500906058	1,450104677585	0,050343651325	0,116748519242	45027,7410181134
297	0,401877034777	0,402027297741	1,550492394617	1,450004118896	0,050343651325	0,116748519242	45027,8455213657
298	0,401882214134	0,40202996044	1,550526426782	1,44998794132	0,050343651325	0,116748519242	45027,950044838
299	0,401876592878	0,402019627963	1,550536612275	1,449902220701	0,050343651325	0,116748519242	45028,0545549884
300	0,401909222782	0,402042874234	1,550675461363	1,449971268982	0,050343651325	0,116748519242	45028,1591537847
301	0,401899566975	0,402042895427	1,550650000934	1,449938764441	0,050343651325	0,116748519242	45028,2636952662
302	0,401857691478	0,401991223507	1,550480098119	1,449698538241	0,050343651325	0,116748519242	45028,3680772106
303	0,401892492317	0,402031246013	1,550631015579	1,449826293879	0,050343651325	0,116748519242	45028,4726225579
304	0,401913636345	0,401528798214	1,550731181229	1,447997648942	0,050343651325	0,116748519242	45028,5772049306
305	0,401160000577	0,401039231994	1,548080635835	1,446037945422	0,050343651325	0,116748519242	45028,6819297917
306	0,400888560065	0,400929437188	1,547087407221	1,445586899991	0,050343651325	0,116748519242	45028,7865625579
307	0,400785554954	0,400850591914	1,546731510512	1,445229993705	0,050343651325	0,116748519242	45028,8911664468
308	0,400718491827	0,400820936641	1,54653107125	1,445094443123	0,050343651325	0,116748519242	45028,9957833449
309	0,400681682478	0,400788660418	1,546416011603	1,444946299379	0,050343651325	0,116748519242	45029,1004838194
310	0,400621312991	0,400720241295	1,546195114196	1,444664462035	0,050343651325	0,116748519242	45029,2051059143
311	0,400606802252	0,400712468305	1,546177913211	1,444597323514	0,050343651325	0,116748519242	45029,3098579051
312	0,400538335437	0,400646616727	1,545926768005	1,444326010698	0,050343651325	0,116748519242	45029,4145304282
313	0,400464942372	0,400573023948	1,545639415424	1,444018703944	0,050343651325	0,116748519242	45029,5192228125
314	0,400441514428	0,400536785467	1,545576663524	1,443881946708	0,050343651325	0,116748519242	45029,6239697917
315	0,40044130037	0,400545835339	1,545605767287	1,443880699723	0,050343651325	0,116748519242	45029,7288218403
316	0,400407950896	0,400509693286	1,545484862643	1,443710108779	0,050343651325	0,116748519242	45029,8337202315
317	0,400299082409	0,400399911193	1,5450757886	1,443245537889	0,050343651325	0,116748519242	45029,938360544
318	0,400262043265	0,400371427473	1,544958069147	1,443109282322	0,050343651325	0,116748519242	45030,0430509954
319	0,400214437089	0,400317203693	1,54480649916	1,44288608169	0,050343651325	0,116748519242	45030,1477681481
320	0,40018362948	0,400287526377	1,544706709264	1,442756238442	0,050343651325	0,116748519242	45030,2525311806
321	0,400140197833	0,40022031187	1,544561056468	1,442489810285	0,050343651325	0,116748519242	45030,3573570139
322	0,400084353933	0,400202240738	1,544379112129	1,442409626116	0,050343651325	0,116748519242	45030,4621603009
323	0,400054698331	0,400159670821	1,544263225896	1,442213689726	0,050343651325	0,116748519242	45030,5669059028
324	0,400030172591	0,400127372983	1,544190594769	1,442077419794	0,050343651325	0,116748519242	45030,6716841088
325	0,399997535519	0,400101557895	1,544079070654	1,441948721451	0,050343651325	0,116748519242	45030,7764621065
326	0,399939731311	0,40003437772	1,543858333	1,441657610679	0,050343651325	0,116748519242	45030,8811314699
327	0,399935840987	0,400033057817	1,543907201292	1,441634368055	0,050343651325	0,116748519242	45030,9860557986
328	0,399886975751	2,34615E-7	1,543742502482	7,48946E-7	0,050343651325	0,116748519242	45031,0979703704
329	8,45604130108593E-13	0,235072967698	3,16619950585737E-12	0,824012698312	0,053695999086	0,121122285724	45031,3630200116
330	0,406469165056	0,400362390955	1,566144130955	1,442866187537	0,053695999086	0,121122285724	45031,4686651505
331	0,400298688672	0,400230703262	1,545145123625	1,442338059133	0,053695999086	0,121122285724	45031,5735121991
332	0,400100786171	0,400145375662	1,544448781326	1,441984862637	0,053695999086	0,121122285724	45031,6783135648
333	0,399992161335	0,400064034902	1,544082398671	1,441652706045	0,053695999086	0,121122285724	45031,7830789583
334	0,399954537429	0,400034328764	1,543992037003	1,44150701951	0,053695999086	0,121122285724	45031,8879478009
335	0,399834454986	0,399921873379	1,54354757811	1,441045696184	0,053695999086	0,121122285724	45031,9924266898
336	0,399875550876	0,399972307199	1,543765661449	1,441240230601	0,053695999086	0,121122285724	45032,097387662
337	0,39979000068	0,399888363505	1,543453113489	1,44088529824	0,053695999086	0,121122285724	45032,2021708333
338	0,399760326493	0,399863833566	1,543362596815	1,440761168373	0,053695999086	0,121122285724	45032,3070019329
339	0,399746682594	0,399843195531	1,543349615868	1,440637366018	0,053695999086	0,121122285724	45032,4118859375
340	0,399715920119	0,399757962449	1,543248224751	1,440291146453	0,053695999086	0,121122285724	45032,5168076389
341	0,399613455211	0,399597769212	1,54292101847	1,439665533464	0,053695999086	0,121122285724	45032,6217251273
342	0,399470850567	0,39949831239	1,542466884752	1,439237389353	0,053695999086	0,121122285724	45032,7267109144
343	0,399363549879	0,399401377121	1,542142276403	1,438877218288	0,053695999086	0,121122285724	45032,8317144329
344	0,399288298163	0,399348417931	1,541906168621	1,438642155558	0,053695999086	0,121122285724	45032,9366980093
345	0,39922253851	0,399340737131	1,541713793211	1,438590993978	0,053695999086	0,121122285724	45033,0416248611
346	0,399213457664	0,399300705302	1,541710601793	1,438397233844	0,053695999086	0,121122285724	45033,1465403472
347	0,399207361538	0,399304475761	1,541726283176	1,438382432051	0,053695999086	0,121122285724	45033,2514525231
348	0,399197276761	0,399298110206	1,541703398639	1,438332683647	0,053695999086	0,121122285724	45033,356494456
349	0,399155500725	0,399264552228	1,541567075802	1,438187194926	0,053695999086	0,121122285724	45033,4614817477
350	0,39912292086	0,399158569632	1,541469181564	1,437767722145	0,053695999086	0,121122285724	45033,5665423148
351	0,398920733518	0,398910620064	1,54077300674	1,436777406663	0,053695999086	0,121122285724	45033,6714685069
352	0,398781581538	0,398812395197	1,540324348935	1,436383981379	0,053695999086	0,121122285724	45033,7766098264
353	0,398659059589	0,398700036872	1,539899090172	1,435917777137	0,053695999086	0,121122285724	45033,8817365394
354	0,398526810252	0,398422371207	1,53946446463	1,434815583297	0,053695999086	0,121122285724	45033,9869509375
355	0,398222759512	0,398188610197	1,538415046327	1,433907696095	0,053695999086	0,121122285724	45034,0921606944
356	0,398024200286	0,39801809402	1,537720010685	1,433217642946	0,053695999086	0,121122285724	45034,1974144329
357	0,397825304929	0,397824290667	1,53701077337	1,432450310427	0,053695999086	0,121122285724	45034,3026009954
358	0,397645626232	0,397697772183	1,53639104506	1,431938550672	0,053695999086	0,121122285724	45034,4079174421
359	0,397520983513	0,39757894022	1,535925112884	1,431475162986	0,053695999086	0,121122285724	45034,513138588
360	0,395309741369		1,526697928129		0,053695999086	0,121122285724	45034,5691872222
