TesterID:	Maccor#2						
Channel Number:	39						
TestName:	KAI_Zelltest_regulaer_fix_no_degass_flag.000						
TestDesc:	Regular cycling: formation, followed by pulse, C-rate quick charge and cycling t						
StartDateTime:	44986,7023440394						
Comment:							
							
							
Cycle	AH-IN	AH-OUT	WH-IN	WH-OUT	ACR	DCIR	Date
0		1,7815E-8		3,72810323130152E-9	0	0	44987,4524666551
1	0,527872197999	0,452240083912	1,963176550724	1,658921417183	0	0	44987,8986104745
2	0,455286085756	0,452847424004	1,710382575767	1,661501013156	0	0	44988,3193861111
3	0,468132780149	3,6464E-8	1,762854246939	1,17373E-7	0	0	44988,8134242824
4	7,62951094834821E-13	3,3909E-8	2,86317184694666E-12	1,10204E-7	0,046565726399	0,127093195915	44989,1204870949
5	0,4587848154	0,456399392954	1,736318492956	1,67564512647	0,046565726399	0,127093195915	44989,3894111458
6	0,457460212348	0,455455478341	1,730836671775	1,672333414394	0,046565726399	0,127093195915	44989,664080787
7	0,456501722909	0,454690335465	1,726866077859	1,669672193547	0,046565726399	0,127093195915	44989,9381547685
8	0,455586476075	0,433109406211	1,72308398342	1,564029847063	0,046565726399	0,127093195915	44990,128082581
9	0,433801178413	0,43207746548	1,647628644828	1,560533974125	0,046565726399	0,127093195915	44990,3118314236
10	0,432719767488	0,431289502943	1,643475958447	1,557858495269	0,046565726399	0,127093195915	44990,4951243171
11	0,431905260246	0,376958105316	1,64028071893	1,329074453793	0,046565726399	0,127093195915	44990,6562003819
12	0,377530878719	0,37659909317	1,448326811776	1,32832005329	0,046565726399	0,127093195915	44990,8025970833
13	0,377113068925	0,375681974668	1,446507461489	1,325283766064	0,046565726399	0,127093195915	44990,9486491782
14	0,37617578005	0,446135717788	1,442892427284	1,639464652277	0,046565726399	0,127093195915	44991,1974904051
15	0,446959111046	0,446805490081	1,690326011017	1,641945170374	0,046565726399	0,127093195915	44991,4657070602
16	0,447531535941	4,3022E-8	1,69216756526	1,36559E-7	0,046565726399	0,127093195915	44991,7410230324
17	0,393404415815	0,393575187437	1,495279311771	1,425734323352	0,046565726399	0,127093195915	44991,8892023032
18	0,39326883665	0,393066285711	1,494403116604	1,423700065661	0,046565726399	0,127093195915	44992,0441071759
19	0,39310604599	0,392762954165	1,493555227335	1,422526458277	0,046565726399	0,127093195915	44992,1989198611
20	0,36706384972	0,358676577614	1,422786584278	1,290981029845	0,046565726399	0,127093195915	44992,3257774768
21	0,358024670288	0,349149356243	1,387262922975	1,257160195273	0,046565726399	0,127093195915	44992,4496673843
22	0,348887347161	5,5326E-8	1,351953486226	1,69159E-7	0,046565726399	0,127093195915	44992,5781439005
23	8,51962055898883E-13	0,243486914154	3,18711706715507E-12	0,854757275545	0,046065554023	0,111877597868	44992,8544214236
24	0,424064091791	0,416650036165	1,63258341847	1,506445595301	0,046065554023	0,111877597868	44992,9628324537
25	0,417021659736	0,415745959678	1,608024779792	1,503368806775	0,046065554023	0,111877597868	44993,0701135532
26	0,416137583223	0,415020003449	1,604625886536	1,500885976939	0,046065554023	0,111877597868	44993,1772267593
27	0,415337587891	0,414331577632	1,601573134862	1,498498518189	0,046065554023	0,111877597868	44993,2840886227
28	0,414643247658	0,413684446754	1,598906479219	1,496236855122	0,046065554023	0,111877597868	44993,3907337616
29	0,413925685872	0,413014076809	1,596199138289	1,493828870489	0,046065554023	0,111877597868	44993,4971506018
30	0,413356963067	0,412522004509	1,594065507093	1,492124201945	0,046065554023	0,111877597868	44993,6034834606
31	0,412822717942	0,412044084526	1,592004377393	1,490451514961	0,046065554023	0,111877597868	44993,7096448611
32	0,41230179736	0,411532632633	1,589966261807	1,488624059227	0,046065554023	0,111877597868	44993,8155671065
33	0,41186281849	0,411157986558	1,588310971981	1,487326890642	0,046065554023	0,111877597868	44993,9215824306
34	0,411396481622	0,410690402232	1,586510856018	1,485667732912	0,046065554023	0,111877597868	44994,027339294
35	0,410964842867	0,410296445443	1,58485572695	1,484304314166	0,046065554023	0,111877597868	44994,1330189468
36	0,410592843534	0,40992452162	1,583454320861	1,482996526736	0,046065554023	0,111877597868	44994,2387259144
37	0,410127796478	0,40950470566	1,581649521736	1,481513900294	0,046065554023	0,111877597868	44994,3440998495
38	0,409755908106	0,409106873505	1,580237786016	1,480079408134	0,046065554023	0,111877597868	44994,4493834375
39	0,409415043808	0,408774927257	1,578959793408	1,478943353017	0,046065554023	0,111877597868	44994,5547665972
40	0,408985375205	0,408353814707	1,577318936387	1,477432679742	0,046065554023	0,111877597868	44994,6598961111
41	0,408580169594	0,40798572514	1,575774848312	1,476109922415	0,046065554023	0,111877597868	44994,7648756829
42	0,40825999445	0,407606000989	1,574588101958	1,474775631515	0,046065554023	0,111877597868	44994,8698890856
43	0,407873917441	0,407245615319	1,57313410056	1,473520338375	0,046065554023	0,111877597868	44994,9749066782
44	0,407392868915	0,406793554506	1,571290445113	1,471863042093	0,046065554023	0,111877597868	44995,0794428935
45	0,407093005591	0,406492565424	1,570172219498	1,470827357325	0,046065554023	0,111877597868	44995,1841321875
46	0,406737298712	0,406161956462	1,568834871392	1,469660578693	0,046065554023	0,111877597868	44995,2888376157
47	0,406368993016	0,405792470907	1,567410942214	1,46834780415	0,046065554023	0,111877597868	44995,3933702893
48	0,40600903729	0,405454066916	1,566077677061	1,467130242044	0,046065554023	0,111877597868	44995,4977825116
49	0,405687634768	0,405166111157	1,564852579132	1,466116384921	0,046065554023	0,111877597868	44995,6020782407
50	0,405428001825	0,404878053465	1,563868415213	1,465081474366	0,046065554023	0,111877597868	44995,7064077894
51	0,405093140339	0,404551337672	1,562624382462	1,463887887684	0,046065554023	0,111877597868	44995,810663044
52	0,404744857172	0,404217967677	1,561338877834	1,462688277718	0,046065554023	0,111877597868	44995,9147655093
53	0,404427852494	0,403895110933	1,560156030464	1,461526763703	0,046065554023	0,111877597868	44996,0188652893
54	0,404091104036	0,403582581369	1,558895512349	1,46041428875	0,046065554023	0,111877597868	44996,1228628472
55	0,40381366248	0,403322902279	1,557879185128	1,459503985957	0,046065554023	0,111877597868	44996,2268991319
56	0,403492716577	0,402997337271	1,556644921368	1,458341968003	0,046065554023	0,111877597868	44996,3307097569
57	0,403198885676	0,402693867327	1,555573075115	1,45723154759	0,046065554023	0,111877597868	44996,4344504282
58	0,402923571699	0,402442009119	1,554560329131	1,456338549788	0,046065554023	0,111877597868	44996,538205081
59	0,402645270733	0,402178558082	1,553515087077	1,455393292848	0,046065554023	0,111877597868	44996,6418917477
60	0,402402335169	0,401930530098	1,552596402829	1,454512730876	0,046065554023	0,111877597868	44996,7455657176
61	0,402134789845	0,401668297238	1,551598556862	1,453581144909	0,046065554023	0,111877597868	44996,8492025347
62	0,401864475137	0,401399695431	1,550576612931	1,452626247553	0,046065554023	0,111877597868	44996,9527378357
63	0,401586603976	0,401110314441	1,549539956208	1,451578979377	0,046065554023	0,111877597868	44997,056146412
64	0,401306405854	0,400846794523	1,548506800692	1,450622157565	0,046065554023	0,111877597868	44997,1595236574
65	0,401021860072	0,400567859178	1,547438114358	1,449604718614	0,046065554023	0,111877597868	44997,2627117014
66	0,400765426193	0,400309545979	1,546486302333	1,448674615919	0,046065554023	0,111877597868	44997,3658786921
67	0,400524841854	0,400091194677	1,545617763277	1,447895973803	0,046065554023	0,111877597868	44997,469077963
68	0,400254267932	0,399819974888	1,54455760892	1,446908667295	0,046065554023	0,111877597868	44997,5720403588
69	0,400081897907	0,399670227721	1,543927311022	1,446401462388	0,046065554023	0,111877597868	44997,6751746181
70	0,399848609898	0,399423390577	1,543017960274	1,445516253054	0,046065554023	0,111877597868	44997,7781306366
71	0,399628463868	0,399220616191	1,5421890695	1,44479858443	0,046065554023	0,111877597868	44997,8810182176
72	0,399405477591	0,398994654027	1,541326306274	1,443973933951	0,046065554023	0,111877597868	44997,983814213
73	0,399244684869	6,889E-8	1,54072531194	2,20156E-7	0,046065554023	0,111877597868	44998,0937077894
74	2,25706365555301E-12	0,227984662962	8,44610883076611E-12	0,800361974026	0,045865286142	0,110891908407	44998,3566570833
75	0,405518566393	0,399485493312	1,562262650066	1,445842219646	0,045865286142	0,110891908407	44998,460427662
76	0,399708579857	0,39910188087	1,542249282716	1,44450660272	0,045865286142	0,110891908407	44998,5634706944
77	0,399285273203	0,398759652798	1,540600018092	1,443314572186	0,045865286142	0,110891908407	44998,6662316319
78	0,398946974833	0,398449586507	1,53932971503	1,442196342338	0,045865286142	0,110891908407	44998,7689852199
79	0,398617530743	0,398161509528	1,538097907601	1,441157636494	0,045865286142	0,110891908407	44998,8715038426
80	0,398334435847	0,397897971172	1,537018653823	1,44020311326	0,045865286142	0,110891908407	44998,9739121181
81	0,398102161181	0,397677208306	1,536178940148	1,439402287384	0,045865286142	0,110891908407	44999,0763565393
82	0,397862958454	0,397433044248	1,535304091044	1,438524339665	0,045865286142	0,110891908407	44999,1787925579
83	0,397611519153	0,397223812964	1,534369630062	1,437758281102	0,045865286142	0,110891908407	44999,2811105671
84	0,397395658045	0,39697453692	1,533540292947	1,436847809902	0,045865286142	0,110891908407	44999,3833710995
85	0,397184433112	0,396797531421	1,532804047326	1,436225352985	0,045865286142	0,110891908407	44999,4856691551
86	0,396970575364	0,396589546713	1,53196921733	1,435486455342	0,045865286142	0,110891908407	44999,5878323958
87	0,396780381028	0,396381619865	1,531276098452	1,434712296481	0,045865286142	0,110891908407	44999,6900379051
88	0,396536718848	0,39615561934	1,530377713269	1,43387924862	0,045865286142	0,110891908407	44999,7921386921
89	0,396307964586	0,395941199777	1,529506776455	1,433102976655	0,045865286142	0,110891908407	44999,8940366088
90	0,396137988417	0,395766837476	1,528894322287	1,4324781613	0,045865286142	0,110891908407	44999,9959935648
91	0,395937240391	0,395576925598	1,528147371777	1,43178678774	0,045865286142	0,110891908407	45000,0979102662
92	0,395767744969	0,395410300896	1,527525341467	1,431191098853	0,045865286142	0,110891908407	45000,1999041435
93	0,395560470683	0,395195928803	1,526744241601	1,430415833375	0,045865286142	0,110891908407	45000,3017096991
94	0,395391889075	0,395030637568	1,52613674016	1,429814014872	0,045865286142	0,110891908407	45000,4036290509
95	0,395155497388	0,394798026496	1,525242245187	1,42896563829	0,045865286142	0,110891908407	45000,5052512037
96	0,395003049942	0,39465609089	1,524681351847	1,428453749973	0,045865286142	0,110891908407	45000,6069343866
97	0,394873315131	0,394534624839	1,524211209151	1,428037144011	0,045865286142	0,110891908407	45000,7087622801
98	0,394674459307	0,394339557529	1,523436173562	1,427316343304	0,045865286142	0,110891908407	45000,8103901389
99	0,394502415211	0,394166462999	1,522800052157	1,426695759525	0,045865286142	0,110891908407	45000,9119619444
100	0,394339441649	0,393994722284	1,522200335945	1,426070686112	0,045865286142	0,110891908407	45001,0135444792
101	0,39419250443	0,393847465944	1,521676670451	1,425543269953	0,045865286142	0,110891908407	45001,1152334144
102	0,393976757078	0,393639442453	1,52086457441	1,424755830563	0,045865286142	0,110891908407	45001,2167039468
103	0,393802345476	0,393465101136	1,520222805281	1,424121605026	0,045865286142	0,110891908407	45001,3180732639
104	0,393653803519	0,393314001004	1,519690420504	1,423559400802	0,045865286142	0,110891908407	45001,4195283218
105	0,393457111916	0,393142202007	1,518941589354	1,422931976721	0,045865286142	0,110891908407	45001,520771956
106	0,393338234725	0,393027255584	1,518485863648	1,422537635387	0,045865286142	0,110891908407	45001,6220305208
107	0,393211656035	0,392880006236	1,518003214607	1,422015455777	0,045865286142	0,110891908407	45001,7233976968
108	0,393083833239	0,392756010577	1,517563685559	1,421583906955	0,045865286142	0,110891908407	45001,8247608102
109	0,392911896697	0,392588077833	1,516888947001	1,4209820341	0,045865286142	0,110891908407	45001,9260020833
110	0,392769780705	0,392421483438	1,516368374235	1,420378085511	0,045865286142	0,110891908407	45002,0272898843
111	0,392573097725	0,392248416883	1,515627788914	1,419753864962	0,045865286142	0,110891908407	45002,1284692245
112	0,392405910051	0,392081763566	1,515018508456	1,419132812968	0,045865286142	0,110891908407	45002,2295342824
113	0,392272265634	0,39195651455	1,514529317689	1,418704024486	0,045865286142	0,110891908407	45002,3306855787
114	0,39209148743	0,3917665819	1,513838799375	1,417985443173	0,045865286142	0,110891908407	45002,4316813426
115	0,391963616812	0,391656818459	1,51336853558	1,41761098539	0,045865286142	0,110891908407	45002,5326700694
116	0,391837171264	0,391536702193	1,512879104984	1,417195439559	0,045865286142	0,110891908407	45002,6336525231
117	0,398148911238	0,407863019928	1,542492466229	1,473306982924	0,045865286142	0,110891908407	45005,6736670602
118	0,408048923691	0,406614031054	1,573852675146	1,469061486167	0,045865286142	0,110891908407	45005,779224375
119	0,406754003364	0,405476077632	1,568676048997	1,465106134503	0,045865286142	0,110891908407	45005,8840387731
120	0,405705351766	0,404542203877	1,564662211367	1,461921291613	0,045865286142	0,110891908407	45005,9887673843
121	0,404732379871	0,403688528998	1,560954390873	1,458962258508	0,045865286142	0,110891908407	45006,093226169
122	0,403865972698	0,402900529585	1,557658630736	1,456215868034	0,045865286142	0,110891908407	45006,1973573148
123	0,403093363961	0,402188836092	1,554760186477	1,453738401897	0,045865286142	0,110891908407	45006,3013254745
124	0,402375536404	4,5577E-8	1,552048101086	1,44564E-7	0,045865286142	0,110891908407	45006,4121949421
125	2,40965387451998E-12	0,229924176602	9,01755281716243E-12	0,807012909932	0,050339065492	0,10996042192	45006,676348588
126	0,406401964674	0,400981185815	1,56540791832	1,449774235593	0,050339065492	0,10996042192	45006,7802192593
127	0,4012194409	0,400326324546	1,54748846351	1,447446203936	0,050339065492	0,10996042192	45006,8835343171
128	0,400473869581	0,399689554969	1,544686696045	1,445159284891	0,050339065492	0,10996042192	45006,9864578357
129	0,399903560532	0,399169030949	1,542599241185	1,443322426474	0,050339065492	0,10996042192	45007,0894519097
130	0,39936218837	0,398688560804	1,540614466534	1,441631702571	0,050339065492	0,10996042192	45007,1924046296
131	0,398863764536	0,398224799076	1,538761592005	1,43998896362	0,050339065492	0,10996042192	45007,2951648611
132	0,398388577148	0,397745657947	1,536975199865	1,438289807153	0,050339065492	0,10996042192	45007,3977906019
133	0,397924287345	0,397396804284	1,535385227806	1,437090227477	0,050339065492	0,10996042192	45007,5002260301
134	0,397601169132	0,397052028169	1,534088870819	1,435891982159	0,050339065492	0,10996042192	45007,6027770139
135	0,397224915617	0,396695535243	1,532685204221	1,434612873687	0,050339065492	0,10996042192	45007,7051600231
136	0,396859217458	0,396349388147	1,531325362148	1,433387752898	0,050339065492	0,10996042192	45007,8074427546
137	0,396507135993	0,396010927995	1,530002221939	1,432191528279	0,050339065492	0,10996042192	45007,909563044
138	0,396194768015	0,395695846361	1,528842204648	1,431088521909	0,050339065492	0,10996042192	45008,01163
139	0,395880083579	0,395403856288	1,527680017664	1,430044596457	0,050339065492	0,10996042192	45008,1136689583
140	0,39558519517	0,395118420603	1,526595515333	1,429041338106	0,050339065492	0,10996042192	45008,2156643403
141	0,39528640432	0,394827817618	1,525478815956	1,428021025056	0,050339065492	0,10996042192	45008,3175450694
142	0,394970219624	0,39450621805	1,524333744562	1,426820803502	0,050339065492	0,10996042192	45008,4193975579
143	0,39466561576	0,394251753302	1,523223058114	1,425921022192	0,050339065492	0,10996042192	45008,5211264815
144	0,394415470226	0,394003724683	1,522253303223	1,425052255161	0,050339065492	0,10996042192	45008,6226606829
145	0,394184160206	0,393745459382	1,521409061759	1,424124973431	0,050339065492	0,10996042192	45008,7242426505
146	0,393887927704	0,39350387325	1,52032494291	1,423268824456	0,050339065492	0,10996042192	45008,8256398611
147	0,393676448142	0,39328032328	1,519525854365	1,422478603821	0,050339065492	0,10996042192	45008,9270323727
148	0,393451838739	0,393059620603	1,51868438589	1,42168319491	0,050339065492	0,10996042192	45009,0283878125
149	0,393242785044	0,392829666721	1,51794706137	1,420832564102	0,050339065492	0,10996042192	45009,1297656019
150	0,393001634064	0,392642298012	1,517068163328	1,420166069298	0,050339065492	0,10996042192	45009,2311514236
151	0,392759229603	0,392374962491	1,516148601677	1,419184759896	0,050339065492	0,10996042192	45009,3322442245
152	0,392565710513	0,392208356652	1,515482620707	1,418608926396	0,050339065492	0,10996042192	45009,4335347222
153	0,3923180365	0,39193198101	1,514523930097	1,417635027706	0,050339065492	0,10996042192	45009,5346796412
154	0,392056511876	0,391705897405	1,513592777216	1,416804591168	0,050339065492	0,10996042192	45009,6357375926
155	0,391901156247	0,391562581495	1,513036394481	1,416340630474	0,050339065492	0,10996042192	45009,7368977199
156	0,391685579631	0,391341684477	1,512196424515	1,41555900677	0,050339065492	0,10996042192	45009,8378542245
157	0,391485010513	0,39113499721	1,511431148302	1,414807985857	0,050339065492	0,10996042192	45009,9387437269
158	0,391325826785	0,390987717979	1,510857302452	1,414289293606	0,050339065492	0,10996042192	45010,0396753241
159	0,391131110245	0,390792734808	1,51013454951	1,413593649589	0,050339065492	0,10996042192	45010,1404965856
160	0,390940733355	0,390595030444	1,509441600647	1,412882146109	0,050339065492	0,10996042192	45010,2412877662
161	0,390724531191	0,390393639967	1,508637438626	1,412136524387	0,050339065492	0,10996042192	45010,341962338
162	0,390600057184	0,390286432834	1,50821090708	1,411782025963	0,050339065492	0,10996042192	45010,4427508449
163	0,390437544338	0,390123611864	1,507575809055	1,411217856326	0,050339065492	0,10996042192	45010,5434616204
164	0,390292360629	0,389972541191	1,507044036857	1,410666499969	0,050339065492	0,10996042192	45010,6441608681
165	0,390134328907	0,389822747825	1,506471433797	1,410129338394	0,050339065492	0,10996042192	45010,7448310069
166	0,389977492822	0,389685771611	1,505901828907	1,409670896036	0,050339065492	0,10996042192	45010,8454767361
167	0,389854116278	0,389541187928	1,505427237532	1,409143825768	0,050339065492	0,10996042192	45010,9461172454
168	0,389662491992	0,389356431269	1,504716894339	1,408451331249	0,050339065492	0,10996042192	45011,0465997454
169	0,389515058833	0,389209175985	1,504181845197	1,407949891128	0,050339065492	0,10996042192	45011,1887298264
170	0,389315614142	0,389023238234	1,503420905425	1,407263407433	0,050339065492	0,10996042192	45011,2889734954
171	0,389212930251	0,388913424988	1,503054499339	1,406885670968	0,050339065492	0,10996042192	45011,3893874884
172	0,389067774765	0,388768748905	1,502544723044	1,40638622597	0,050339065492	0,10996042192	45011,4898495602
173	0,388938615656	0,388660232463	1,502065678299	1,405975110338	0,050339065492	0,10996042192	45011,590281875
174	0,388806789887	0,388519454848	1,501552609169	1,405474376158	0,050339065492	0,10996042192	45011,6906084143
175	0,388656517604	5,9353E-8	1,501006110995	1,88587E-7	0,050339065492	0,10996042192	45011,7978657407
176	6,48508430609598E-13	0,219397254914	2,428385186368E-12	0,770138777437	0,051530621946	0,115270711482	45012,0546403472
177	0,394118461589	0,389015402091	1,519935059426	1,407340073721	0,051530621946	0,115270711482	45012,155620787
178	0,38916844612	0,388667937633	1,502821959311	1,406104049129	0,051530621946	0,115270711482	45012,2560126273
179	0,388811509174	0,388395453465	1,501494227473	1,40512731789	0,051530621946	0,115270711482	45012,356255706
180	0,388520779435	0,388144848404	1,500432715947	1,404208531984	0,051530621946	0,115270711482	45012,4564898264
181	0,388282040633	0,387936954193	1,499553935122	1,403457316447	0,051530621946	0,115270711482	45012,5566246991
182	0,388107279032	0,387778033387	1,49892450455	1,402894842052	0,051530621946	0,115270711482	45012,6568436343
183	0,387867435722	0,387554630287	1,498013773308	1,402051038679	0,051530621946	0,115270711482	45012,7567254282
184	0,387730213481	0,387429265977	1,497523375583	1,401607072033	0,051530621946	0,115270711482	45012,8566760532
185	0,387593893505	0,38728590768	1,497033514144	1,401081046041	0,051530621946	0,115270711482	45012,956705544
186	0,387422934938	0,387130954218	1,496415722802	1,400496856292	0,051530621946	0,115270711482	45013,0566410532
187	0,387301495866	0,387012085167	1,495988206311	1,400052434473	0,051530621946	0,115270711482	45013,1566228125
188	0,387144780941	0,386866190693	1,495408306197	1,399521877881	0,051530621946	0,115270711482	45013,2565748264
189	0,387002159227	0,386717632035	1,494880893403	1,398982726507	0,051530621946	0,115270711482	45013,3564384259
190	0,386837645142	0,38656774881	1,494268708082	1,398395211185	0,051530621946	0,115270711482	45013,4561774306
191	0,386738074269	0,38646055397	1,493912055767	1,398004609029	0,051530621946	0,115270711482	45013,5559527893
192	0,386668368962	0,38640632383	1,493677993522	1,397857182526	0,051530621946	0,115270711482	45013,6560046412
193	0,386512547508	0,386241001653	1,4930991248	1,397243091488	0,051530621946	0,115270711482	45013,7558023495
194	0,386402043973	0,3861389082	1,492685682381	1,396867042143	0,051530621946	0,115270711482	45013,8555751273
195	0,386250154872	0,385993048692	1,492117579555	1,396324803209	0,051530621946	0,115270711482	45013,9552252662
196	0,386123350176	0,38585868368	1,491652397057	1,395827583247	0,051530621946	0,115270711482	45014,0547714352
197	0,386032724651	0,38577469633	1,491337105431	1,395523491003	0,051530621946	0,115270711482	45014,1544037732
198	0,385911790519	0,385655918407	1,490878034068	1,3950922232	0,051530621946	0,115270711482	45014,2539428356
199	0,385824810388	0,385569360548	1,49056195761	1,394799450544	0,051530621946	0,115270711482	45014,3535581481
200	0,385740759544	0,385489237965	1,490289479052	1,394507821746	0,051530621946	0,115270711482	45014,4532612384
201	0,385614981053	0,385373043905	1,489817457654	1,394061262375	0,051530621946	0,115270711482	45014,5528560764
202	0,385563933942	0,385329068889	1,489623541738	1,39393186924	0,051530621946	0,115270711482	45014,6524984144
203	0,385428204676	0,38518576018	1,489085396969	1,393407214936	0,051530621946	0,115270711482	45014,751933287
204	0,385335796616	0,385100467549	1,488744511595	1,393089193214	0,051530621946	0,115270711482	45014,8513108912
205	0,385271280597	0,38502556207	1,488520413274	1,392839440972	0,051530621946	0,115270711482	45014,9508213889
206	0,385150319626	0,38491193661	1,488062522976	1,392393710258	0,051530621946	0,115270711482	45015,0501655787
207	0,385058658726	0,384824098899	1,487718786083	1,392076541448	0,051530621946	0,115270711482	45015,1495332176
208	0,384982869739	0,384751756937	1,487452752089	1,391809018402	0,051530621946	0,115270711482	45015,2489426042
209	0,384902612984	0,384661278779	1,487143003593	1,391505352756	0,051530621946	0,115270711482	45015,3483300579
210	0,384760773198	0,384514054438	1,486615889692	1,390945021676	0,051530621946	0,115270711482	45015,4475684028
211	0,384697529913	0,384471463962	1,486404691404	1,390800036067	0,051530621946	0,115270711482	45015,5468878125
212	0,384650573673	0,384433912358	1,48623879644	1,390685746733	0,051530621946	0,115270711482	45015,6462987732
213	0,384556438494	0,38432420868	1,48585809741	1,39028989056	0,051530621946	0,115270711482	45015,7455908796
214	0,384462601771	0,384242861987	1,48549949724	1,39000726109	0,051530621946	0,115270711482	45015,8448353009
215	0,384415393413	0,384192448723	1,485350635493	1,389820582886	0,051530621946	0,115270711482	45015,9442297917
216	0,384296672484	0,384065829359	1,484891810815	1,389347327143	0,051530621946	0,115270711482	45016,0434372685
217	0,384212146546	0,38398323524	1,484586601727	1,389055785005	0,051530621946	0,115270711482	45016,1426780903
218	0,384127000171	0,383912187116	1,484279612797	1,388791880861	0,051530621946	0,115270711482	45016,2419068866
219	0,384044610989	0,383823069979	1,483944203382	1,388460368858	0,051530621946	0,115270711482	45016,3410108565
220	0,383967731883	0,383745498197	1,483678334887	1,388165558238	0,051530621946	0,115270711482	45016,4402367824
221	0,383906243444	0,383683544662	1,483461196052	1,38793778838	0,051530621946	0,115270711482	45016,5394401852
222	0,383846768916	0,383638297847	1,483252644736	1,38775942471	0,051530621946	0,115270711482	45016,6386642708
223	0,383771013649	0,383556981034	1,482934319104	1,387437722271	0,051530621946	0,115270711482	45016,7377951042
224	0,383727903176	0,383526000347	1,482816656901	1,387330792706	0,051530621946	0,115270711482	45016,8370712037
225	0,383627193883	0,383414951755	1,482423069379	1,386925632345	0,051530621946	0,115270711482	45016,936182419
226	0,383542466591	3,5193E-8	1,482096204155	1,11802E-7	0,051530621946	0,115270711482	45017,0422606944
227	7,1844561430279E-13	0,215378100645	2,69121631834362E-12	0,755999400297	0,052197597921	0,11964597553	45017,2962503472
228	0,389014270726	0,384019387467	1,501184082247	1,389117655599	0,052197597921	0,11964597553	45017,3961595486
229	0,384125956284	0,383719705577	1,484226527886	1,388044916444	0,052197597921	0,11964597553	45017,4952825116
230	0,383885229032	0,383553151446	1,483287551863	1,387455984388	0,052197597921	0,11964597553	45017,5943732755
231	0,383720959435	0,383417464831	1,482659941006	1,386968973975	0,052197597921	0,11964597553	45017,6934475231
232	0,383574312363	0,383302512685	1,482112257206	1,386537703902	0,052197597921	0,11964597553	45017,7925048032
233	0,38343236765	0,383178501133	1,481589146009	1,386101661636	0,052197597921	0,11964597553	45017,8915297338
234	0,383309941988	0,383059665141	1,481149333556	1,385648685703	0,052197597921	0,11964597553	45017,9904823843
235	0,383215064748	0,382974367634	1,480800388011	1,385354214644	0,052197597921	0,11964597553	45018,0894346412
236	0,383109457019	0,382867225774	1,480409136215	1,384967669017	0,052197597921	0,11964597553	45018,1883643981
237	0,38301229522	0,382784512552	1,480067682423	1,384658846477	0,052197597921	0,11964597553	45018,2872950116
238	0,3829178683	0,382667060259	1,479728229786	1,384211642984	0,052197597921	0,11964597553	45018,3862154977
239	0,382790850117	0,382572757809	1,479292293178	1,383835198149	0,052197597921	0,11964597553	45018,485060706
240	0,382734223227	0,382510728611	1,479096718256	1,383616645093	0,052197597921	0,11964597553	45018,5840195833
241	0,382621526551	0,382400987212	1,478681919334	1,383211382036	0,052197597921	0,11964597553	45018,6828663773
242	0,382520683572	0,382301512799	1,478316630571	1,382830671203	0,052197597921	0,11964597553	45018,7817034028
243	0,382454539566	0,382233062946	1,478096672433	1,382584537994	0,052197597921	0,11964597553	45018,8805835648
244	0,38236406161	0,382149102511	1,477758582037	1,38227678285	0,052197597921	0,11964597553	45018,9793745602
245	0,382308626657	0,382097441185	1,477584839184	1,382092695897	0,052197597921	0,11964597553	45019,0783121991
246	0,382188100435	0,381965633966	1,477113951061	1,381588728241	0,052197597921	0,11964597553	45019,1769935417
247	0,38211237261	0,381907520828	1,476852353509	1,381354063977	0,052197597921	0,11964597553	45019,2757107407
248	0,382019852251	0,381809401715	1,476493206273	1,380998989292	0,052197597921	0,11964597553	45019,374365081
249	0,381950761234	0,381742195262	1,476262409601	1,380745575955	0,052197597921	0,11964597553	45019,4730448495
250	0,381903066997	0,381693117162	1,476115614375	1,380578032474	0,052197597921	0,11964597553	45019,5718731366
251	0,381842988466	0,381636275821	1,475902440737	1,380353018616	0,052197597921	0,11964597553	45019,6706178356
252	0,38173886236	0,381535551866	1,475492705036	1,379981727515	0,052197597921	0,11964597553	45019,7692746759
253	0,381653177305	0,381446410141	1,475180021074	1,379640979542	0,052197597921	0,11964597553	45019,8678501273
254	0,381631598315	0,38142439074	1,475124607938	1,379583958996	0,052197597921	0,11964597553	45019,9666597338
255	0,381512915522	0,381318588074	1,474687526359	1,379171457004	0,052197597921	0,11964597553	45020,0653294792
256	0,381419230741	0,381220397537	1,474334632091	1,378798543278	0,052197597921	0,11964597553	45020,1639028125
257	0,381356990992	0,381155824326	1,474129021491	1,378542872969	0,052197597921	0,11964597553	45020,2625302083
258	0,37571780837	0,375605684893	1,450493378902	1,356240055261	0,052197597921	0,11964597553	45020,3517235417
259	0,381280961438	0,381065411655	1,473889917973	1,378169791215	0,052197597921	0,11964597553	45020,4503328935
260	0,38123058225	0,381039581945	1,473687104152	1,378127941458	0,052197597921	0,11964597553	45020,5490517824
261	0,381161143337	0,380946490254	1,473402867977	1,377793227689	0,052197597921	0,11964597553	45020,6476934606
262	0,381040607956	0,380847088538	1,473014845534	1,377400884045	0,052197597921	0,11964597553	45020,7462478704
263	0,380986789498	0,380813488594	1,472793605158	1,377277858579	0,052197597921	0,11964597553	45020,8447745486
264	0,380943731605	0,38075281067	1,472620416375	1,377045889963	0,052197597921	0,11964597553	45020,9433319792
265	0,380894503395	0,380710251353	1,472452144605	1,376913565174	0,052197597921	0,11964597553	45021,0419433796
266	0,380806882512	0,380618472572	1,472113155053	1,376547352718	0,052197597921	0,11964597553	45021,1403812153
267	0,380763714866	0,380573300572	1,471955994967	1,376396461329	0,052197597921	0,11964597553	45021,2389012037
268	0,380710116526	0,380528098049	1,471763184946	1,376237381373	0,052197597921	0,11964597553	45021,3374526389
269	0,380599587447	0,380407952749	1,471334517331	1,375784534991	0,052197597921	0,11964597553	45021,4357937963
270	0,380570057034	0,380393761011	1,471245154041	1,375742207289	0,052197597921	0,11964597553	45021,5342920949
271	0,380516322131	0,380330492232	1,471053384783	1,375489884583	0,052197597921	0,11964597553	45021,6326906134
272	0,380488952151	0,380295391183	1,470972277951	1,37551775195	0,052197597921	0,11964597553	45021,7314373727
273	0,380372381199	0,380196071906	1,470521707125	1,374979432306	0,052197597921	0,11964597553	45021,8297900231
274	0,380374292064	0,380185828865	1,470587177889	1,374949207919	0,052197597921	0,11964597553	45021,9283651852
275	0,380268316211	0,380101808027	1,470165960617	1,374627828509	0,052197597921	0,11964597553	45022,0267491204
276	0,380235915937	0,380056564604	1,470029024666	1,374501547527	0,052197597921	0,11964597553	45022,1251404745
277	0,380189523755	3,7524E-8	1,469861576186	1,19171E-7	0,052197597921	0,11964597553	45022,2305400463
278	4,57770656900893E-13	0,212828681994	1,71515756304149E-12	0,747011029554	0,053382307291	0,119212307036	45022,4825671065
279	0,385587372105	0,380663699041	1,488739805056	1,376658111351	0,053382307291	0,119212307036	45022,5818385995
280	0,380784029623	0,38042603342	1,472058109398	1,37580830364	0,053382307291	0,119212307036	45022,6803964583
281	0,38053810806	0,38022975217	1,471086400421	1,375087318996	0,053382307291	0,119212307036	45022,778794537
282	0,380372647659	0,380108263228	1,470483613568	1,374648209913	0,053382307291	0,119212307036	45022,8772107639
283	0,380224807528	0,379986908441	1,469937098124	1,374221032705	0,053382307291	0,119212307036	45022,9755935764
284	0,380133272236	0,379905494988	1,46960197886	1,373924563963	0,053382307291	0,119212307036	45023,0740098495
285	0,380023719664	0,379812473448	1,469192034429	1,373578963527	0,053382307291	0,119212307036	45023,1723512269
286	0,372437023417	0,367481693149	1,437377020268	1,325328306185	0,053382307291	0,119212307036	45025,4637815741
287	0,376427257301	0,376743588723	1,45544828205	1,363451584407	0,053382307291	0,119212307036	45025,5610951042
288	0,376798017872	0,376857273312	1,45682476525	1,363819543046	0,053382307291	0,119212307036	45025,6585126389
289	0,376948941372	0,376917971581	1,457392121528	1,363980390029	0,053382307291	0,119212307036	45025,7560002894
290	0,377010179286	0,376941215732	1,457638648657	1,363986859554	0,053382307291	0,119212307036	45025,8534129398
291	0,377073259661	0,376977376224	1,457900110456	1,364072087573	0,053382307291	0,119212307036	45025,9509386227
292	0,377095423394	0,376978644842	1,458007516945	1,364030548295	0,053382307291	0,119212307036	45026,0485119907
293	0,377056396465	0,37693991914	1,457873371734	1,363837002733	0,053382307291	0,119212307036	45026,145944375
294	0,377070251715	0,376928296217	1,457950173504	1,363750613546	0,053382307291	0,119212307036	45026,2434080324
295	0,377072897314	0,376917968825	1,457992904301	1,3636698103	0,053382307291	0,119212307036	45026,3409438426
296	0,377041657708	0,376896005579	1,457911623396	1,363530089013	0,053382307291	0,119212307036	45026,4384597106
297	0,377032529478	0,376877947801	1,457879613718	1,363406328674	0,053382307291	0,119212307036	45026,5359778009
298	0,376988222623	0,376852095204	1,457723962398	1,36330440786	0,053382307291	0,119212307036	45026,6333884607
299	0,376986968964	0,37683269166	1,457717001156	1,363168863221	0,053382307291	0,119212307036	45026,7308241319
300	0,376986856232	0,376830111616	1,457746553402	1,363143082498	0,053382307291	0,119212307036	45026,8283510532
301	0,376979548657	0,376830066473	1,45774689449	1,363120052105	0,053382307291	0,119212307036	45026,9259996875
302	0,376935672521	0,376782350454	1,457593523937	1,362899911506	0,053382307291	0,119212307036	45027,0235615741
303	0,37690530244	0,37676166812	1,457494014121	1,362801033007	0,053382307291	0,119212307036	45027,1210986574
304	0,376903266802	0,376755187276	1,457501659853	1,362764750467	0,053382307291	0,119212307036	45027,2186623264
305	0,376875928972	0,376730649497	1,457397832455	1,362643549768	0,053382307291	0,119212307036	45027,3162209491
306	0,376808473855	0,376642820897	1,457145684163	1,362276737796	0,053382307291	0,119212307036	45027,4136357755
307	0,376759628302	0,376596315426	1,456990687727	1,362082200084	0,053382307291	0,119212307036	45027,5110228819
308	0,376761435292	0,376598855205	1,457038122081	1,362076371444	0,053382307291	0,119212307036	45027,6085198958
309	0,37671265514	0,376556254772	1,456839512941	1,361914097855	0,053382307291	0,119212307036	45027,7059583333
310	0,376696109194	0,376536930915	1,45678730625	1,361813516808	0,053382307291	0,119212307036	45027,8034587963
311	0,376656640531	0,376492983236	1,456643936452	1,361651661552	0,053382307291	0,119212307036	45027,9008835301
312	0,376585563431	0,376415433286	1,456392556108	1,361338144354	0,053382307291	0,119212307036	45027,9982120486
313	0,376577496001	0,376414183317	1,45641069659	1,36131771836	0,053382307291	0,119212307036	45028,0957169792
314	0,376545720322	0,376385739443	1,456300720899	1,361203837172	0,053382307291	0,119212307036	45028,1932431944
315	0,376521729364	0,376361262273	1,456215328533	1,361106823843	0,053382307291	0,119212307036	45028,2907965972
316	0,376456917628	0,376285068046	1,455960332129	1,360802855979	0,053382307291	0,119212307036	45028,3882250231
317	0,376419433016	0,376257878586	1,455838789721	1,360677186961	0,053382307291	0,119212307036	45028,4856638889
318	0,37642263368	0,376264402243	1,455871944702	1,360702480196	0,053382307291	0,119212307036	45028,5832008912
319	0,376303659016	0,376153310418	1,455372716239	1,360269828372	0,053382307291	0,119212307036	45028,6803314468
320	0,376345253521	0,376194611292	1,455552085338	1,360436062629	0,053382307291	0,119212307036	45028,7777468519
321	0,376295082461	0,376127499358	1,455356563386	1,360169653229	0,053382307291	0,119212307036	45028,8750114699
322	0,376290789428	0,376118459659	1,455380080205	1,36012373325	0,053382307291	0,119212307036	45028,9725032986
323	0,376195716557	0,376038277527	1,455027581472	1,359792296068	0,053382307291	0,119212307036	45029,0698378588
324	0,376157930454	0,376003455802	1,454919471381	1,35965112853	0,053382307291	0,119212307036	45029,1671661458
325	0,376116971663	0,375969842297	1,454788326351	1,359523186214	0,053382307291	0,119212307036	45029,2645574421
326	0,376099066417	0,375941448436	1,45471534814	1,359442661974	0,053382307291	0,119212307036	45029,361965
327	0,376049709751	0,375893734323	1,45454465048	1,359239351173	0,053382307291	0,119212307036	45029,4593290972
328	0,37604028988	5,2359E-8	1,454523083189	1,6615E-7	0,053382307291	0,119212307036	45029,5637852662
329	6,61224282190178E-13	0,209675277777	2,47824933068315E-12	0,735873546057	0,053047381341	0,122720986605	45029,8135740394
330	0,381411500127	0,376650543868	1,47327915277	1,361940699869	0,053047381341	0,122720986605	45029,9117424884
331	0,376791680636	0,376459449418	1,45723778337	1,361282731053	0,053047381341	0,122720986605	45030,0092776273
332	0,37661297283	0,376341878229	1,45655328588	1,360880062784	0,053047381341	0,122720986605	45030,1068694444
333	0,376447980719	0,37620233172	1,455925169596	1,36036495326	0,053047381341	0,122720986605	45030,204303125
334	0,376359608106	0,376133865761	1,455616714953	1,360109875738	0,053047381341	0,122720986605	45030,3018375694
335	0,376215332747	0,375993101708	1,455110192352	1,359553063316	0,053047381341	0,122720986605	45030,3992561227
336	0,376161295075	0,375968592118	1,454923385523	1,359498596288	0,053047381341	0,122720986605	45030,4967255208
337	0,376102189915	0,375911706058	1,454682207996	1,359278187433	0,053047381341	0,122720986605	45030,5941401157
338	0,376027527337	0,375834259952	1,454404684741	1,358962920708	0,053047381341	0,122720986605	45030,6914724306
339	0,375961725687	0,375786453224	1,454169473997	1,358766310563	0,053047381341	0,122720986605	45030,7887819907
340	0,375913778826	0,375733501877	1,453973487393	1,358573675769	0,053047381341	0,122720986605	45030,8860729977
341	0,375856017345	0,375676655239	1,453787895288	1,358342090866	0,053047381341	0,122720986605	45030,9833833912
342	0,375828895616	0,375643072464	1,453715524135	1,35821058904	0,053047381341	0,122720986605	45031,0807969213
343	0,3757450133	0,37557208601	1,453411884638	1,357933738325	0,053047381341	0,122720986605	45031,1780980903
344	0,375705369901	0,375530722615	1,453283522658	1,357767037923	0,053047381341	0,122720986605	45031,275393287
345	0,375657598246	0,375471324331	1,453114342121	1,357510891509	0,053047381341	0,122720986605	45031,3727585995
346	0,375588762465	0,375431253715	1,452871553096	1,357378244542	0,053047381341	0,122720986605	45031,470043287
347	0,375598245276	0,375427394666	1,452909978432	1,357364424296	0,053047381341	0,122720986605	45031,5674327662
348	0,375531665443	0,375351174155	1,452661171692	1,357066756978	0,053047381341	0,122720986605	45031,6647185764
349	0,375455731503	0,375281454626	1,452388204472	1,356800659057	0,053047381341	0,122720986605	45031,7619215856
350	0,37542429494	0,375259497105	1,452282777685	1,356740004409	0,053047381341	0,122720986605	45031,8591743403
351	0,375400972243	0,375219457434	1,452197610641	1,356560370552	0,053047381341	0,122720986605	45031,956454294
352	0,375347008946	0,375163855462	1,451999396304	1,356323527836	0,053047381341	0,122720986605	45032,0536863426
353	0,375274675661	0,375104535804	1,451751522145	1,356103992703	0,053047381341	0,122720986605	45032,1509052083
354	0,375283845007	0,375107078551	1,451806905461	1,356123888589	0,053047381341	0,122720986605	45032,2483127894
355	0,375200317936	0,375005061817	1,45149834948	1,355692455256	0,053047381341	0,122720986605	45032,3455243866
356	0,37515498727	0,374984307852	1,451363729062	1,355608924608	0,053047381341	0,122720986605	45032,442773287
357	0,375100911907	0,374946851828	1,451129288449	1,355470644781	0,053047381341	0,122720986605	45032,5399315625
358	0,37511795371	0,374943109128	1,451202965898	1,355466266218	0,053047381341	0,122720986605	45032,6372370718
359	0,375084939204	0,374904271526	1,451081501047	1,355295465717	0,053047381341	0,122720986605	45032,7345628819
360	0,375007434526	0,37486037132	1,450788875309	1,355155692338	0,053047381341	0,122720986605	45032,8317204167
361	0,375036064717	0,37485135218	1,450894977831	1,355072878423	0,053047381341	0,122720986605	45032,9290041088
362	0,374966078892	0,37481390315	1,450647716001	1,354924416876	0,053047381341	0,122720986605	45033,0262087384
363	0,37497024812	0,374811298093	1,45068429564	1,354931376926	0,053047381341	0,122720986605	45033,1235865625
364	0,374924175101	0,374766088156	1,450505442366	1,354714546346	0,053047381341	0,122720986605	45033,2208384259
365	0,374894772713	0,374722131579	1,450367231207	1,354583798048	0,053047381341	0,122720986605	45033,3180453125
366	0,374837700649	0,374687349696	1,450185920079	1,35442390189	0,053047381341	0,122720986605	45033,4152717014
367	0,374838317303	0,374685946079	1,450162755731	1,354449362456	0,053047381341	0,122720986605	45033,5124854398
368	0,374798726791	0,374638197632	1,450026630894	1,354283239086	0,053047381341	0,122720986605	45033,6097304745
369	0,374756456733	0,374595544851	1,449880792148	1,354141999844	0,053047381341	0,122720986605	45033,7069373148
370	0,374688779526	0,374537463927	1,449608091335	1,353896960341	0,053047381341	0,122720986605	45033,8039498843
371	0,374706497294	0,374523218783	1,449657427316	1,353843113977	0,053047381341	0,122720986605	45033,9010254977
372	0,374667923626	0,374512908135	1,44956065411	1,35377495603	0,053047381341	0,122720986605	45033,9982185301
373	0,374615672102	0,374444450016	1,44939921123	1,353477058376	0,053047381341	0,122720986605	45034,0953230556
374	0,374552161702	0,374392791445	1,449169231146	1,353265016513	0,053047381341	0,122720986605	45034,1924062731
375	0,374532849505	0,374381205611	1,449100929251	1,353286130694	0,053047381341	0,122720986605	45034,2895739583
376	0,37449820539	0,374342385599	1,448976260842	1,353133728499	0,053047381341	0,122720986605	45034,386751088
377	0,374491635483	0,374335931881	1,448940132649	1,353172714456	0,053047381341	0,122720986605	45034,4839595023
378	0,374467605628	0,242162516066	1,448831503801	0,910095165313	0,053047381341	0,122720986605	45034,5692962847
