TesterID:	Maccor#2						
Channel Number:	77						
TestName:	KAI_Zelltest_regulaer_fix_no_degass.000						
TestDesc:	Regular cycling: formation, followed by pulse, C-rate quick charge and cycling t						
StartDateTime:	44776,6717633912						
Comment:							
							
							
Cycle	AH-IN	AH-OUT	WH-IN	WH-OUT	ACR	DCIR	Date
0		3,68764E-7		1,01397E-7	0	0	44778,6739468171
1	0,484565027428	0,391620738174	1,839851819584	1,401268931486	0	0	44779,0735352199
2	0,403200525673	0,403752823415	1,532191660544	1,449220536469	0	0	44779,4506476389
3	0,443271971707	1,22289E-7	1,693857779835	3,90559E-7	0	0	44779,9469217014
4	3,17896289514509E-14	1,50046E-7	1,21665485238225E-13	4,83688E-7	0,14111584425	0,339901655912	44780,2792404861
5	0,425650719334	0,418321372556	1,644369188465	1,500906987262	0,14111584425	0,339901655912	44780,5625120023
6	0,418958373076	0,413108534043	1,618624698045	1,482361407974	0,14111584425	0,339901655912	44780,8475427315
7	0,403179111849	0,398609721019	1,555367138807	1,427954120302	0,14111584425	0,339901655912	44781,1023244097
8	0,408236263502	0,353590882231	1,578555144089	1,20796897061	0,14111584425	0,339901655912	44781,302419537
9	0,354013225304	0,354027725842	1,382521556995	1,212267905669	0,14111584425	0,339901655912	44781,484475787
10	0,353977773012	0,351583636745	1,381683217397	1,202184027601	0,14111584425	0,339901655912	44781,664063669
11	0,351497214716	0,202413491399	1,372574822193	0,672210141487	0,14111584425	0,339901655912	44781,8206322801
12	0,202677939041	0,202111207209	0,814479050021	0,672888403411	0,14111584425	0,339901655912	44781,9302537963
13	0,202130712626	0,203960886979	0,811981075664	0,679892854055	0,14111584425	0,339901655912	44782,0392153125
14	0,203771102046	0,395712396019	0,817962688804	1,425881042299	0,14111584425	0,339901655912	44782,245448588
15	0,395421477611	0,396940349476	1,528131836689	1,430844908237	0,14111584425	0,339901655912	44782,5090317014
16	0,396796765778	2,12565E-7	1,53252890361	6,68993E-7	0,14111584425	0,339901655912	44782,7804308681
17	0,317550196283	0,270863358549	1,244882760726	0,964049066388	0,14111584425	0,339901655912	44782,8887904282
18	0,269191242784	0,239628228347	1,057945187817	0,854637776608	0,14111584425	0,339901655912	44782,9912929051
19	0,238009806122	0,214382038473	0,938899405063	0,765035612748	0,14111584425	0,339901655912	44783,0842097917
20	0,160805915152	0,134276183177	0,650844867613	0,470926422191	0,14111584425	0,339901655912	44783,1414482639
21	0,127671789887	0,10928285034	0,518212677057	0,381616910697	0,14111584425	0,339901655912	44783,1904765509
22	0,104721243779	1,2017E-7	0,426065948393	3,77017E-7	0,14111584425	0,339901655912	44783,2408643519
23	2,54317031611607E-14	0,129282620204	9,80043191286066E-14	0,449459402432	0,104032948613	0,316905409098	44783,4432033449
24	0,243898742812	0,209268266281	0,994017948988	0,725337328977	0,104032948613	0,316905409098	44783,5540080787
25	0,210817103181	0,201695358699	0,865391811245	0,700029690453	0,104032948613	0,316905409098	44783,6551002546
26	0,202801432074	0,195978568495	0,833760095884	0,68046273659	0,104032948613	0,316905409098	44783,7538116319
27	0,196908145252	0,192108854912	0,810518769621	0,667461150689	0,104032948613	0,316905409098	44783,8507173148
28	0,192815258987	0,188636892527	0,794212812457	0,655748114909	0,104032948613	0,316905409098	44783,9461430671
29	0,189411682868	0,185387124603	0,780630667003	0,644544732721	0,104032948613	0,316905409098	44784,0404468287
30	0,186085511263	0,183884922434	0,767500747344	0,639834992899	0,104032948613	0,316905409098	44784,1337854514
31	0,184548061497	0,181879043055	0,761223486825	0,632895116229	0,104032948613	0,316905409098	44784,2267409375
32	0,182510536694	0,180757909948	0,753076018971	0,629345575822	0,104032948613	0,316905409098	44784,3185801042
33	0,181648007488	0,179071045216	0,749589484161	0,623315442841	0,104032948613	0,316905409098	44784,4108208912
34	0,179941920833	0,17801445396	0,742834991483	0,619710027656	0,104032948613	0,316905409098	44784,5024347685
35	0,178645606294	0,17587549535	0,737671253396	0,612004225762	0,104032948613	0,316905409098	44784,5939726157
36	0,17655434256	0,174713042721	0,729478512057	0,60792719271	0,104032948613	0,316905409098	44784,685257581
37	0,17530960947	0,173230233497	0,72452174068	0,602608770936	0,104032948613	0,316905409098	44784,776385463
38	0,173859593338	0,172434602878	0,718802478042	0,599891063273	0,104032948613	0,316905409098	44784,8672038194
39	0,172856128783	0,171693138185	0,714782116512	0,597306912795	0,104032948613	0,316905409098	44784,9578792708
40	0,172220359617	0,170683137595	0,712152949345	0,593792077592	0,104032948613	0,316905409098	44785,0480819444
41	0,171163618136	0,170490662836	0,707975960251	0,593242538921	0,104032948613	0,316905409098	44785,1382044097
42	0,170921301015	0,169621352547	0,706898934206	0,590235250306	0,104032948613	0,316905409098	44785,2281221991
43	0,170089607026	0,169580065449	0,703598252496	0,590230863233	0,104032948613	0,316905409098	44785,3178447106
44	0,170192827231	0,168783136329	0,703921017032	0,587343312013	0,104032948613	0,316905409098	44785,4076253472
45	0,169425755336	0,16836075198	0,700888711089	0,585884072216	0,104032948613	0,316905409098	44785,4972893866
46	0,168834797277	0,167027782111	0,698495655984	0,581017075878	0,104032948613	0,316905409098	44785,5867999653
47	0,167488039806	0,166303196229	0,693206652461	0,578418624629	0,104032948613	0,316905409098	44785,6761316435
48	0,166839753528	0,165307349441	0,690612709941	0,574788733905	0,104032948613	0,316905409098	44785,7654986227
49	0,165699228943	0,164932712903	0,686110268361	0,573553932866	0,104032948613	0,316905409098	44785,8546367593
50	0,165400152542	0,164082853841	0,684875786489	0,570386808508	0,104032948613	0,316905409098	44785,9441081597
51	0,164453401377	0,1637857787	0,68109231164	0,56945641567	0,104032948613	0,316905409098	44786,0332065162
52	0,16406031902	0,163404724259	0,679468901271	0,568174618015	0,104032948613	0,316905409098	44786,1220150347
53	0,163793471611	0,163310429226	0,678362695923	0,567976557126	0,104032948613	0,316905409098	44786,2107764931
54	0,163691667316	0,163006917745	0,677910640892	0,566910968106	0,104032948613	0,316905409098	44786,2995289236
55	0,16341420956	0,162569046549	0,676747602876	0,565417973072	0,104032948613	0,316905409098	44786,3879109722
56	0,163176446374	0,162448921807	0,675854411893	0,56491113141	0,104032948613	0,316905409098	44786,476876713
57	0,162916223228	0,161296793601	0,674749090042	0,560665573332	0,104032948613	0,316905409098	44786,5655793981
58	0,161628809488	0,160357734959	0,669686978086	0,557225145703	0,104032948613	0,316905409098	44786,6541953125
59	0,160788329957	0,159732624333	0,666360708762	0,554945561989	0,104032948613	0,316905409098	44786,7427742014
60	0,160094822339	0,159224977656	0,663604564149	0,55308463507	0,104032948613	0,316905409098	44786,8314622801
61	0,159548545383	0,158418989977	0,661389423848	0,550199444393	0,104032948613	0,316905409098	44786,9199744676
62	0,158764700245	0,158180069723	0,658268450071	0,549459898958	0,104032948613	0,316905409098	44787,0083719329
63	0,158481830771	0,158006960996	0,657104198735	0,548876454087	0,104032948613	0,316905409098	44787,0966826389
64	0,158251587245	0,157496807814	0,656107202078	0,54710062215	0,104032948613	0,316905409098	44787,1843815509
65	0,157937902543	0,157456743555	0,654887756834	0,54697962317	0,104032948613	0,316905409098	44787,2726990393
66	0,15777869409	0,157123456424	0,654201180116	0,545806697081	0,104032948613	0,316905409098	44787,3608798495
67	0,157518499082	0,156807055519	0,653157876384	0,544639063726	0,104032948613	0,316905409098	44787,4490717245
68	0,157233306456	0,155957141566	0,651996556084	0,541496597429	0,104032948613	0,316905409098	44787,5372507523
69	0,156311390756	0,155412064934	0,648364964918	0,539479178555	0,104032948613	0,316905409098	44787,6254517593
70	0,155745963215	0,15469259612	0,64610530608	0,536832273226	0,104032948613	0,316905409098	44787,713626713
71	0,154989362399	0,153930550608	0,64309480509	0,533993575662	0,104032948613	0,316905409098	44787,8017774653
72	0,154279542473	0,153373850841	0,640267306709	0,532007320727	0,104032948613	0,316905409098	44787,8899200347
73	0,153615111936	2,39063E-7	0,637604650231	8,68365E-7	0,104032948613	0,316905409098	44787,9849223843
74	6,35792579029017E-15	0,095429728948	2,46080396232105E-14	0,33029623126	0,109846301377	0,349089175463	44788,1184189815
75	0,189843726636	0,151397057768	0,783469084572	0,524497324488	0,109846301377	0,349089175463	44788,2191222917
76	0,152451244842	0,150335930272	0,633143022888	0,520962584229	0,109846301377	0,349089175463	44788,3080117014
77	0,150953175438	0,14952215604	0,627010251367	0,518140690625	0,109846301377	0,349089175463	44788,3965685185
78	0,150003320185	0,148922861985	0,623133699398	0,516085030096	0,109846301377	0,349089175463	44788,484741169
79	0,149311413153	0,148483706699	0,620324563949	0,514508920459	0,109846301377	0,349089175463	44788,5727675463
80	0,148863878814	0,147890845381	0,618483454401	0,51236362565	0,109846301377	0,349089175463	44788,6605071991
81	0,148306312615	0,147503377489	0,616243689173	0,510965655382	0,109846301377	0,349089175463	44788,7482849884
82	0,147777184571	0,147057740723	0,614111312749	0,50930733835	0,109846301377	0,349089175463	44788,8362270833
83	0,147317956802	0,146498501176	0,612218565428	0,50734060283	0,109846301377	0,349089175463	44788,9237443519
84	0,146617721395	0,146387372688	0,609381907468	0,507055356913	0,109846301377	0,349089175463	44789,0107453704
85	0,146700745756	0,146285318229	0,609693581642	0,506688612116	0,109846301377	0,349089175463	44789,0980845139
86	0,146533826587	0,146166557262	0,60899352689	0,50628747719	0,109846301377	0,349089175463	44789,1853317708
87	0,146409091582	0,146148441413	0,608464366131	0,506279895501	0,109846301377	0,349089175463	44789,2724642824
88	0,146365703778	0,146001168539	0,608273270758	0,50578352319	0,109846301377	0,349089175463	44789,3594601852
89	0,144790893697	0,144865840941	0,601655537774	0,502084729725	0,109846301377	0,349089175463	44789,441928287
90	0,146701019836	0,145321789837	0,609632625753	0,503143893691	0,109846301377	0,349089175463	44789,5294221528
91	0,145612440186	0,144837437329	0,605249258134	0,501398963683	0,109846301377	0,349089175463	44789,6165512616
92	0,145191719992	0,144593294889	0,603586787161	0,500402808762	0,109846301377	0,349089175463	44789,7040729051
93	0,144775417111	0,143740804279	0,601872179282	0,497267884331	0,109846301377	0,349089175463	44789,7910964236
94	0,143908729238	0,143529011176	0,598418876937	0,496538908661	0,109846301377	0,349089175463	44789,8779703704
95	0,143670993716	0,143100157003	0,597428866031	0,494985207849	0,109846301377	0,349089175463	44789,9646860417
96	0,143366301438	0,143116972233	0,596208357568	0,49504278898	0,109846301377	0,349089175463	44790,0517551389
97	0,14331488084	0,14308983703	0,595967663395	0,494991529893	0,109846301377	0,349089175463	44790,1387867824
98	0,143216466206	0,14312730365	0,595555124446	0,49517943099	0,109846301377	0,349089175463	44790,2256716667
99	0,143355178235	0,143213836081	0,596091545131	0,49551697987	0,109846301377	0,349089175463	44790,3125800116
100	0,143425586554	0,143023971038	0,596363696176	0,494782808276	0,109846301377	0,349089175463	44790,3995400463
101	0,143659454459	0,149863181404	0,595910416247	0,515500277768	0,109846301377	0,349089175463	44791,388395
102	0,150791973757	0,148452739788	0,626761139772	0,512076741574	0,109846301377	0,349089175463	44791,4801922222
103	0,148956742925	0,146561776736	0,619207816011	0,505582553048	0,109846301377	0,349089175463	44791,5710933333
104	0,146944392598	0,145254608391	0,611038669902	0,501118021556	0,109846301377	0,349089175463	44791,6612664468
105	0,145547957123	0,143543186807	0,605345378201	0,495072504565	0,109846301377	0,349089175463	44791,7510505324
106	0,143867159856	0,142773366823	0,598551323669	0,492422728569	0,109846301377	0,349089175463	44791,8407265741
107	0,142902909119	0,141426190807	0,594579084252	0,487674161239	0,109846301377	0,349089175463	44791,9297270023
108	0,141656374528	0,14145589991	0,589519615092	0,488056260463	0,109846301377	0,349089175463	44792,0181776852
109	0,14155923451	0,140551740135	0,589053091669	0,484804548128	0,109846301377	0,349089175463	44792,1063546296
110	0,140839597818	0,140444557374	0,586131041613	0,484562297424	0,109846301377	0,349089175463	44792,1944181944
111	0,140593813345	0,139842619269	0,585106057701	0,4823678402	0,109846301377	0,349089175463	44792,2825493403
112	0,140008688517	0,139765154513	0,582711405775	0,482250403636	0,109846301377	0,349089175463	44792,3701165741
113	0,139954956141	0,139236900104	0,582475229888	0,480263212623	0,109846301377	0,349089175463	44792,4578821412
114	0,139447589625	0,138691801008	0,580399820703	0,478338864552	0,109846301377	0,349089175463	44792,5452318866
115	0,13882484275	0,138195819855	0,577882942649	0,476559896158	0,109846301377	0,349089175463	44792,6323986111
116	0,138439370191	0,137734655973	0,57632574375	0,4748310851	0,109846301377	0,349089175463	44792,7199184375
117	0,137838456903	0,137225770986	0,573872667937	0,473002853919	0,109846301377	0,349089175463	44792,8070234838
118	0,137324898701	0,136913241635	0,571777692382	0,471949274992	0,109846301377	0,349089175463	44792,8937722222
119	0,137058479393	0,137013969616	0,570706686187	0,472307204277	0,109846301377	0,349089175463	44792,9807938542
120	0,137071312794	0,13646502249	0,570702470748	0,470356037699	0,109846301377	0,349089175463	44793,067350162
121	0,136615641456	0,13679183471	0,568878908556	0,471590390919	0,109846301377	0,349089175463	44793,1539825694
122	0,136844704517	0,136294520723	0,569760691868	0,469770165562	0,109846301377	0,349089175463	44793,2405087616
123	0,136486630892	0,136610942398	0,568340956234	0,470936463291	0,109846301377	0,349089175463	44793,3273784838
124	0,13668136735	1,4221E-7	0,569080237904	5,20289E-7	0,109846301377	0,349089175463	44793,4208808565
125	3,17896289514509E-14	0,096377786378	1,23835727092636E-13	0,33266783067	0,130665898323	0,384918957949	44793,5733652546
126	0,17729233097	0,134271826113	0,734945940793	0,461873218868	0,130665898323	0,384918957949	44793,6755033102
127	0,135201658631	0,132950448864	0,563603719526	0,457109363409	0,130665898323	0,384918957949	44793,7634292708
128	0,133583619112	0,131941677473	0,556893721575	0,453527049361	0,130665898323	0,384918957949	44793,8512836227
129	0,132234663968	0,131240317304	0,551316558368	0,451154368251	0,130665898323	0,384918957949	44793,9382915625
130	0,131547752133	0,130775355198	0,548471910554	0,449566832021	0,130665898323	0,384918957949	44794,0251399653
131	0,131025609349	0,130471795396	0,546303410099	0,44854552444	0,130665898323	0,384918957949	44794,1118246875
132	0,130708895346	0,130125630499	0,544978816569	0,447294611371	0,130665898323	0,384918957949	44794,198398287
133	0,130285647754	0,129872489048	0,543224126953	0,446448230351	0,130665898323	0,384918957949	44794,2846021528
134	0,130117627806	0,129699435847	0,542521828552	0,445879571598	0,130665898323	0,384918957949	44794,3707944907
135	0,129885797726	0,129596072715	0,541568251404	0,445435772776	0,130665898323	0,384918957949	44794,4569693287
136	0,129899349395	0,129165938267	0,541597799213	0,443878396005	0,130665898323	0,384918957949	44794,5430211458
137	0,129398768921	0,128967046455	0,53956600356	0,443137725101	0,130665898323	0,384918957949	44794,6292133796
138	0,129101349095	0,128166226497	0,538331553168	0,440191393791	0,130665898323	0,384918957949	44794,7151717708
139	0,128227466752	0,127733504585	0,534763085867	0,438664081588	0,130665898323	0,384918957949	44794,8005544444
140	0,127820006609	0,127123899457	0,533091714808	0,436479708101	0,130665898323	0,384918957949	44794,8857175926
141	0,127221482462	0,127441644427	0,53065946865	0,43764314182	0,130665898323	0,384918957949	44794,9710878588
142	0,127479017681	0,127209115795	0,531668167541	0,436832784205	0,130665898323	0,384918957949	44795,0562688194
143	0,127359663496	0,127922150178	0,531193373432	0,439430409126	0,130665898323	0,384918957949	44795,1416577894
144	0,127969686723	0,127792951403	0,533640104358	0,438994417969	0,130665898323	0,384918957949	44795,2269324306
145	0,127888068088	0,127924690594	0,533313716064	0,439442306592	0,130665898323	0,384918957949	44795,3122426852
146	0,128021384781	0,127646999071	0,533839594263	0,438471393442	0,130665898323	0,384918957949	44795,3973011574
147	0,127894207133	0,127944103034	0,533341956538	0,43951018868	0,130665898323	0,384918957949	44795,4826266319
148	0,128062841208	0,127281485945	0,533993354769	0,437053109803	0,130665898323	0,384918957949	44795,5677330556
149	0,127373457974	0,12694304508	0,531205178526	0,435822504297	0,130665898323	0,384918957949	44795,6527827199
150	0,127076984529	0,126427683908	0,530000632819	0,433913088113	0,130665898323	0,384918957949	44795,7379299306
151	0,126392875957	0,126222331595	0,527203972603	0,433207440007	0,130665898323	0,384918957949	44795,8224970602
152	0,126329509071	0,125546801134	0,526936493835	0,430729885761	0,130665898323	0,384918957949	44795,9073540972
153	0,125560037045	0,126379864042	0,523809224779	0,433800225314	0,130665898323	0,384918957949	44795,9920231481
154	0,126331535822	0,125911026569	0,526912911432	0,432095390408	0,130665898323	0,384918957949	44796,0767037153
155	0,125960814827	0,12672474697	0,525406872421	0,435131553551	0,130665898323	0,384918957949	44796,1612163542
156	0,12669108219	0,126595635935	0,528358537198	0,4346434189	0,130665898323	0,384918957949	44796,2458387037
157	0,126686003234	0,126928862243	0,528342394285	0,43585572591	0,130665898323	0,384918957949	44796,3304636574
158	0,127010433264	0,12673507648	0,52965469506	0,435147318286	0,130665898323	0,384918957949	44796,4152200579
159	0,126842356158	0,1265646402	0,528968778352	0,434522588258	0,130665898323	0,384918957949	44796,4996515972
160	0,126709272497	0,126510338003	0,528429666986	0,434302538742	0,130665898323	0,384918957949	44796,5841355208
161	0,126579172218	0,125470566849	0,527888502202	0,430471201078	0,130665898323	0,384918957949	44796,6685691204
162	0,125572765665	0,125460246876	0,523815601388	0,430436009481	0,130665898323	0,384918957949	44796,7530422338
163	0,125441759517	0,124916494598	0,523264431499	0,428458244577	0,130665898323	0,384918957949	44796,8373413194
164	0,124976038435	0,124863531807	0,521364689336	0,428289809716	0,130665898323	0,384918957949	44796,9215509838
165	0,12478042216	0,124833807443	0,52054610175	0,428247576541	0,130665898323	0,384918957949	44797,0053975231
166	0,124845043366	0,125225170836	0,520808661261	0,429648218191	0,130665898323	0,384918957949	44797,0893704167
167	0,125184766798	0,125219987856	0,522166128295	0,429696832865	0,130665898323	0,384918957949	44797,1731691435
168	0,12518238207	0,125854183533	0,522163146383	0,431995478837	0,130665898323	0,384918957949	44797,257046875
169	0,125926394407	0,12581544999	0,525177073212	0,431845244739	0,130665898323	0,384918957949	44797,3411939236
170	0,12586481392	0,126214552885	0,524934251868	0,433324418281	0,130665898323	0,384918957949	44797,4251464236
171	0,126268709508	0,125668184535	0,526558496163	0,431313448357	0,130665898323	0,384918957949	44797,508875
172	0,125825635641	0,125736664268	0,524777582681	0,431511905106	0,130665898323	0,384918957949	44797,5928741898
173	0,12021716332	0,122127819558	0,501219579735	0,420053050455	0,130665898323	0,384918957949	44797,660611169
174	0,127516699891	0,126271428346	0,531791586142	0,433497162459	0,130665898323	0,384918957949	44797,7456321296
175	0,12643410913	2,02399E-7	0,527247211452	7,45193E-7	0,130665898323	0,384918957949	44797,8369350926
176	2,54317031611607E-14	0,093673483786	9,92402995141761E-14	0,322974719673	0,143289864063	0,405912041664	44797,984559456
177	0,169821479326	0,126551689953	0,705230281926	0,433910223279	0,143289864063	0,405912041664	44798,0866310648
178	0,127369945591	0,124535426596	0,531578115936	0,426710914346	0,143289864063	0,405912041664	44798,1731304398
179	0,124939421094	0,123772055246	0,521489562739	0,424120937231	0,143289864063	0,405912041664	44798,2584118287
180	0,124089341071	0,123338076372	0,51794461525	0,42266381807	0,143289864063	0,405912041664	44798,3433079398
181	0,123660643189	0,122746523091	0,516142461772	0,420632804352	0,143289864063	0,405912041664	44798,4276776157
182	0,122937137861	0,121713245074	0,513150199782	0,416921411448	0,143289864063	0,405912041664	44798,5118010301
183	0,121872753589	0,120691525767	0,508774909892	0,413236954539	0,143289864063	0,405912041664	44798,5956377546
184	0,120870933664	0,119456682006	0,50466973184	0,408817491628	0,143289864063	0,405912041664	44798,6792643403
185	0,119500716623	0,118175380669	0,49905059056	0,404232737552	0,143289864063	0,405912041664	44798,7624150231
186	0,118269387779	0,117369425203	0,494001209294	0,401355439317	0,143289864063	0,405912041664	44798,8453771296
187	0,117384380192	0,117073619529	0,490355044554	0,40028696275	0,143289864063	0,405912041664	44798,9278239583
188	0,117147531579	0,117746603217	0,489371054221	0,402729698014	0,143289864063	0,405912041664	44799,0102409028
189	0,117795274432	0,118477673974	0,491996597097	0,405357321219	0,143289864063	0,405912041664	44799,0925986227
190	0,118543293294	0,119293978023	0,495046216741	0,408309548603	0,143289864063	0,405912041664	44799,1751384606
191	0,119295308767	0,120001827092	0,498102613032	0,410875426019	0,143289864063	0,405912041664	44799,2575978356
192	0,120079820206	0,120495173098	0,501304379838	0,412649787297	0,143289864063	0,405912041664	44799,3403703009
193	0,120585625042	0,120974359791	0,503367812047	0,414366317488	0,143289864063	0,405912041664	44799,4232166204
194	0,121118790092	0,120368570478	0,505541626224	0,412236665986	0,143289864063	0,405912041664	44799,5061840741
195	0,120376987209	0,119685352649	0,502527883849	0,409679693697	0,143289864063	0,405912041664	44799,5890815625
196	0,119620145675	0,119859696722	0,499411837364	0,409985220299	0,143289864063	0,405912041664	44799,6716617361
197	0,119860363235	0,119186755208	0,500390736162	0,407858956243	0,143289864063	0,405912041664	44799,7545787732
198	0,11929700599	0,11965694925	0,498090836174	0,409582115115	0,143289864063	0,405912041664	44799,8371938079
199	0,119589678037	0,119764132434	0,499261813443	0,410006286481	0,143289864063	0,405912041664	44799,9195875579
200	0,119717826719	0,120032767727	0,499781097441	0,410985431219	0,143289864063	0,405912041664	44800,0019412963
201	0,120074105284	0,120280762437	0,501235116447	0,411867584283	0,143289864063	0,405912041664	44800,0844955093
202	0,120258242723	0,120404817224	0,501976380172	0,412368154816	0,143289864063	0,405912041664	44800,1669299074
203	0,120372649924	0,12050163381	0,502436466917	0,412688278711	0,143289864063	0,405912041664	44800,2492894213
204	0,120551269009	0,120588168993	0,503169932189	0,412989883808	0,143289864063	0,405912041664	44800,3318715857
205	0,1205784482	0,120549419556	0,503270337944	0,412870388294	0,143289864063	0,405912041664	44800,4142700231
206	0,120623328393	0,120541680478	0,503457299014	0,412814828378	0,143289864063	0,405912041664	44800,4968656713
207	0,120528407802	0,120497789384	0,50306167075	0,412676651996	0,143289864063	0,405912041664	44800,5792704051
208	0,12050329922	0,120413792072	0,502955871676	0,412360559603	0,143289864063	0,405912041664	44800,6617228472
209	0,12037546066	0,120310496336	0,502428850915	0,41200495534	0,143289864063	0,405912041664	44800,7440343982
210	0,120364264746	0,120203236008	0,502383562436	0,411614621185	0,143289864063	0,405912041664	44800,8264746528
211	0,120126058739	0,120189070338	0,501397328772	0,411560717488	0,143289864063	0,405912041664	44800,9085610069
212	0,120255493209	0,120287249216	0,501931465718	0,411895947936	0,143289864063	0,405912041664	44800,990960625
213	0,12022443787	0,120287255362	0,501789646416	0,411918089889	0,143289864063	0,405912041664	44801,0730906713
214	0,120314301545	0,120456469861	0,502156034087	0,412522270773	0,143289864063	0,405912041664	44801,1553790972
215	0,120450152212	0,120551992186	0,502709065554	0,412867264936	0,143289864063	0,405912041664	44801,2378040856
216	0,12053002176	0,120728987089	0,503028476927	0,413501710641	0,143289864063	0,405912041664	44801,3201294792
217	0,120757358386	0,120800019108	0,503956202	0,413759152584	0,143289864063	0,405912041664	44801,402534919
218	0,120838265722	0,120779363479	0,504283186184	0,413678298757	0,143289864063	0,405912041664	44801,4849332523
219	0,120782081965	0,120624330969	0,504046877553	0,413110441062	0,143289864063	0,405912041664	44801,5671596644
220	0,120669197534	0,120338898462	0,503587636697	0,412075219244	0,143289864063	0,405912041664	44801,6494400231
221	0,120322403454	0,120092178092	0,502169851601	0,411180424436	0,143289864063	0,405912041664	44801,7315685417
222	0,120063187511	0,119946257974	0,501106479067	0,410664997103	0,143289864063	0,405912041664	44801,8136076042
223	0,120071219017	0,119884252726	0,501151889568	0,410380266271	0,143289864063	0,405912041664	44801,8962155324
224	0,119704209999	0,119784793786	0,499627020269	0,410080821558	0,143289864063	0,405912041664	44801,9781182639
225	0,119730827968	0,119972084928	0,499733003677	0,410769512023	0,143289864063	0,405912041664	44802,0600152894
226	0,119991921076	2,10027E-7	0,500803205729	7,76102E-7	0,143289864063	0,405912041664	44802,1492195023
227	1,01726812644643E-13	0,091664763273	3,97157169828985E-13	0,31602975964	0,149373993278	0,418227136135	44802,2944212616
228	0,165795835486	0,12136577341	0,688955964858	0,415269430369	0,149373993278	0,418227136135	44802,3959086343
229	0,122342850574	0,118515087188	0,51095901633	0,405106894242	0,149373993278	0,418227136135	44802,4811755093
230	0,119046048322	0,116855330532	0,497296431925	0,399294705438	0,149373993278	0,418227136135	44802,5648947338
231	0,117224736562	0,115513332622	0,489769247472	0,394569641958	0,149373993278	0,418227136135	44802,6479913079
232	0,115694288817	0,114362500585	0,483439785017	0,390538002174	0,149373993278	0,418227136135	44802,7302535301
233	0,114526399705	0,113593962995	0,478613949859	0,387828688375	0,149373993278	0,418227136135	44802,8120525347
234	0,11362699481	0,11307213433	0,47488785606	0,386024778077	0,149373993278	0,418227136135	44802,8933009954
235	0,113140872735	0,112927441503	0,472870390509	0,385528789274	0,149373993278	0,418227136135	44802,9744182755
236	0,112946806376	0,112886124523	0,472052135809	0,385403801175	0,149373993278	0,418227136135	44803,0553121875
237	0,112868454827	0,112704050908	0,471717501639	0,384764130289	0,149373993278	0,418227136135	44803,1360700347
238	0,112832276629	0,112957165018	0,471570506769	0,385604675683	0,149373993278	0,418227136135	44803,2172034144
239	0,112889206061	0,11294814736	0,471777091775	0,385634627718	0,149373993278	0,418227136135	44803,2977362269
240	0,113010765924	0,113615938955	0,472274490852	0,387978297063	0,149373993278	0,418227136135	44803,3783322569
241	0,113752441258	0,114114475782	0,475312585525	0,389753494437	0,149373993278	0,418227136135	44803,4592129977
242	0,114233019055	0,113987908976	0,477277123079	0,389281309293	0,149373993278	0,418227136135	44803,5401920486
243	0,114108939677	0,113756716357	0,476770279912	0,388449704836	0,149373993278	0,418227136135	44803,6212878241
244	0,113805707178	0,112999788976	0,475525077617	0,38570232735	0,149373993278	0,418227136135	44803,7023858449
245	0,112999465399	0,112722096184	0,472213230328	0,384714366656	0,149373993278	0,418227136135	44803,7831489699
246	0,112728513376	0,112549028147	0,4710908933	0,384101558729	0,149373993278	0,418227136135	44803,8638066319
247	0,11249001987	0,11262908418	0,470106202541	0,384392395952	0,149373993278	0,418227136135	44803,9443303009
248	0,112578924992	0,112899054212	0,470463459251	0,385380469682	0,149373993278	0,418227136135	44804,0248153125
249	0,112841727525	0,113171592635	0,471532101752	0,386353357684	0,149373993278	0,418227136135	44804,1052264699
250	0,113194349958	0,113360177191	0,472980951614	0,387010711034	0,149373993278	0,418227136135	44804,1859143519
251	0,113419998808	0,113561678508	0,473909510237	0,387709320038	0,149373993278	0,418227136135	44804,266941794
252	0,113475012598	0,113708926373	0,474122775463	0,388248840618	0,149373993278	0,418227136135	44804,3475878125
253	0,113710609399	0,113726999412	0,475084588395	0,388326810308	0,149373993278	0,418227136135	44804,4281881597
254	0,113835331129	0,113490642463	0,475604009113	0,387443160782	0,149373993278	0,418227136135	44804,5091193056
255	0,113496171453	0,113348543035	0,474207591869	0,386934731672	0,149373993278	0,418227136135	44804,5898504398
256	0,11325378214	0,113105688495	0,473199230357	0,386109681576	0,149373993278	0,418227136135	44804,6701121065
257	0,113189231492	0,113020460288	0,472946199615	0,385745004473	0,149373993278	0,418227136135	44804,7507765625
258	0,113007706664	0,112941645534	0,472192057168	0,385484379361	0,149373993278	0,418227136135	44804,8313544907
259	0,11284383745	0,112967509575	0,471513607078	0,385583696925	0,149373993278	0,418227136135	44804,911769294
260	0,112875991072	0,113122476811	0,471639061717	0,386131831396	0,149373993278	0,418227136135	44804,9920940278
261	0,113075473714	0,11331493419	0,472453636013	0,38683254131	0,149373993278	0,418227136135	44805,0724596991
262	0,113298539422	0,113560368564	0,47336782237	0,387691807497	0,149373993278	0,418227136135	44805,1529493519
263	0,11358409696	0,113792914361	0,474543239201	0,388512332021	0,149373993278	0,418227136135	44805,2337148611
264	0,113755806336	0,113929783337	0,475237616979	0,389001217696	0,149373993278	0,418227136135	44805,3143689699
265	0,113922324594	0,113931056829	0,475918261551	0,389000124555	0,149373993278	0,418227136135	44805,395078044
266	0,114033154768	0,114025373055	0,47638421946	0,389316829275	0,149373993278	0,418227136135	44805,4760917361
267	0,113946894503	0,113612019081	0,476007582113	0,387894334747	0,149373993278	0,418227136135	44805,5564577546
268	0,113536997489	0,112780227335	0,474331304035	0,384881895935	0,149373993278	0,418227136135	44805,6366730787
269	0,112894010017	0,111988448984	0,471708667545	0,382033735035	0,149373993278	0,418227136135	44805,7172249768
270	0,111895970756	0,111345221449	0,467607937424	0,379750336039	0,149373993278	0,418227136135	44805,7973397569
271	0,1113486807	0,111128244727	0,46536344365	0,37896300758	0,149373993278	0,418227136135	44805,8774817593
272	0,111015798878	0,111197980575	0,463983301047	0,379248981996	0,149373993278	0,418227136135	44805,9572278472
273	0,111136840288	0,111351678346	0,46447677972	0,37981623079	0,149373993278	0,418227136135	44806,0370065741
274	0,111331154878	0,111691388466	0,465275191793	0,380989064724	0,149373993278	0,418227136135	44806,1170001968
275	0,111663619145	0,111941964916	0,466637074799	0,381891847056	0,149373993278	0,418227136135	44806,1970597106
276	0,111944369546	0,11205560415	0,467791345032	0,382272171256	0,149373993278	0,418227136135	44806,2773458681
277	0,111950600593	1,61283E-7	0,467805726458	5,99836E-7	0,149373993278	0,418227136135	44806,3642965278
278	2,54317031611607E-14	0,091105977898	9,95682126776945E-14	0,313734439989	0,161191001534	0,444553315639	44806,5059189236
279	0,161719409858	0,112215809257	0,672913500242	0,382390428535	0,161191001534	0,444553315639	44806,6082923611
280	0,113239943602	0,10812515648	0,473604009954	0,368063150807	0,161191001534	0,444553315639	44806,6916950116
281	0,108567126781	0,106306516955	0,454197958763	0,361753947818	0,161191001534	0,444553315639	44806,7725972685
282	0,106512080582	0,105394633782	0,445661704456	0,35860244623	0,161191001534	0,444553315639	44806,8524755671
283	0,105572078902	0,105080763545	0,441747725077	0,357546734558	0,161191001534	0,444553315639	44806,9318994097
284	0,105187215518	0,105014878268	0,440130217294	0,357361068619	0,161191001534	0,444553315639	44807,0109982986
285	0,105160542781	0,104950299121	0,440003449393	0,357163102989	0,161191001534	0,444553315639	44807,0902161458
286	0,10499723376	0,105023949332	0,439309707214	0,357426195692	0,161191001534	0,444553315639	44807,1690362847
287	0,105045130324	0,105082049542	0,439494612302	0,35763217365	0,161191001534	0,444553315639	44807,2476270833
288	0,105198386081	0,105110469894	0,440122244519	0,357712515206	0,161191001534	0,444553315639	44807,3265342014
289	0,105142210776	0,104978755501	0,439881895109	0,357238178584	0,161191001534	0,444553315639	44807,405264375
290	0,105030326893	0,104885721668	0,439416699786	0,356889093396	0,161191001534	0,444553315639	44807,483921713
291	0,104991554108	0,104688106739	0,439252564852	0,356174222379	0,161191001534	0,444553315639	44807,5625697685
292	0,10468419467	0,104411680656	0,437974205003	0,355224671821	0,161191001534	0,444553315639	44807,6408947454
293	0,104532332175	0,104273477364	0,437354465278	0,354694557259	0,161191001534	0,444553315639	44807,7194896065
294	0,104242645177	0,103827861792	0,436149243872	0,353144465166	0,161191001534	0,444553315639	44807,797622581
295	0,103714376529	0,10353599379	0,433965059566	0,352153454142	0,161191001534	0,444553315639	44807,8754441667
296	0,103522370003	0,103799452248	0,433172543615	0,353042293711	0,161191001534	0,444553315639	44807,953485706
297	0,103699669841	0,104084909975	0,433894453116	0,354037469551	0,161191001534	0,444553315639	44808,0312640625
298	0,104060566107	0,104274794092	0,435379010085	0,35471276639	0,161191001534	0,444553315639	44808,1090545486
299	0,104341345169	0,104366492335	0,43653909129	0,355032101601	0,161191001534	0,444553315639	44808,1872383102
300	0,10440848459	0,104482745524	0,436815328133	0,355421197652	0,161191001534	0,444553315639	44808,2656158796
301	0,10440477612	0,104542165851	0,436791984501	0,355643210491	0,161191001534	0,444553315639	44808,3436784375
302	0,104575371672	0,104487922571	0,437498776021	0,355439933399	0,161191001534	0,444553315639	44808,4219088079
303	0,104553657759	0,104493088174	0,437411782389	0,355439769463	0,161191001534	0,444553315639	44808,5002214005
304	0,104495220447	0,104245066338	0,437162893234	0,35457068654	0,161191001534	0,444553315639	44808,5782621065
305	0,104282252352	0,103944116888	0,436287612283	0,353492500644	0,161191001534	0,444553315639	44808,6563395023
306	0,103851449315	0,103411999616	0,434500787567	0,351629939436	0,161191001534	0,444553315639	44808,7340631019
307	0,103535467659	0,103327983654	0,433211269976	0,351297980874	0,161191001534	0,444553315639	44808,8121483681
308	0,103182736163	0,103055479988	0,431736893704	0,350369287091	0,161191001534	0,444553315639	44808,889708125
309	0,103004400239	0,103271171984	0,431008110132	0,351108472747	0,161191001534	0,444553315639	44808,9674766667
310	0,103146717999	0,103590220116	0,431583895231	0,352258586708	0,161191001534	0,444553315639	44809,0449896644
311	0,103620432059	0,103886016891	0,433545218516	0,353261740756	0,161191001534	0,444553315639	44809,1229491435
312	0,103841892803	0,104059108453	0,434454099136	0,353870101795	0,161191001534	0,444553315639	44809,2008662847
313	0,103974325669	0,104097824406	0,434993264138	0,354038949426	0,161191001534	0,444553315639	44809,2785968287
314	0,104154160813	0,104203725198	0,435739834002	0,354399737565	0,161191001534	0,444553315639	44809,3566546528
315	0,104196522296	0,104172747688	0,435912210258	0,354271568652	0,161191001534	0,444553315639	44809,4346938194
316	0,104307606369	0,104093978285	0,43637754532	0,353959801569	0,161191001534	0,444553315639	44809,5129862731
317	0,104102196813	0,103512710219	0,43552317207	0,35193691538	0,161191001534	0,444553315639	44809,5909238773
318	0,103547037802	0,102808760466	0,433240370979	0,349423393153	0,161191001534	0,444553315639	44809,6689502893
319	0,102785591697	0,102338610717	0,430099084575	0,347730559259	0,161191001534	0,444553315639	44809,7467981134
320	0,102332403254	0,102150025738	0,428226552732	0,347066344407	0,161191001534	0,444553315639	44809,8245153472
321	0,102084951447	0,101969223072	0,427199560476	0,346443703668	0,161191001534	0,444553315639	44809,9021284491
322	0,101804185302	0,102355388223	0,426032410388	0,347822746109	0,161191001534	0,444553315639	44809,9793339005
323	0,102340921848	0,102899194119	0,428251417698	0,349705102401	0,161191001534	0,444553315639	44810,056965162
324	0,102838503213	0,10337449633	0,430297451499	0,351413763179	0,161191001534	0,444553315639	44810,1345053125
325	0,103302846444	0,103548861174	0,432209793373	0,352039125821	0,161191001534	0,444553315639	44810,2121856481
326	0,103486318796	0,10376718302	0,432967565859	0,352788662141	0,161191001534	0,444553315639	44810,2898314815
327	0,103801918404	0,103831734193	0,434271674076	0,352986024041	0,161191001534	0,444553315639	44810,3678033333
328	0,103826239864	1,67642E-7	0,434373735932	6,27662E-7	0,161191001534	0,444553315639	44810,4528120486
329	0	0,09094253576	0	0,312926143093	0,168390899897	0,469689249992	44810,5915960301
330	0,158240055278	0,104221816039	0,659095570498	0,353902788062	0,168390899897	0,469689249992	44810,694183125
331	0,1053171425	0,099146947876	0,440936491183	0,336321498443	0,168390899897	0,469689249992	44810,7755784259
332	0,099602614598	0,097191470105	0,417161331105	0,329586740426	0,168390899897	0,469689249992	44810,8539841898
333	0,097451449198	0,096309252168	0,408204039863	0,326561559583	0,168390899897	0,469689249992	44810,9313907523
334	0,096494054278	0,096313124567	0,404208763906	0,326621382298	0,168390899897	0,469689249992	44811,0082890625
335	0,096347912237	0,096510717456	0,403575749961	0,327358637712	0,168390899897	0,469689249992	44811,0845758796
336	0,096651699282	0,096721277969	0,40482278119	0,328102108538	0,168390899897	0,469689249992	44811,1611415741
337	0,096812327635	0,096957662896	0,405476147411	0,32894552312	0,168390899897	0,469689249992	44811,2376504745
338	0,097036098128	0,097200490943	0,406395404796	0,329796664267	0,168390899897	0,469689249992	44811,3141978357
339	0,097237836558	0,097218549359	0,407221071548	0,329841900258	0,168390899897	0,469689249992	44811,3905680208
340	0,09737968127	0,096958939779	0,407809396913	0,328925400274	0,168390899897	0,469689249992	44811,4670753125
341	0,097029305925	0,096341522666	0,406352904261	0,326758535491	0,168390899897	0,469689249992	44811,5433946875
342	0,096303137266	0,09551360205	0,403342494895	0,323856295787	0,168390899897	0,469689249992	44811,6192035648
343	0,095648754053	0,095142891956	0,40063796043	0,322549798566	0,168390899897	0,469689249992	44811,6952670718
344	0,095100555703	0,094393728874	0,398360664799	0,319920881261	0,168390899897	0,469689249992	44811,7709590625
345	0,094371215564	0,094227126422	0,395334350072	0,319314801134	0,168390899897	0,469689249992	44811,8463750347
346	0,09424876684	0,094561666065	0,394823541703	0,320486616861	0,168390899897	0,469689249992	44811,9217959375
347	0,094506464918	0,094996940259	0,395883882021	0,321987175549	0,168390899897	0,469689249992	44811,9972320602
348	0,094981778345	0,095359870161	0,397853116595	0,323246910923	0,168390899897	0,469689249992	44812,0728036343
349	0,095322310544	0,095642765644	0,399259148461	0,324258297631	0,168390899897	0,469689249992	44812,1482794444
350	0,095521459864	0,095810654516	0,400076914072	0,324857014445	0,168390899897	0,469689249992	44812,2235042361
351	0,095803919189	0,096094834299	0,401252879347	0,325811183137	0,168390899897	0,469689249992	44812,2990852662
352	0,096100243751	0,096342833883	0,402476442406	0,326711391991	0,168390899897	0,469689249992	44812,3747702431
353	0,096313741594	0,096451336549	0,403358884757	0,327056433736	0,168390899897	0,469689249992	44812,4506323611
354	0,096474476763	0,096606338964	0,404026567095	0,327586480375	0,168390899897	0,469689249992	44812,5265681134
355	0,096472726614	0,096616644526	0,404008291536	0,327656917592	0,168390899897	0,469689249992	44812,6018942477
356	0,096685217731	0,096382887756	0,40489326701	0,326833816753	0,168390899897	0,469689249992	44812,6775418403
357	0,096432858945	0,096111614137	0,403853459736	0,325837730029	0,168390899897	0,469689249992	44812,7534355787
358	0,096074225533	0,095889476476	0,402364643248	0,325066492309	0,168390899897	0,469689249992	44812,8292206019
359	0,095777092275	0,09607028995	0,401128631236	0,325691087785	0,168390899897	0,469689249992	44812,9047290509
360	0,096000770155	0,09625498833	0,402054994656	0,326342573219	0,168390899897	0,469689249992	44812,9802898264
361	0,096141235666	0,096428077773	0,40263004552	0,32697154687	0,168390899897	0,469689249992	44813,0557396528
362	0,096349943751	0,096784563493	0,403493811992	0,328218124257	0,168390899897	0,469689249992	44813,1311471991
363	0,096884964928	0,097042893222	0,405717267241	0,329065534551	0,168390899897	0,469689249992	44813,207258912
364	0,096952212342	0,097155277613	0,405986610981	0,329480363165	0,168390899897	0,469689249992	44813,2830414236
365	0,097122262894	0,097243115325	0,406689600963	0,329797451592	0,168390899897	0,469689249992	44813,3587751157
366	0,097250543789	0,097338678763	0,407221368851	0,330098402491	0,168390899897	0,469689249992	44813,4345824653
367	0,097446774533	0,097188841951	0,408034145697	0,329572212545	0,168390899897	0,469689249992	44813,5106525926
368	0,097057268328	0,096535263924	0,40641277674	0,327309818703	0,168390899897	0,469689249992	44813,5863981481
369	0,096676910403	0,096602447701	0,404855892025	0,327481667351	0,168390899897	0,469689249992	44813,6624741898
370	0,096445999788	0,096269207408	0,403883297857	0,326380726599	0,168390899897	0,469689249992	44813,7378820602
371	0,096151915596	0,096258888918	0,402669772057	0,32631511352	0,168390899897	0,469689249992	44813,8131674306
372	0,096328249218	0,09656886323	0,403402883441	0,327367858989	0,168390899897	0,469689249992	44813,8888905093
373	0,096442939732	0,096589527126	0,403869453657	0,327470336025	0,168390899897	0,469689249992	44813,9644460417
374	0,096532677037	0,096806512323	0,404241634019	0,328222263622	0,168390899897	0,469689249992	44814,0400084259
375	0,096810178517	0,097004176845	0,405391319288	0,328906299534	0,168390899897	0,469689249992	44814,1157505556
376	0,09695164438	0,097073897223	0,405974685693	0,329164361225	0,168390899897	0,469689249992	44814,1914106019
377	0,097104891393	0,097161741081	0,406611120375	0,329447724308	0,168390899897	0,469689249992	44814,2673404167
378	0,097075036411	0,097165612846	0,406480826571	0,329449732165	0,168390899897	0,469689249992	44814,3430029051
379	0,097153590633	2,97554E-7	0,406807416778	1,120241E-6	0,168390899897	0,469689249992	44814,4257870718
380	1,27158515805803E-13	0,089969980181	4,99056670470983E-13	0,309636616222	0,178089678288	0,48669975996	44814,5615654745
381	0,154778490085	0,099135347416	0,645123390973	0,335979968657	0,178089678288	0,48669975996	44814,6636193518
382	0,100284620329	0,094054035707	0,420110629479	0,318447871145	0,178089678288	0,48669975996	44814,7433296644
383	0,094562009042	0,09214372888	0,396263778415	0,311867836261	0,178089678288	0,48669975996	44814,8200260069
384	0,092367757531	0,091112987254	0,387112989219	0,308344818315	0,178089678288	0,48669975996	44814,8955897569
385	0,091361159079	0,090906322029	0,382914866916	0,307669587926	0,178089678288	0,48669975996	44814,9706521875
386	0,091073160889	0,090774576269	0,381702279584	0,30723600315	0,178089678288	0,48669975996	44815,0454328935
387	0,090909760453	0,090611862539	0,381011346413	0,306670019813	0,178089678288	0,48669975996	44815,1201274306
388	0,090682830193	0,090432261943	0,3800581616	0,306087485713	0,178089678288	0,48669975996	44815,1944388426
389	0,090518368941	0,090401276592	0,379368542992	0,30596506355	0,178089678288	0,48669975996	44815,2686726505
390	0,090468033756	0,090375448578	0,37915512867	0,305875254274	0,178089678288	0,48669975996	44815,3427850116
391	0,090441762196	0,090287615317	0,379043236034	0,305554943536	0,178089678288	0,48669975996	44815,4169098611
392	0,0903583848	0,090232070358	0,378694323849	0,305330407264	0,178089678288	0,48669975996	44815,4910619792
393	0,090294575274	0,090139118755	0,378427080501	0,304995105276	0,178089678288	0,48669975996	44815,5650721991
394	0,090242639752	0,089960869643	0,378208942066	0,304370449602	0,178089678288	0,48669975996	44815,6391024769
395	0,089965612372	0,089529409145	0,377053989598	0,3028760976	0,178089678288	0,48669975996	44815,7129159838
396	0,089536238081	0,089160008996	0,375271139159	0,301579294266	0,178089678288	0,48669975996	44815,7866566898
397	0,089129585166	0,08916777393	0,373578743503	0,301583940792	0,178089678288	0,48669975996	44815,8601731944
398	0,089133755902	0,089056666422	0,373594145162	0,301196314721	0,178089678288	0,48669975996	44815,9337503125
399	0,088963385264	0,089286606954	0,372882815295	0,30200005419	0,178089678288	0,48669975996	44816,007065787
400	0,089331927605	0,089623735544	0,374415203893	0,303162026145	0,178089678288	0,48669975996	44816,080639456
401	0,08963823926	0,089811008034	0,375687768438	0,303794049604	0,178089678288	0,48669975996	44816,1543760185
402	0,089780366336	0,089796780693	0,37627557447	0,303750252161	0,178089678288	0,48669975996	44816,2281146065
403	0,089758454734	0,089848467451	0,376182982187	0,303926426762	0,178089678288	0,48669975996	44816,3016923727
404	0,089856064791	0,0898691572	0,376587576919	0,303989684084	0,178089678288	0,48669975996	44816,3753442014
405	0,089884285978	0,089755482363	0,376704950564	0,303610807124	0,178089678288	0,48669975996	44816,4490441088
406	0,089836580449	0,089737399574	0,376509610529	0,303510440892	0,178089678288	0,48669975996	44816,5229379398
407	0,091278424975	0,086796335436	0,38257308731	0,29218438336	0,178089678288	0,48669975996	44816,6656295486
408	0,085739525226	0,087723712873	0,359416477111	0,29652929584	0,178089678288	0,48669975996	44816,7371210648
409	0,08748248289	0,087363324871	0,366702776553	0,295364991531	0,178089678288	0,48669975996	44816,8092989931
410	0,087321221033	0,087418874916	0,366044708158	0,295533108994	0,178089678288	0,48669975996	44816,8819494213
411	0,087361137832	0,087736609502	0,366210505108	0,296618626882	0,178089678288	0,48669975996	44816,9546561111
412	0,087620343983	0,088118964985	0,36728605348	0,297938903175	0,178089678288	0,48669975996	44817,0273420255
413	0,08809999979	0,088572315398	0,369281659536	0,299489357209	0,178089678288	0,48669975996	44817,100246956
414	0,088586854178	0,088839690973	0,371303644263	0,300412847305	0,178089678288	0,48669975996	44817,1734579167
415	0,088761381237	0,088963706978	0,372026287848	0,300855759018	0,178089678288	0,48669975996	44817,2464577083
416	0,088964404576	0,089070910084	0,372870814718	0,301214000669	0,178089678288	0,48669975996	44817,3196746181
417	0,08908610976	0,089065732612	0,373377788065	0,301173796764	0,178089678288	0,48669975996	44817,3930447338
418	0,089041940266	0,088986947103	0,373192659279	0,300900660561	0,178089678288	0,48669975996	44817,4662898264
419	0,089089132116	0,088986929937	0,373394570254	0,300877854494	0,178089678288	0,48669975996	44817,539796956
420	0,088961380843	0,08868081213	0,372857566236	0,299841048158	0,178089678288	0,48669975996	44817,6130696412
421	0,088663716829	0,088268799678	0,371622028527	0,298398597188	0,178089678288	0,48669975996	44817,6861395139
422	0,088310470978	0,08794457577	0,370157661615	0,29725591838	0,178089678288	0,48669975996	44817,759291794
423	0,087902496891	0,087559689832	0,368460615556	0,295926300137	0,178089678288	0,48669975996	44817,8322937732
424	0,087429721929	0,087495088856	0,366492612262	0,295686340828	0,178089678288	0,48669975996	44817,9049356713
425	0,087476935738	0,087635867956	0,366689978245	0,296182017613	0,178089678288	0,48669975996	44817,9776852662
426	0,087598648593	0,087735327744	0,367193510298	0,296532816678	0,178089678288	0,48669975996	44818,0504964931
427	0,087724806253	0,087827064772	0,367719765626	0,296834653265	0,178089678288	0,48669975996	44818,1234671759
428	0,087769280229	0,087962673606	0,367901971392	0,297307024334	0,178089678288	0,48669975996	44818,1963246296
429	0,087957787453	0,08804924164	0,36868723626	0,297581215545	0,178089678288	0,48669975996	44818,2693639005
430	0,087989474291	2,26134E-7	0,368816697496	8,57841E-7	0,178089678288	0,48669975996	44818,3492289005
431	1,27158515805803E-13	0,089698972111	5,00210187487029E-13	0,308599648649	0,18545255065	0,514285564423	44818,4812838773
432	0,151026413007	0,09142813268	0,630073487922	0,308868049031	0,18545255065	0,514285564423	44818,5835955671
433	0,092719831295	0,085365202373	0,388732814728	0,288123336496	0,18545255065	0,514285564423	44818,6613952778
434	0,085849330127	0,08295628433	0,360052095306	0,279905997699	0,18545255065	0,514285564423	44818,735336875
435	0,083269881063	0,0818609519	0,34927895158	0,27616238744	0,18545255065	0,514285564423	44818,8079383912
436	0,082145297744	0,081401155821	0,344577135487	0,274593448889	0,18545255065	0,514285564423	44818,8801233681
437	0,081495984871	0,081126032266	0,341857901086	0,273685954007	0,18545255065	0,514285564423	44818,9516428704
438	0,081310929495	0,080955530075	0,341081093048	0,273117846679	0,18545255065	0,514285564423	44819,0232517593
439	0,081007270039	0,080848330995	0,33980751888	0,272764355717	0,18545255065	0,514285564423	44819,0945307523
440	0,080946925765	0,080755294409	0,339552906272	0,272444694937	0,18545255065	0,514285564423	44819,1658723843
441	0,080792214333	0,080769533831	0,338903831329	0,272498133637	0,18545255065	0,514285564423	44819,2369713889
442	0,080826691129	0,080835404486	0,339046191058	0,272700141503	0,18545255065	0,514285564423	44819,3081014699
443	0,080825353369	0,080814725755	0,339035649996	0,27262448183	0,18545255065	0,514285564423	44819,3790370139
444	0,080857183296	0,080808289416	0,339167925933	0,27259663038	0,18545255065	0,514285564423	44819,4499876389
445	0,08084464433	0,080775996239	0,339114526972	0,272493094623	0,18545255065	0,514285564423	44819,5209158102
446	0,080814719132	0,080681687643	0,33898929653	0,272138715774	0,18545255065	0,514285564423	44819,5918650694
447	0,080708308352	0,080630022925	0,338544875923	0,271959135758	0,18545255065	0,514285564423	44819,6627785532
448	0,080614791966	0,080405293138	0,338151576116	0,271187083522	0,18545255065	0,514285564423	44819,7335419444
449	0,080385795162	0,080301946326	0,33719741196	0,27082119691	0,18545255065	0,514285564423	44819,8042129167
450	0,080230478228	0,080473753164	0,336547303997	0,271407021484	0,18545255065	0,514285564423	44819,8746758912
451	0,080472843356	0,080626171506	0,337559045417	0,271913752555	0,18545255065	0,514285564423	44819,9453727893
452	0,08065342971	0,080813442514	0,338310835699	0,272571860355	0,18545255065	0,514285564423	44820,0162338773
453	0,080732516959	0,08096200096	0,338637148357	0,273071649698	0,18545255065	0,514285564423	44820,0867890856
454	0,080984514132	0,081000741285	0,339689953057	0,273206780908	0,18545255065	0,514285564423	44820,1576665162
455	0,080954246098	0,081088571367	0,339561831436	0,273501553134	0,18545255065	0,514285564423	44820,2283054282
456	0,081117210749	0,081000734928	0,34024229447	0,273189722759	0,18545255065	0,514285564423	44820,2991464236
457	0,081012820035	0,080994263406	0,339805330851	0,27316979416	0,18545255065	0,514285564423	44820,3699834375
458	0,080978382279	0,08095164729	0,339662227881	0,273015076465	0,18545255065	0,514285564423	44820,4408718634
459	0,080954839187	0,080897403163	0,339563897462	0,272829911914	0,18545255065	0,514285564423	44820,5117749306
460	0,080863526432	0,08076955566	0,339181944356	0,272369928962	0,18545255065	0,514285564423	44820,5824791435
461	0,080787055218	0,080737257185	0,33886405792	0,272265922913	0,18545255065	0,514285564423	44820,6532300579
462	0,080716914341	0,080628759817	0,338569913169	0,271889643969	0,18545255065	0,514285564423	44820,7239096181
463	0,080567337837	0,080503437471	0,33794648459	0,271462669076	0,18545255065	0,514285564423	44820,7944847106
464	0,080416983017	0,080632633065	0,337317989571	0,271896764806	0,18545255065	0,514285564423	44820,864785706
465	0,080683407914	0,080703659363	0,338430489089	0,27214110607	0,18545255065	0,514285564423	44820,9354675463
466	0,080653006997	0,080756615373	0,338300206278	0,272344405783	0,18545255065	0,514285564423	44821,0060202199
467	0,080707643378	0,080910319501	0,338528548155	0,272856545153	0,18545255065	0,514285564423	44821,0765337037
468	0,0808540449	0,080936156416	0,339138625831	0,272951215923	0,18545255065	0,514285564423	44821,1469958796
469	0,080973731463	0,080910291738	0,339638373571	0,272835612085	0,18545255065	0,514285564423	44821,2176978472
470	0,080898982526	0,080777301098	0,339325835591	0,272390603489	0,18545255065	0,514285564423	44821,2883938426
471	0,080788211551	0,08074107512	0,338864348427	0,272259936789	0,18545255065	0,514285564423	44821,3590916319
472	0,080714738507	0,080708827296	0,338558345355	0,272146658988	0,18545255065	0,514285564423	44821,4297614236
473	0,080666851767	0,080991713666	0,338357731576	0,27310429015	0,18545255065	0,514285564423	44821,5002251273
474	0,080999990209	0,081071808908	0,339744803149	0,27337291206	0,18545255065	0,514285564423	44821,5708283565
475	0,081081920151	0,08097234806	0,340087616854	0,273054997836	0,18545255065	0,514285564423	44821,6415693403
476	0,080912800126	0,0810704854	0,339380407362	0,273374506007	0,18545255065	0,514285564423	44821,7122063889
477	0,081048097715	0,08114541292	0,339945747169	0,273638663977	0,18545255065	0,514285564423	44821,7829119213
478	0,081125717524	0,08121515449	0,340267680382	0,273862993178	0,18545255065	0,514285564423	44821,8536882755
479	0,081188118608	0,081147976434	0,340528125638	0,27362420126	0,18545255065	0,514285564423	44821,9244571412
480	0,081109837764	0,081206106315	0,340200221237	0,273852445224	0,18545255065	0,514285564423	44821,9950821875
481	0,081108978051	4,45482E-7	0,340194794811	1,700181E-6	0,18545255065	0,514285564423	44822,0724982986
482	9,28257165382365E-13	0,088783674742	3,65699625717393E-12	0,305561376932	0,197571411729	0,537210702896	44822,2018249074
483	0,147148430298	0,085493064076	0,614320229123	0,288193455251	0,197571411729	0,537210702896	44822,3032512732
484	0,086902587783	0,079369389298	0,364529873896	0,26734145385	0,197571411729	0,537210702896	44822,3789436806
485	0,080041977378	0,077116772172	0,335848005069	0,259654680015	0,197571411729	0,537210702896	44822,4509409954
486	0,077508665435	0,075836763401	0,325250016799	0,255321311115	0,197571411729	0,537210702896	44822,5216627662
487	0,076104381989	0,075082443406	0,319373702308	0,252760477998	0,197571411729	0,537210702896	44822,5917029398
488	0,075229539443	0,074640715704	0,315710216634	0,251287846732	0,197571411729	0,537210702896	44822,6610714005
489	0,074824539817	0,074421132658	0,314014598009	0,25054323364	0,197571411729	0,537210702896	44822,7303765394
490	0,07449523396	0,074198964903	0,312632970931	0,249802478532	0,197571411729	0,537210702896	44822,799330706
491	0,074291437615	0,074032354398	0,311779041746	0,249238378966	0,197571411729	0,537210702896	44822,8681679514
492	0,074120359252	0,073934202648	0,311061862123	0,248900956802	0,197571411729	0,537210702896	44822,9369945949
493	0,073983505701	0,073961311572	0,31048787919	0,248989688933	0,197571411729	0,537210702896	44823,0056898264
494	0,073926019394	0,073847665767	0,310244997793	0,248599176891	0,197571411729	0,537210702896	44823,0741041782
495	0,073873138014	0,073771418767	0,310023208063	0,248330212826	0,197571411729	0,537210702896	44823,1424819907
496	0,073785570339	0,073664210363	0,309655682619	0,247981247341	0,197571411729	0,537210702896	44823,2107565741
497	0,073762848178	0,073608699524	0,30956220765	0,247760171986	0,197571411729	0,537210702896	44823,2792904861
498	0,073644867554	0,073544084562	0,309068338901	0,247529534886	0,197571411729	0,537210702896	44823,3477288657
499	0,073586964602	0,073383942821	0,308825220036	0,2469856483	0,197571411729	0,537210702896	44823,4162004282
500	0,073384767355	0,073258652902	0,30797901038	0,246557665626	0,197571411729	0,537210702896	44823,4843814236
501	0,073253442041	0,073067489783	0,307430368611	0,245899853649	0,197571411729	0,537210702896	44823,552557037
502	0,073099965722	0,072987400475	0,30678862085	0,245611566864	0,197571411729	0,537210702896	44823,6207235764
503	0,072982556007	0,07286469272	0,306297188447	0,245198355898	0,197571411729	0,537210702896	44823,6887794213
504	0,072926931074	0,07286857932	0,306065207439	0,245199787338	0,197571411729	0,537210702896	44823,7571075579
505	0,07272766185	0,072725217419	0,305229488059	0,244729201807	0,197571411729	0,537210702896	44823,824853588
506	0,07273836639	0,072871159578	0,305274654097	0,245201330676	0,197571411729	0,537210702896	44823,8927272454
507	0,072844168591	0,072788502729	0,305715391412	0,244942231848	0,197571411729	0,537210702896	44823,9605653935
508	0,072823451013	0,072831115242	0,305629576259	0,245068716638	0,197571411729	0,537210702896	44824,0285852778
509	0,07271753557	0,072776876837	0,305184693874	0,244909741045	0,197571411729	0,537210702896	44824,0961896296
510	0,072808199185	0,07276137897	0,305565229956	0,244832329153	0,197571411729	0,537210702896	44824,164126412
511	0,07278108963	0,072699376266	0,305452670181	0,244618703824	0,197571411729	0,537210702896	44824,2321986921
512	0,072673434557	0,072735549261	0,305001097116	0,244742361865	0,197571411729	0,537210702896	44824,30009125
513	0,072705691075	0,072752332489	0,305135526962	0,244821019459	0,197571411729	0,537210702896	44824,3679282639
514	0,072775120034	0,072735561128	0,305426951072	0,244736572327	0,197571411729	0,537210702896	44824,4358619213
515	0,072781488831	0,072455254592	0,305452196239	0,24378828901	0,197571411729	0,537210702896	44824,5037506018
516	0,072450989792	0,072470766448	0,304070271669	0,243836448792	0,197571411729	0,537210702896	44824,5714937963
517	0,072492023752	0,072437162903	0,304242500108	0,243713024764	0,197571411729	0,537210702896	44824,6393476968
518	0,072400779811	0,072154299844	0,303860058815	0,242751914803	0,197571411729	0,537210702896	44824,7070535764
519	0,072159773106	0,07211685251	0,30285279299	0,242620721182	0,197571411729	0,537210702896	44824,7747553125
520	0,072108340015	0,072107808148	0,302638017389	0,242603581932	0,197571411729	0,537210702896	44824,8424306713
521	0,072055205109	0,072164629143	0,302415015115	0,242783750181	0,197571411729	0,537210702896	44824,910024456
522	0,072163966633	0,07217757388	0,302869978853	0,242812912539	0,197571411729	0,537210702896	44824,9776993287
523	0,07217072414	0,071969631772	0,302897326505	0,24212598695	0,197571411729	0,537210702896	44825,0454349421
524	0,0719578336	0,071969618208	0,302007731004	0,242119688761	0,197571411729	0,537210702896	44825,1130302431
525	0,071886917641	0,072078127656	0,301709799529	0,242500640989	0,197571411729	0,537210702896	44825,1803781366
526	0,072067579091	0,072014839592	0,302465554454	0,242283478314	0,197571411729	0,537210702896	44825,2478347454
527	0,072070219715	0,071902416204	0,302477484453	0,241889330015	0,197571411729	0,537210702896	44825,3155915046
528	0,071911229565	0,071934730997	0,301811767806	0,24200409919	0,197571411729	0,537210702896	44825,3832269329
529	0,071914771363	0,071793915446	0,301826605112	0,241530620778	0,197571411729	0,537210702896	44825,4506822917
530	0,071769830765	0,071584698998	0,301220595715	0,240818631325	0,197571411729	0,537210702896	44825,5180821644
531	0,071572472278	0,071449079143	0,300394896148	0,240354877531	0,197571411729	0,537210702896	44825,5854343171
532	0,071409551151	3,66644E-7	0,299713508032	1,412178E-6	0,197571411729	0,537210702896	44825,6596852199
533	3,43327992675669E-13	0,088731605871	1,35593936413722E-12	0,305350911311	0,207225009799	0,566501498222	44825,7843879167
534	0,143073816891	0,077453903093	0,59782361415	0,260431812586	0,207225009799	0,566501498222	44825,8856600579
535	0,079039752124	0,07065729528	0,331729615429	0,237464408908	0,207225009799	0,566501498222	44825,9589813773
536	0,071396318371	0,068230305257	0,299719495078	0,229194352178	0,207225009799	0,566501498222	44826,0281329167
537	0,068599987211	0,06685730271	0,287999683855	0,224578891609	0,207225009799	0,566501498222	44826,0954644444
538	0,067200991639	0,066159804768	0,28213652894	0,222224126921	0,207225009799	0,566501498222	44826,1623064931
539	0,066339338613	0,065754247095	0,278523653602	0,220860245046	0,207225009799	0,566501498222	44826,2285386921
540	0,065866820391	0,06530731416	0,27654127456	0,219393143964	0,207225009799	0,566501498222	44826,2943860532
541	0,065456668314	0,06513036376	0,274821535703	0,21879463532	0,207225009799	0,566501498222	44826,3599663657
542	0,058013759294		0,243562847259		0,207225009799	0,566501498222	44826,3935138773
