TesterID:	Maccor#2						
Channel Number:	46						
TestName:	KAI_Zelltest_regulaer_fix_no_degass_flag.000						
TestDesc:	Regular cycling: formation, followed by pulse, C-rate quick charge and cycling t						
StartDateTime:	44966,5474419907						
Comment:							
							
							
Cycle	AH-IN	AH-OUT	WH-IN	WH-OUT	ACR	DCIR	Date
0		6,5705E-8		1,51E-8	0	0	44966,5476148958
1	0,47305861202	0,403223752995	1,763670973745	1,475586374974	0	0	44966,9472386227
2	0,407321686332	0,404718466462	1,5272665499	1,481816020846	0	0	44967,3249605787
3	0,416313321878	1,35854E-7	1,563662927486	4,38475E-7	0	0	44967,7689034259
4	0	1,03209E-7	0	3,35402E-7	0,043067768216	0,122227370739	44968,0445262384
5	0,408930718597	0,406979199436	1,543700431098	1,491373659631	0,043067768216	0,122227370739	44968,2829272222
6	0,40811868081	0,406422997279	1,540443698022	1,489790692737	0,043067768216	0,122227370739	44968,5275609722
7	0,407476213154	0,406022067124	1,53796801919	1,488737748025	0,043067768216	0,122227370739	44968,7719428588
8	0,406915728008	0,38725096601	1,535830792577	1,398595230118	0,043067768216	0,122227370739	44968,9415107986
9	0,388208495318	0,386187955153	1,471416655107	1,395159930539	0,043067768216	0,122227370739	44969,1057030903
10	0,387075692748	0,385420776887	1,467418920191	1,392688563289	0,043067768216	0,122227370739	44969,2694757292
11	0,386245432569	0,337683295908	1,46449390079	1,193204072413	0,043067768216	0,122227370739	44969,4135699653
12	0,338361243485	0,337249277826	1,295474190605	1,192128400924	0,043067768216	0,122227370739	44969,544071169
13	0,337984821434	0,336236600335	1,294068891362	1,188724440506	0,043067768216	0,122227370739	44969,674542338
14	0,336880406601	0,399237064467	1,290057510557	1,466451582874	0,043067768216	0,122227370739	44969,8970394329
15	0,399823290835	0,400057320604	1,510404128771	1,469674630516	0,043067768216	0,122227370739	44970,1370309607
16	0,400601840228	1,12746E-7	1,513236331392	3,57319E-7	0,043067768216	0,122227370739	44970,3844966551
17	0,358775575937	0,35935959373	1,363588934394	1,304739416729	0,043067768216	0,122227370739	44970,5203638889
18	0,358643758968	0,358790949331	1,36300414213	1,302451662759	0,043067768216	0,122227370739	44970,6629430324
19	0,358457767599	0,358444282796	1,362325341671	1,301080665268	0,043067768216	0,122227370739	44970,8054164468
20	0,333159834323	0,326907657198	1,290222320885	1,1789977572	0,043067768216	0,122227370739	44970,9222076736
21	0,326492146159	0,319332022962	1,264609855792	1,152267125739	0,043067768216	0,122227370739	44971,0366605556
22	0,318920315386	1,10846E-7	1,235510919385	3,43274E-7	0,043067768216	0,122227370739	44971,1560632292
23	0	0,219890750351	0	0,773521313638	0,046268358827	0,120749600232	44971,4134904167
24	0,388122303101	0,380493201731	1,495285284233	1,379289102626	0,046268358827	0,120749600232	44971,5153495255
25	0,380819550625	0,379495993076	1,46983750221	1,375894684692	0,046268358827	0,120749600232	44971,6159420023
26	0,379780329683	0,378633253704	1,466044503414	1,372881513262	0,046268358827	0,120749600232	44971,7162302315
27	0,378852838617	0,377761339421	1,462644829588	1,369777384603	0,046268358827	0,120749600232	44971,8162579514
28	0,377986263115	0,376987645127	1,459499932743	1,367013451818	0,046268358827	0,120749600232	44971,916195625
29	0,377144629932	0,376181660414	1,456426725776	1,364092265184	0,046268358827	0,120749600232	44972,0158385532
30	0,376343396958	0,375367950398	1,453546628946	1,361153756746	0,046268358827	0,120749600232	44972,1152895023
31	0,375532141047	0,374594249113	1,450633212225	1,358366478705	0,046268358827	0,120749600232	44972,2146526968
32	0,374735486016	0,373848976444	1,44777070276	1,355689175867	0,046268358827	0,120749600232	44972,3138246644
33	0,374005788039	0,373126970182	1,44518879462	1,353101847154	0,046268358827	0,120749600232	44972,4129750347
34	0,373262598601	0,372419122808	1,442520507609	1,350553514495	0,046268358827	0,120749600232	44972,5119755556
35	0,372590596489	0,371777161985	1,440118833091	1,348270391289	0,046268358827	0,120749600232	44972,611021956
36	0,371885197232	0,370978953438	1,437542890717	1,345374830153	0,046268358827	0,120749600232	44972,7097925694
37	0,371081113964	0,370131693708	1,43476214342	1,342235954246	0,046268358827	0,120749600232	44972,8085080556
38	0,370237442456	0,369519436267	1,431743168741	1,340103295634	0,046268358827	0,120749600232	44972,9070645949
39	0,369677420283	0,368964059791	1,42972170404	1,338112317376	0,046268358827	0,120749600232	44973,0056880556
40	0,369091486832	0,368453777756	1,427581082937	1,336299143725	0,046268358827	0,120749600232	44973,1042980208
41	0,368527493528	0,367904812829	1,425482750684	1,334348513243	0,046268358827	0,120749600232	44973,2026637847
42	0,367987095711	0,367376530021	1,423504984268	1,332460708621	0,046268358827	0,120749600232	44973,3008284259
43	0,367468197064	0,366831494503	1,421631317894	1,330500956735	0,046268358827	0,120749600232	44973,398918125
44	0,36693953023	0,366283862408	1,41975488029	1,328551913888	0,046268358827	0,120749600232	44973,4970212847
45	0,366392360475	0,365839509307	1,417751285976	1,326967709701	0,046268358827	0,120749600232	44973,5951392824
46	0,365889026005	0,365382319767	1,415890999184	1,325313916746	0,046268358827	0,120749600232	44973,6929575231
47	0,36548417245	0,364970267684	1,414412074356	1,323853279549	0,046268358827	0,120749600232	44973,7908091782
48	0,365024342435	0,364549179715	1,412716020322	1,322344573624	0,046268358827	0,120749600232	44973,8885534491
49	0,364588178369	0,364130690021	1,411106736938	1,320842240318	0,046268358827	0,120749600232	44973,986121169
50	0,364234042515	0,363776802152	1,409831698236	1,319574690609	0,046268358827	0,120749600232	44974,0837834607
51	0,363818233855	0,363342754189	1,408300832296	1,318011802643	0,046268358827	0,120749600232	44974,18129875
52	0,363411506463	0,362966866411	1,406822808289	1,316654936749	0,046268358827	0,120749600232	44974,2787145023
53	0,363062017923	0,362567884954	1,405550023412	1,315214887575	0,046268358827	0,120749600232	44974,3761445602
54	0,362625674892	0,362126020133	1,403981460371	1,3135920605	0,046268358827	0,120749600232	44974,4734351042
55	0,362182331059	0,361675286428	1,402379213936	1,311963980418	0,046268358827	0,120749600232	44974,5706410069
56	0,36176749683	0,361246444338	1,400901813591	1,310468489796	0,046268358827	0,120749600232	44974,6678850694
57	0,361286460229	0,360656229187	1,39918835931	1,308266084132	0,046268358827	0,120749600232	44974,7650661343
58	0,360731436917	0,360280090061	1,39725313564	1,307049154077	0,046268358827	0,120749600232	44974,8625232176
59	0,360317202508	0,359722338476	1,395744057863	1,304902844399	0,046268358827	0,120749600232	44974,9596093981
60	0,359790555339	0,359345190134	1,393839943415	1,303587578202	0,046268358827	0,120749600232	44975,0566646412
61	0,359416235821	0,358920168307	1,392493766694	1,30204897455	0,046268358827	0,120749600232	44975,1537476157
62	0,35895493765	0,35849907483	1,390825819249	1,300528931135	0,046268358827	0,120749600232	44975,2506927083
63	0,358535422714	0,358125863103	1,389292189961	1,299192441415	0,046268358827	0,120749600232	44975,3475485185
64	0,358148018101	0,357712500228	1,38788055133	1,297693167483	0,046268358827	0,120749600232	44975,4442667593
65	0,357773670133	0,357352118586	1,386525633189	1,296431139604	0,046268358827	0,120749600232	44975,5409712731
66	0,357389278612	0,356909098743	1,385132434934	1,294802956226	0,046268358827	0,120749600232	44975,6376582523
67	0,35696959142	0,356595272374	1,38360457204	1,293710217364	0,046268358827	0,120749600232	44975,7342955208
68	0,356622616672	0,356140538265	1,382346679131	1,291990977265	0,046268358827	0,120749600232	44975,8309053009
69	0,356197246206	0,355892523208	1,380808727865	1,291144220628	0,046268358827	0,120749600232	44975,9274146759
70	0,355917907987	0,355490828824	1,379743080949	1,289681829077	0,046268358827	0,120749600232	44976,0238204861
71	0,355569697327	0,355262321792	1,378501350635	1,28889176922	0,046268358827	0,120749600232	44976,1203615625
72	0,35525347755	0,35488252495	1,377300049493	1,287492527325	0,046268358827	0,120749600232	44976,216669537
73	0,354983380161	1,45179E-7	1,376344428517	4,83187E-7	0,046268358827	0,120749600232	44976,3201895949
74	7,62951094834821E-14	0,200803775378	2,85808337196839E-13	0,706245689021	0,048331040889	0,125123545527	44976,5612333912
75	0,366169963321	0,356418286371	1,41467035681	1,293371956974	0,048331040889	0,125123545527	44976,6586245255
76	0,356481030417	0,356034705503	1,381157854499	1,291970784012	0,048331040889	0,125123545527	44976,7548083333
77	0,3561016336	0,355573604779	1,379776284086	1,29027984224	0,048331040889	0,125123545527	44976,8510296875
78	0,35557981423	0,35519384354	1,377871960865	1,288909363717	0,048331040889	0,125123545527	44976,9470159838
79	0,355227616534	0,354771513022	1,376601477207	1,287333031953	0,048331040889	0,125123545527	44977,0429775347
80	0,354792044843	0,354444716484	1,375044655236	1,286159551083	0,048331040889	0,125123545527	44977,1388517708
81	0,354495964387	0,354079110746	1,374001096948	1,284787026932	0,048331040889	0,125123545527	44977,2348083796
82	0,354082691278	0,353646512813	1,37252608004	1,283192472046	0,048331040889	0,125123545527	44977,3306707176
83	0,353661686931	0,353287374358	1,371028299599	1,281873869738	0,048331040889	0,125123545527	44977,4264874768
84	0,353338787451	0,353001952022	1,369832505634	1,280871935841	0,048331040889	0,125123545527	44977,5223198958
85	0,353034168543	0,352700993248	1,368756348803	1,279754855539	0,048331040889	0,125123545527	44977,6181736806
86	0,352675846607	0,352374157926	1,367434856512	1,278554990052	0,048331040889	0,125123545527	44977,7138115162
87	0,352401379718	0,352093911791	1,366428224963	1,277494670545	0,048331040889	0,125123545527	44977,8093675
88	0,35212688203	0,351897538778	1,36545468761	1,276807152245	0,048331040889	0,125123545527	44977,9050040393
89	0,351914208735	0,351697383219	1,364634244476	1,276085407012	0,048331040889	0,125123545527	44978,0005883102
90	0,351697990356	0,351481645871	1,363812147977	1,275315238415	0,048331040889	0,125123545527	44978,0961113773
91	0,351500856404	0,351396379727	1,363053266065	1,275046896208	0,048331040889	0,125123545527	44978,1915432407
92	0,351395770535	0,351227188543	1,362610962031	1,274419812423	0,048331040889	0,125123545527	44978,2868393056
93	0,351255210358	0,351060527809	1,362081064139	1,27379339083	0,048331040889	0,125123545527	44978,3821387153
94	0,35107413716	0,350861633877	1,361412768556	1,273077281497	0,048331040889	0,125123545527	44978,4774027894
95	0,350895647728	0,350793152236	1,360728947339	1,272870049044	0,048331040889	0,125123545527	44978,5726516435
96	0,350770778005	0,350698939009	1,360154207689	1,272528003209	0,048331040889	0,125123545527	44978,6676575926
97	0,350727019995	0,350758338141	1,359913307499	1,272773384618	0,048331040889	0,125123545527	44978,7626391088
98	0,35080130996	0,350718267949	1,36012144713	1,272630346392	0,048331040889	0,125123545527	44978,8577238773
99	0,350709596583	0,350622710444	1,359772024959	1,27229711107	0,048331040889	0,125123545527	44978,9527401273
100	0,350628854801	0,350620158586	1,359380367658	1,272371771208	0,048331040889	0,125123545527	44979,0476251505
101	0,350594656988	0,350593007274	1,359160597332	1,272255922243	0,048331040889	0,125123545527	44979,1424076736
102	0,350607244645	0,350567176293	1,359151327264	1,272164389816	0,048331040889	0,125123545527	44979,2371943866
103	0,350581595529	0,350534844546	1,359018816726	1,272092381896	0,048331040889	0,125123545527	44979,3319957176
104	0,350546611918	0,350521976106	1,358832382046	1,272073202609	0,048331040889	0,125123545527	44979,4267471296
105	0,350568828444	0,350591726789	1,358862461123	1,27239870813	0,048331040889	0,125123545527	44979,5215982523
106	0,350592618611	0,350595578845	1,358807781743	1,272454966597	0,048331040889	0,125123545527	44979,6162448843
107	0,350611084499	0,350582695781	1,358816002382	1,272398058955	0,048331040889	0,125123545527	44979,7108621412
108	0,350574428159	0,350545162402	1,358635894606	1,272273303827	0,048331040889	0,125123545527	44979,8054324769
109	0,350561346334	0,350525832825	1,358544593288	1,272200368718	0,048331040889	0,125123545527	44979,9000840278
110	0,350483700201	0,350446991362	1,358195295434	1,271919517599	0,048331040889	0,125123545527	44979,994413044
111	0,35049234957	0,350452224572	1,358196344788	1,271954452436	0,048331040889	0,125123545527	44980,0888510069
112	0,350434068936	0,350408254642	1,357933085614	1,27179114852	0,048331040889	0,125123545527	44980,1832112384
113	0,350442358794	0,350408278378	1,357942557716	1,271797598743	0,048331040889	0,125123545527	44980,2777324884
114	0,350413119853	0,350369459213	1,357800691705	1,271656747948	0,048331040889	0,125123545527	44980,3722566667
115	0,350362253786	0,350310076187	1,35756662018	1,271450183725	0,048331040889	0,125123545527	44980,4666480324
116	0,350307151456	0,35025333806	1,357321684269	1,271228643752	0,048331040889	0,125123545527	44980,5609413657
117	0,350241058237	0,350183568512	1,357053794341	1,270975730243	0,048331040889	0,125123545527	44980,655220081
118	0,350175388131	0,350102190877	1,356784642091	1,270664294161	0,048331040889	0,125123545527	44980,7494331366
119	0,350114329796	0,350034922328	1,35655004228	1,27042913531	0,048331040889	0,125123545527	44980,8437061227
120	0,350073093181	0,349993680372	1,356399868556	1,270256849955	0,048331040889	0,125123545527	44980,9380584028
121	0,349953820819	0,349873559657	1,355901460816	1,269831544036	0,048331040889	0,125123545527	44981,032209537
122	0,349873598853	0,349807652125	1,355624246937	1,26957543007	0,048331040889	0,125123545527	44981,126475706
123	0,349795887565	0,349719835394	1,355311853806	1,269259766764	0,048331040889	0,125123545527	44981,2206475347
124	0,349729527686	1,48993E-7	1,355050633595	4,86191E-7	0,048331040889	0,125123545527	44981,3218334028
125	0	0,193704630372	0	0,681432590506	0,049040284008	0,126170143485	44981,5588370486
126	0,357463522312	0,350801021654	1,381725646187	1,273316775661	0,049040284008	0,126170143485	44981,6537599537
127	0,350864516657	0,350614997857	1,358898350126	1,272698543699	0,049040284008	0,126170143485	44981,7480085417
128	0,350610524208	0,350421186664	1,357923757735	1,271977865309	0,049040284008	0,126170143485	44981,8421268519
129	0,350417316182	0,350231366977	1,357206002257	1,271273954368	0,049040284008	0,126170143485	44981,9362252199
130	0,350218221507	0,350062151838	1,356486290742	1,270626879842	0,049040284008	0,126170143485	44982,0303396759
131	0,350021705838	0,349869729428	1,355775444272	1,269885157459	0,049040284008	0,126170143485	44982,1243275
132	0,349852711896	0,349706923082	1,355163079457	1,26926743202	0,049040284008	0,126170143485	44982,2183056134
133	0,349705046994	0,349557079276	1,354637303011	1,268692854506	0,049040284008	0,126170143485	44982,3122695255
134	0,349553235088	0,3494071774	1,354088682592	1,268128192755	0,049040284008	0,126170143485	44982,4062136458
135	0,349418437877	0,349272914326	1,353608298567	1,267624066516	0,049040284008	0,126170143485	44982,5001797338
136	0,349249956214	0,349116636723	1,352996369186	1,267025187434	0,049040284008	0,126170143485	44982,5940443981
137	0,349125730266	0,348984897324	1,352569909945	1,266528735514	0,049040284008	0,126170143485	44982,6879643056
138	0,348953566503	0,34883255591	1,351932700023	1,265953368701	0,049040284008	0,126170143485	44982,7818209028
139	0,348837314151	0,348744669667	1,351524211429	1,265634701255	0,049040284008	0,126170143485	44982,8756772569
140	0,348726151238	0,3486013279	1,351112339671	1,265112301425	0,049040284008	0,126170143485	44982,969532419
141	0,348599644419	0,348469540392	1,350659987938	1,264594055654	0,049040284008	0,126170143485	44983,0634209144
142	0,34841066735	0,348291326037	1,349964612991	1,263904225071	0,049040284008	0,126170143485	44983,1571386574
143	0,348269030857	0,348189250598	1,349458108702	1,263567443185	0,049040284008	0,126170143485	44983,2508283796
144	0,34821979247	0,348119503516	1,349285920081	1,263325820034	0,049040284008	0,126170143485	44983,3446403588
145	0,348090847328	0,347981238553	1,348759246077	1,262809299602	0,049040284008	0,126170143485	44983,4390127199
146	0,347960194733	0,347874102204	1,348334336767	1,262403966025	0,049040284008	0,126170143485	44983,5327398495
147	0,344564586112	0,344590707845	1,334136870285	1,249317782479	0,049040284008	0,126170143485	44983,6182327431
148	0,347813789966	0,347579566843	1,347792209015	1,261215486662	0,049040284008	0,126170143485	44983,7120900231
149	0,347586042833	0,347489146965	1,346994080026	1,260914135765	0,049040284008	0,126170143485	44983,8057263426
150	0,347501632832	0,347382000234	1,346670118883	1,260532418326	0,049040284008	0,126170143485	44983,8993526042
151	0,34737338388	0,347247728683	1,346205653667	1,260059565571	0,049040284008	0,126170143485	44983,9929918866
152	0,347251137779	0,347140440381	1,345772572127	1,259655650862	0,049040284008	0,126170143485	44984,0866717824
153	0,347131148092	0,347022921116	1,345345784356	1,259230270621	0,049040284008	0,126170143485	44984,1803890741
154	0,346931710357	0,346827836217	1,344569003389	1,25848941022	0,049040284008	0,126170143485	44984,2737434259
155	0,346866555589	0,346749132089	1,344374119553	1,258215558894	0,049040284008	0,126170143485	44984,3673112616
156	0,346677466825	0,346555349928	1,343675124524	1,257496292818	0,049040284008	0,126170143485	44984,4607502199
157	0,34656965668	0,347331363382	1,34330635221	1,261102403537	0,049040284008	0,126170143485	44984,7453930093
158	0,347204605991	0,346519207453	1,34532435231	1,257682260663	0,049040284008	0,126170143485	44984,8387885648
159	0,346511542173	0,346355151139	1,342897468043	1,257001155243	0,049040284008	0,126170143485	44984,932103912
160	0,346368167463	0,346166584597	1,342449608001	1,256235979758	0,049040284008	0,126170143485	44985,0254890509
161	0,346151175494	0,345952197037	1,341715402087	1,255397578408	0,049040284008	0,126170143485	44985,1188568981
162	0,345936923155	0,345719608006	1,340999383358	1,254506129833	0,049040284008	0,126170143485	44985,2122259259
163	0,345724780606	0,345540140294	1,340281383984	1,253820685497	0,049040284008	0,126170143485	44985,3056762616
164	0,345500061067	0,345330832502	1,339494900741	1,253090854957	0,049040284008	0,126170143485	44985,3990104051
165	0,345323948591	0,345155269615	1,338897394209	1,252348857636	0,049040284008	0,126170143485	44985,4923504282
166	0,345186667256	0,344961451002	1,338443470463	1,251617242789	0,049040284008	0,126170143485	44985,5858472106
167	0,344905698456	0,34471218937	1,337493188661	1,250648300042	0,049040284008	0,126170143485	44985,6792522569
168	0,344675899272	0,344439624032	1,336667469415	1,249652006555	0,049040284008	0,126170143485	44985,7725413889
169	0,344396391299	0,344102545034	1,335750453501	1,248379575566	0,049040284008	0,126170143485	44985,8658254398
170	0,344101248026	0,343903604901	1,334757273674	1,24761787858	0,049040284008	0,126170143485	44985,9592235532
171	0,343890844369	0,34368661504	1,334008008648	1,246832384712	0,049040284008	0,126170143485	44986,0526368519
172	0,343641549882	0,343332691564	1,333166665315	1,245510546245	0,049040284008	0,126170143485	44986,1459011111
173	0,343313703371	0,343153167477	1,332045837215	1,24482971102	0,049040284008	0,126170143485	44986,2391904398
174	0,343166740283	0,343013651698	1,331487175924	1,24436165931	0,049040284008	0,126170143485	44986,3325413542
175	0,342973540218	7,6726E-8	1,330794990693	2,51993E-7	0,049040284008	0,126170143485	44986,4328096181
176	0	0,189605015066	0	0,666983334736	0,051618937403	0,12900082767	44986,6664228472
177	0,351716852183	0,344074112602	1,360934636173	1,248226591371	0,051618937403	0,12900082767	44986,7603829745
178	0,344094334594	0,343903654492	1,334713758284	1,247643570206	0,051618937403	0,12900082767	44986,8538177315
179	0,343890186879	0,343704703126	1,333869087524	1,246948568162	0,051618937403	0,12900082767	44986,9471618981
180	0,34365499108	0,343528999728	1,332975040103	1,246297422747	0,051618937403	0,12900082767	44987,0403386111
181	0,34354070023	0,343433430569	1,332532904548	1,24595491823	0,051618937403	0,12900082767	44987,1335994907
182	0,343396161553	0,34329007439	1,331980441892	1,245426125298	0,051618937403	0,12900082767	44987,2267550694
183	0,343263558483	0,343188016752	1,331465669694	1,245061572722	0,051618937403	0,12900082767	44987,3198457407
184	0,34316134796	0,343084699398	1,331089788902	1,244681974752	0,051618937403	0,12900082767	44987,4128618866
185	0,343089527382	0,343044679858	1,330840729793	1,244523604824	0,051618937403	0,12900082767	44987,5059648495
186	0,343038459736	0,342973636605	1,330634407697	1,244278029503	0,051618937403	0,12900082767	44987,5990924306
187	0,342956595882	0,342907748151	1,330334511411	1,244019629136	0,051618937403	0,12900082767	44987,6921789468
188	0,342865156164	0,342823864433	1,329972245597	1,2437200793	0,051618937403	0,12900082767	44987,7852096875
189	0,342797537599	0,342761770174	1,329709003756	1,243493655224	0,051618937403	0,12900082767	44987,8782095718
190	0,342750222326	0,342708842562	1,329541393702	1,243304540893	0,051618937403	0,12900082767	44987,9712807639
191	0,342660034208	0,342617137325	1,329184576616	1,242934433719	0,051618937403	0,12900082767	44988,0641858218
192	0,34263430107	0,342595197394	1,329084243306	1,242877695607	0,051618937403	0,12900082767	44988,1572400694
193	0,342546923388	0,342502184544	1,328765303142	1,242506990052	0,051618937403	0,12900082767	44988,250242419
194	0,342481403847	0,342458280522	1,328502418448	1,242379531372	0,051618937403	0,12900082767	44988,3432121643
195	0,342462540566	0,342437626592	1,328412315252	1,242294844581	0,051618937403	0,12900082767	44988,4362407639
196	0,342414783271	0,342376895047	1,328223212318	1,242074210999	0,051618937403	0,12900082767	44988,5291994213
197	0,342343395167	0,342304580422	1,327932684723	1,241785235172	0,051618937403	0,12900082767	44988,622066794
198	0,342273963461	0,342237370155	1,327653680909	1,241537609706	0,051618937403	0,12900082767	44988,714862037
199	0,34222821652	0,34218061507	1,327473994895	1,241308866404	0,051618937403	0,12900082767	44988,8076726505
200	0,342190551762	0,342153446594	1,327330347313	1,241225204083	0,051618937403	0,12900082767	44988,9005070255
201	0,342129448275	0,342104368067	1,327101595629	1,24103995466	0,051618937403	0,12900082767	44988,993363831
202	0,342055475431	0,342004966561	1,326801714726	1,240658010437	0,051618937403	0,12900082767	44989,0861138657
203	0,342007090884	0,341972578016	1,326649572218	1,240542493985	0,051618937403	0,12900082767	44989,179027963
204	0,341924215408	0,341886057244	1,326355218302	1,240249080362	0,051618937403	0,12900082767	44989,2719321528
205	0,34182969709	0,341790477063	1,325973219602	1,239905539984	0,051618937403	0,12900082767	44989,364687662
206	0,341750744606	0,341709065942	1,325673228438	1,239609730663	0,051618937403	0,12900082767	44989,4574000694
207	0,341695184558	0,341639402361	1,325465679861	1,239361417474	0,051618937403	0,12900082767	44989,5500753125
208	0,341638261903	0,341601914336	1,325252951643	1,239232359981	0,051618937403	0,12900082767	44989,642744838
209	0,341591280882	0,341533445408	1,325071989133	1,238982178243	0,051618937403	0,12900082767	44989,7354831944
210	0,341475235248	0,341453360763	1,324626235777	1,238685732691	0,051618937403	0,12900082767	44989,8280572685
211	0,341469588729	0,341431409179	1,324612848485	1,238624814399	0,051618937403	0,12900082767	44989,9207447801
212	0,341392186584	0,341368122596	1,324316832803	1,23837710226	0,051618937403	0,12900082767	44990,0134092245
213	0,341328115078	0,34129970877	1,324059693713	1,23811852748	0,051618937403	0,12900082767	44990,1059618056
214	0,341279601168	0,34127636713	1,323894540481	1,238028095434	0,051618937403	0,12900082767	44990,1985535301
215	0,341250304804	0,341244117823	1,323772497673	1,237920666021	0,051618937403	0,12900082767	44990,2911875694
216	0,341179458685	0,341139469756	1,323487071257	1,237525016264	0,051618937403	0,12900082767	44990,3837049653
217	0,341144442899	0,341100821195	1,323369589906	1,237401178508	0,051618937403	0,12900082767	44990,4763702546
218	0,341052683386	0,341032267287	1,323021437479	1,237144100875	0,051618937403	0,12900082767	44990,5689208796
219	0,341036733263	0,341015492537	1,322943747446	1,237092538541	0,051618937403	0,12900082767	44990,661572037
220	0,340949851546	0,340923774793	1,322593826664	1,236761540056	0,051618937403	0,12900082767	44990,7540379514
221	0,340927142687	0,340914737637	1,322518387892	1,2367377947	0,051618937403	0,12900082767	44990,8466248611
222	0,340884538494	0,34086698347	1,322349741408	1,236571652881	0,051618937403	0,12900082767	44990,9391878125
223	0,340794800942	0,340779138975	1,321997238201	1,236229315291	0,051618937403	0,12900082767	44991,0315913194
224	0,340792915228	0,340775292218	1,322009666392	1,236230833343	0,051618937403	0,12900082767	44991,1241967824
225	0,340703706245	0,340701645395	1,321648377096	1,235951995057	0,051618937403	0,12900082767	44991,2166245718
226	0,340691540142	1,10846E-7	1,321587300152	3,60555E-7	0,051618937403	0,12900082767	44991,3161310185
227	1,14442664225223E-13	0,186757089262	4,28746461300357E-13	0,656969955723	0,053825549781	0,131954997778	44991,5480881829
228	0,347904712424	0,341711654464	1,346689174023	1,239707505072	0,053825549781	0,131954997778	44991,6413825347
229	0,341694471057	0,341537348961	1,325070924113	1,239143170622	0,053825549781	0,131954997778	44991,7339068056
230	0,341500752693	0,341357762356	1,324310357779	1,238479081221	0,053825549781	0,131954997778	44991,8263093982
231	0,341316598101	0,341198907036	1,323604115589	1,237900421329	0,053825549781	0,131954997778	44991,9186563773
232	0,341176887216	0,341078803698	1,323096535012	1,237450468869	0,053825549781	0,131954997778	44992,0109971875
233	0,341065123588	0,340959930833	1,322687870865	1,237000643501	0,053825549781	0,131954997778	44992,1033597685
234	0,340964829586	0,340896615853	1,322341132245	1,236762339004	0,053825549781	0,131954997778	44992,195820544
235	0,340864391044	0,340810190023	1,32197324868	1,23643333741	0,053825549781	0,131954997778	44992,288218831
236	0,3407842391	0,340721015241	1,321669089622	1,236095534888	0,053825549781	0,131954997778	44992,3806214005
237	0,340627823351	0,340608656919	1,321077393279	1,235662882282	0,053825549781	0,131954997778	44992,4727325579
238	0,340619015487	0,34058796484	1,321051545846	1,235611830775	0,053825549781	0,131954997778	44992,5650463194
239	0,340560762287	0,340569920194	1,320853611148	1,23554726646	0,053825549781	0,131954997778	44992,6573698958
240	0,340487807359	0,340458824131	1,320548412273	1,235103939265	0,053825549781	0,131954997778	44992,7495100463
241	0,340401264135	0,340400644025	1,320227739432	1,234884530101	0,053825549781	0,131954997778	44992,8415512153
242	0,340422068695	0,34040454525	1,320319951349	1,234921566675	0,053825549781	0,131954997778	44992,9338321528
243	0,340390751286	0,340359344636	1,320191437049	1,234756246993	0,053825549781	0,131954997778	44993,026158912
244	0,340312262084	0,340289602427	1,319879231837	1,234465366156	0,053825549781	0,131954997778	44993,118377037
245	0,340270293731	0,340223715243	1,319725078331	1,234230269598	0,053825549781	0,131954997778	44993,2106814583
246	0,340151133883	0,340144880991	1,319271049465	1,233898592686	0,053825549781	0,131954997778	44993,3027606019
247	0,340128708968	0,340092018441	1,319202747203	1,233691728992	0,053825549781	0,131954997778	44993,3949189005
248	0,340003144289	0,339955057699	1,31875060206	1,23310115048	0,053825549781	0,131954997778	44993,4870583218
249	0,339985555212	0,339991223701	1,318741166556	1,233281491319	0,053825549781	0,131954997778	44993,5792555556
250	0,339929986744	0,33994343986	1,318493901723	1,233133798288	0,053825549781	0,131954997778	44993,6714518287
251	0,339905331983	0,339859507399	1,318377773575	1,232840763606	0,053825549781	0,131954997778	44993,7635438194
252	0,339852383761	0,339801347001	1,318193303101	1,23259385879	0,053825549781	0,131954997778	44993,8556538657
253	0,339765852808	0,339732925122	1,317885703538	1,232344735332	0,053825549781	0,131954997778	44993,9477070833
254	0,339723226896	0,339694132028	1,317739554258	1,232208477509	0,053825549781	0,131954997778	44994,0398141319
255	0,33968821477	0,339669662277	1,317614833733	1,232123323374	0,053825549781	0,131954997778	44994,1319883912
256	0,33964252777	0,339615430231	1,317461898115	1,231926880743	0,053825549781	0,131954997778	44994,2242092477
257	0,339589205221	0,339562442642	1,317273884225	1,231739238842	0,053825549781	0,131954997778	44994,3163914005
258	0,339492395665	0,339450025612	1,316882793164	1,231306038494	0,053825549781	0,131954997778	44994,4084449074
259	0,339429271744	0,339393185757	1,316670530966	1,231092087709	0,053825549781	0,131954997778	44994,5004737384
260	0,338443146079		1,312545755669		0,053825549781	0,131954997778	44994,5518150694
