TesterID:	Maccor#2												
Channel Number:	58												
TestName:	KAI_Zelltest_regulaer_fix_no_degass.000												
TestDesc:	Regular cycling: formation, followed by pulse, C-rate quick charge and cycling t												
StartDateTime:	44902,4302084491												
Comment:													
													
									Charge	Discharge			
Cycle	AH-IN	AH-OUT	WH-IN	WH-OUT	V1_Start	V1_End	V1_Min	V1_Max	V1_Start	V1_End	V1_Min	V1_Max	Date
0		2,75099E-7		6,7165E-8					-0,00084642181172967	-0,00100469507742673	-0,00100469507742673	-0,00084642181172967	44902,6386601968
1	0,526349061653	0,450466110622	1,961176558538	1,649830817108	-0,00100469507742673	-0,00100469507742673	-0,00132124160882086	-0,000688148604240268	-0,00100469507742673	-0,00100469507742673	-0,00116296834312379	-0,000688148604240268	44903,083323044
2	0,453767091154	0,450347790703	1,706016909806	1,650072180937	-0,00100469507742673	-0,00084642181172967	-0,00132124160882086	-0,000688148604240268	-0,00100469507742673	-0,00100469507742673	-0,00132124160882086	-0,000688148604240268	44903,5022978704
3	0,466717686033	3,19181E-7	1,759680064009	1,027564E-6	-0,00084642181172967	-0,00100469507742673	-0,00116296834312379	-0,000688148604240268	-0,00100469507742673	-0,00084642181172967	-0,00116296834312379	-0,000529875338543206	44903,9955226157
4	6,35792579029017E-14	3,01364E-7	2,39334892605053E-13	9,78245E-7	-0,00084642181172967	-0,00084642181172967	-0,00116296834312379	-0,00084642181172967	-0,00100469507742673	-0,00100469507742673	-0,00132124160882086	-0,000688148604240268	44904,3022988773
5	0,456154623951	0,454616657489	1,729879932815	1,666163187002	-0,00116296834312379	-0,00100469507742673	-0,00132124160882086	-0,000688148604240268	-0,00100469507742673	-0,00084642181172967	-0,00132124160882086	-0,000529875338543206	44904,5709901389
6	0,454446752207	0,453502600548	1,723070586079	1,66228543458	-0,00116296834312379	-0,00100469507742673	-0,00116296834312379	-0,000688148604240268	-0,00084642181172967	-0,00100469507742673	-0,00116296834312379	-0,000688148604240268	44904,8452378819
7	0,45314162967	0,452355566112	1,71786636734	1,658229040536	-0,00084642181172967	-0,00100469507742673	-0,00116296834312379	-0,000688148604240268	-0,00100469507742673	-0,00100469507742673	-0,00116296834312379	-0,000688148604240268	44905,1186176273
8	0,452001113883	0,426860466118	1,713352244066	1,532844095629	-0,00100469507742673	-0,00084642181172967	-0,00116296834312379	-0,000688148604240268	-0,00084642181172967	-0,00116296834312379	-0,00116296834312379	-0,000688148604240268	44905,3079922917
9	0,426747231765	0,424104042076	1,62580660598	1,522662892228	-0,00100469507742673	-0,00084642181172967	-0,00116296834312379	-0,000688148604240268	-0,00100469507742673	-0,00084642181172967	-0,00116296834312379	-0,000688148604240268	44905,4903365162
10	0,424017976213	0,42220925749	1,616009816501	1,515667151158	-0,00084642181172967	-0,00084642181172967	-0,00116296834312379	-0,000688148604240268	-0,00100469507742673	-0,00084642181172967	-0,00132124160882086	-0,000688148604240268	44905,6718048727
11	0,422055711283	0,297718736325	1,608931530393	1,046886286181	-0,00100469507742673	-0,00084642181172967	-0,00116296834312379	-0,000688148604240268	-0,00084642181172967	-0,00084642181172967	-0,00132124160882086	-0,000688148604240268	44905,8281358796
12	0,29781233621	0,286964213314	1,161320469022	1,010846555709	-0,00100469507742673	-0,00100469507742673	-0,00132124160882086	-0,000688148604240268	-0,00100469507742673	-0,00100469507742673	-0,00116296834312379	-0,000688148604240268	44905,9500299769
13	0,286958159086	0,278286704914	1,12129297558	0,98085817856	-0,00084642181172967	-0,00100469507742673	-0,00116296834312379	-0,000688148604240268	-0,00084642181172967	-0,00084642181172967	-0,00116296834312379	-0,000688148604240268	44906,0685084722
14	0,278326138366	0,442760430224	1,089424840471	1,623434457731	-0,00084642181172967	-0,00100469507742673	-0,00132124160882086	-0,000688148604240268	-0,00116296834312379	-0,00084642181172967	-0,00132124160882086	-0,000688148604240268	44906,2913034259
15	0,44221079092	0,443407355106	1,676950202219	1,626070134656	-0,000688148604240268	-0,000688148604240268	-0,00116296834312379	-0,000688148604240268	-0,00116296834312379	-0,00100469507742673	-0,00116296834312379	-0,000688148604240268	44906,5585520255
16	0,443058883173	2,83561E-7	1,679808344046	9,03344E-7	-0,00100469507742673	-0,00100469507742673	-0,00116296834312379	-0,000688148604240268	-0,00100469507742673	-0,00084642181172967	-0,00116296834312379	-0,000688148604240268	44906,8332041782
17	0,380475049874	0,381249794423	1,453704883005	1,374652516682	-0,00100469507742673	-0,00100469507742673	-0,00116296834312379	-0,000688148604240268	-0,00100469507742673	-0,00084642181172967	-0,00116296834312379	-0,000688148604240268	44906,9769039583
18	0,37969107524	0,379659168772	1,450967018141	1,368398915511	-0,00100469507742673	-0,00084642181172967	-0,00116296834312379	-0,000688148604240268	-0,00084642181172967	-0,00100469507742673	-0,00116296834312379	-0,000688148604240268	44907,1269884028
19	0,378722295839	0,378193693802	1,447478552785	1,362909985229	-0,00084642181172967	-0,00084642181172967	-0,00116296834312379	-0,000688148604240268	-0,00116296834312379	-0,000688148604240268	-0,00132124160882086	-0,000688148604240268	44907,2765880556
20	0,341245745996	0,327500993824	1,33640452712	1,170996033292	-0,00084642181172967	-0,00084642181172967	-0,00116296834312379	-0,000688148604240268	-0,00100469507742673	-0,00100469507742673	-0,00116296834312379	-0,000688148604240268	44907,3939013079
21	0,325921285808	0,308985465187	1,277842304803	1,105398867639	-0,00084642181172967	-0,00100469507742673	-0,00116296834312379	-0,000688148604240268	-0,00100469507742673	-0,00100469507742673	-0,00132124160882086	-0,000688148604240268	44907,505547419
22	0,307416672528	2,75311E-7	1,20703236829	8,48043E-7	-0,00100469507742673	-0,00100469507742673	-0,00116296834312379	-0,000688148604240268	-0,00084642181172967	-0,00100469507742673	-0,00116296834312379	-0,000688148604240268	44907,6189133912
23	1,01726812644643E-13	0,222745941334	3,81993611409478E-13	0,781423927235	-0,00100469507742673	-0,00100469507742673	-0,00116296834312379	-0,000688148604240268	-0,00084642181172967	-0,00100469507742673	-0,00116296834312379	-0,000688148604240268	44907,8804922222
24	0,395171344447	0,387314317024	1,53698452045	1,390636773361	-0,00084642181172967	-0,00100469507742673	-0,00116296834312379	-0,000688148604240268	-0,00100469507742673	-0,00100469507742673	-0,00116296834312379	-0,000688148604240268	44907,9855009606
25	0,387482729589	0,38561708082	1,51096260979	1,383845727169	-0,00100469507742673	-0,00084642181172967	-0,00116296834312379	-0,000688148604240268	-0,00100469507742673	-0,00100469507742673	-0,00116296834312379	-0,000688148604240268	44908,0899578241
26	0,385672589974	0,383516870803	1,504847959267	1,376042788876	-0,00084642181172967	-0,00084642181172967	-0,00132124160882086	-0,000688148604240268	-0,00084642181172967	-0,00100469507742673	-0,00116296834312379	-0,000529875338543206	44908,1942681366
27	0,383293218001	0,38113638795	1,496491573961	1,36758164568	-0,00116296834312379	-0,00100469507742673	-0,00116296834312379	-0,000688148604240268	-0,00100469507742673	-0,00100469507742673	-0,00132124160882086	-0,000688148604240268	44908,2981831366
28	0,381354547013	0,378833392951	1,489820325389	1,358969275368	-0,00100469507742673	-0,00100469507742673	-0,00116296834312379	-0,000688148604240268	-0,00100469507742673	-0,00100469507742673	-0,00116296834312379	-0,000688148604240268	44908,4021464468
29	0,37894423562	0,376640238323	1,481393434711	1,350961231644	-0,00100469507742673	-0,00100469507742673	-0,00116296834312379	-0,000688148604240268	-0,00084642181172967	-0,00084642181172967	-0,00132124160882086	-0,000688148604240268	44908,5057603009
30	0,376714282716	0,374635597681	1,473481322403	1,343768518866	-0,00084642181172967	-0,00100469507742673	-0,00132124160882086	-0,000688148604240268	-0,00100469507742673	-0,00100469507742673	-0,00116296834312379	-0,000688148604240268	44908,6091576505
31	0,374607072345	0,37270845782	1,465974371619	1,336913427575	-0,00084642181172967	-0,00084642181172967	-0,00116296834312379	-0,000688148604240268	-0,00100469507742673	-0,00084642181172967	-0,00116296834312379	-0,000688148604240268	44908,712291088
32	0,37265316468	0,370920789235	1,458883169018	1,330652209584	-0,00084642181172967	-0,00100469507742673	-0,00132124160882086	-0,000688148604240268	-0,00100469507742673	-0,00100469507742673	-0,00116296834312379	-0,000688148604240268	44908,8150278356
33	0,370892801585	0,369233975153	1,452485694377	1,324701670406	-0,00084642181172967	-0,00084642181172967	-0,00116296834312379	-0,000688148604240268	-0,00100469507742673	-0,00084642181172967	-0,00116296834312379	-0,000688148604240268	44908,9175584259
34	0,369227103937	0,367647788177	1,446440283418	1,319079757836	-0,00084642181172967	-0,00100469507742673	-0,00116296834312379	-0,000688148604240268	-0,00116296834312379	-0,000688148604240268	-0,00116296834312379	-0,000688148604240268	44909,0198823958
35	0,367605384568	0,366137830186	1,440499061536	1,313739507179	-0,00100469507742673	-0,00116296834312379	-0,00116296834312379	-0,000688148604240268	-0,00100469507742673	-0,00084642181172967	-0,00116296834312379	-0,000688148604240268	44909,1218314468
36	0,366071685814	0,364678342682	1,43486383044	1,308581129518	-0,00100469507742673	-0,00084642181172967	-0,00116296834312379	-0,000688148604240268	-0,00084642181172967	-0,00084642181172967	-0,00116296834312379	-0,000688148604240268	44909,2234140741
37	0,36467370728	0,363296280513	1,429746985591	1,3036937574	-0,00084642181172967	-0,00100469507742673	-0,00116296834312379	-0,000688148604240268	-0,00100469507742673	-0,00100469507742673	-0,00116296834312379	-0,000688148604240268	44909,3248784144
38	0,363376763428	0,36194910916	1,42505020194	1,298766761495	-0,00084642181172967	-0,00100469507742673	-0,00116296834312379	-0,000688148604240268	-0,00084642181172967	-0,00100469507742673	-0,00132124160882086	-0,000688148604240268	44909,4262816667
39	0,361809965684	0,360691071263	1,419260683514	1,294396148919	-0,00100469507742673	-0,00084642181172967	-0,00116296834312379	-0,000688148604240268	-0,00100469507742673	-0,00100469507742673	-0,00116296834312379	-0,000688148604240268	44909,5272414931
40	0,360667939667	0,359513101056	1,415038909305	1,290242326294	-0,00100469507742673	-0,00100469507742673	-0,00116296834312379	-0,000688148604240268	-0,00084642181172967	-0,00100469507742673	-0,00116296834312379	-0,000529875338543206	44909,6280432639
41	0,359462744941	0,358388070965	1,410581251818	1,286284526532	-0,00100469507742673	-0,00084642181172967	-0,00116296834312379	-0,000688148604240268	-0,00084642181172967	-0,00100469507742673	-0,00116296834312379	-0,000688148604240268	44909,7286377083
42	0,358365464373	0,357374090735	1,406499135743	1,28271863737	-0,00100469507742673	-0,00100469507742673	-0,00132124160882086	-0,000688148604240268	-0,00084642181172967	-0,00100469507742673	-0,00116296834312379	-0,000688148604240268	44909,8290470139
43	0,357295186601	0,356371856351	1,402515414127	1,279225268576	-0,00100469507742673	-0,00084642181172967	-0,00116296834312379	-0,000688148604240268	-0,00100469507742673	-0,00100469507742673	-0,00116296834312379	-0,000688148604240268	44909,9291257176
44	0,356339937311	0,355409577717	1,398955158429	1,27583386938	-0,00100469507742673	-0,00084642181172967	-0,00132124160882086	-0,000688148604240268	-0,00100469507742673	-0,00084642181172967	-0,00116296834312379	-0,000688148604240268	44910,0290850463
45	0,35536082956	0,354478253915	1,395296776453	1,272563375465	-0,00100469507742673	-0,00100469507742673	-0,00132124160882086	-0,000688148604240268	-0,00116296834312379	-0,00084642181172967	-0,00116296834312379	-0,000688148604240268	44910,1288344792
46	0,354420920673	0,3535650413	1,391782530267	1,269348571087	-0,00084642181172967	-0,00084642181172967	-0,00116296834312379	-0,000688148604240268	-0,00084642181172967	-0,00100469507742673	-0,00116296834312379	-0,000688148604240268	44910,2283869676
47	0,353481800299	0,352618310548	1,388264345072	1,265980962037	-0,00100469507742673	-0,00100469507742673	-0,00132124160882086	-0,000688148604240268	-0,00084642181172967	-0,00100469507742673	-0,00116296834312379	-0,000688148604240268	44910,3276484143
48	0,352592917197	0,351790365561	1,384959028932	1,263011118419	-0,00084642181172967	-0,00084642181172967	-0,00116296834312379	-0,000688148604240268	-0,00084642181172967	-0,00084642181172967	-0,00116296834312379	-0,000688148604240268	44910,4266389931
49	0,351730197905	0,350948216754	1,381778355959	1,260038506671	-0,00084642181172967	-0,00100469507742673	-0,00132124160882086	-0,000688148604240268	-0,00100469507742673	-0,00100469507742673	-0,00132124160882086	-0,000688148604240268	44910,5255065278
50	0,350922875084	0,350117659719	1,378762219825	1,257003935069	-0,00084642181172967	-0,00084642181172967	-0,00132124160882086	-0,000688148604240268	-0,00100469507742673	-0,00116296834312379	-0,00132124160882086	-0,000688148604240268	44910,6242281481
51	0,34999594819	0,349427895769	1,375283477554	1,254678555662	-0,00100469507742673	-0,00084642181172967	-0,00116296834312379	-0,000688148604240268	-0,00100469507742673	-0,00084642181172967	-0,00116296834312379	-0,000688148604240268	44910,7226404282
52	0,34935270773	0,348751141619	1,372898140366	1,252302562799	-0,00100469507742673	-0,00084642181172967	-0,00116296834312379	-0,000688148604240268	-0,00100469507742673	-0,00084642181172967	-0,00116296834312379	-0,000688148604240268	44910,8210845139
53	0,348686323661	0,348122124896	1,3703265802	1,250130600734	-0,00100469507742673	-0,00100469507742673	-0,00116296834312379	-0,000688148604240268	-0,00100469507742673	-0,00084642181172967	-0,00116296834312379	-0,000688148604240268	44910,9193973495
54	0,34802710857	0,347481453882	1,367829860484	1,247897988127	-0,00084642181172967	-0,00100469507742673	-0,00116296834312379	-0,000688148604240268	-0,00100469507742673	-0,00100469507742673	-0,00116296834312379	-0,000688148604240268	44911,0175307986
55	0,347420339831	0,346892513708	1,365539232674	1,245839059917	-0,00084642181172967	-0,00084642181172967	-0,00116296834312379	-0,000688148604240268	-0,00100469507742673	-0,00084642181172967	-0,00116296834312379	-0,000688148604240268	44911,1155705093
56	0,346792772214	0,346285422502	1,363150700501	1,24371562603	-0,00100469507742673	-0,00100469507742673	-0,00116296834312379	-0,000688148604240268	-0,00100469507742673	-0,00100469507742673	-0,00132124160882086	-0,000688148604240268	44911,2134527431
57	0,346204967027	0,34568734938	1,360922237214	1,241618748205	-0,00116296834312379	-0,00084642181172967	-0,00132124160882086	-0,000688148604240268	-0,00084642181172967	-0,00100469507742673	-0,00132124160882086	-0,000688148604240268	44911,3111720833
58	0,345704704587	0,345066051391	1,35908749443	1,239297800605	-0,00084642181172967	-0,00100469507742673	-0,00132124160882086	-0,000688148604240268	-0,00084642181172967	-0,00100469507742673	-0,00132124160882086	-0,000688148604240268	44911,4088496181
59	0,344953799415	0,345454883481	1,356229060959	1,240131800033	-0,00100469507742673	-0,00100469507742673	-0,00132124160882086	-0,000688148604240268	-0,00084642181172967	-0,00116296834312379	-0,00132124160882086	-0,000688148604240268	44911,506338912
60	0,345334529478	0,344147697335	1,359887465529	1,233713620236	-0,00084642181172967	-0,00100469507742673	-0,00116296834312379	-0,000688148604240268	-0,00084642181172967	-0,00116296834312379	-0,00132124160882086	-0,000688148604240268	44911,604465162
61	0,344049920518	0,342835385427	1,355323231962	1,228321365165	-0,00100469507742673	-0,00084642181172967	-0,00116296834312379	-0,000688148604240268	-0,00084642181172967	-0,00100469507742673	-0,00116296834312379	-0,000688148604240268	44911,7024051736
62	0,342700873105	0,342491844868	1,350341185554	1,227260673833	-0,00116296834312379	-0,00084642181172967	-0,00132124160882086	-0,000688148604240268	-0,00084642181172967	-0,00100469507742673	-0,00116296834312379	-0,000688148604240268	44911,8000817245
63	0,342373727238	0,342039774518	1,349009349294	1,225722674023	-0,00100469507742673	-0,00116296834312379	-0,00116296834312379	-0,000688148604240268	-0,00100469507742673	-0,00100469507742673	-0,00132124160882086	-0,000688148604240268	44911,897548044
64	0,341941796762	0,341630302691	1,347325239881	1,224326037512	-0,00100469507742673	-0,00084642181172967	-0,00116296834312379	-0,000688148604240268	-0,00084642181172967	-0,00116296834312379	-0,00132124160882086	-0,000688148604240268	44911,9949426968
65	0,341533186691	0,341231187929	1,345729920261	1,222979793687	-0,00084642181172967	-0,00084642181172967	-0,00116296834312379	-0,000688148604240268	-0,00100469507742673	-0,00084642181172967	-0,00116296834312379	-0,000688148604240268	44912,0922748958
66	0,341116113695	0,340851447248	1,344092185759	1,221679507049	-0,00084642181172967	-0,00100469507742673	-0,00132124160882086	-0,000688148604240268	-0,00100469507742673	-0,00100469507742673	-0,00116296834312379	-0,000688148604240268	44912,1894552083
67	0,340735440538	0,340456243459	1,342595177887	1,220303598909	-0,00084642181172967	-0,00100469507742673	-0,00132124160882086	-0,000688148604240268	-0,00100469507742673	-0,00084642181172967	-0,00116296834312379	-0,000688148604240268	44912,2864007292
68	0,340447103384	0,340027431883	1,341496091133	1,218755153338	-0,00100469507742673	-0,00116296834312379	-0,00116296834312379	-0,000688148604240268	-0,00100469507742673	-0,00100469507742673	-0,00116296834312379	-0,000688148604240268	44912,3834555093
69	0,339911468886	0,339598590425	1,339465765414	1,217225383037	-0,00100469507742673	-0,00084642181172967	-0,00132124160882086	-0,000688148604240268	-0,00084642181172967	-0,00100469507742673	-0,00116296834312379	-0,000688148604240268	44912,4803765972
70	0,339422713923	0,33920593913	1,337593036271	1,215974511367	-0,00116296834312379	-0,000688148604240268	-0,00116296834312379	-0,000688148604240268	-0,00100469507742673	-0,00084642181172967	-0,00116296834312379	-0,000688148604240268	44912,577189375
71	0,339066495043	0,338805520989	1,336229418571	1,214551883579	-0,00100469507742673	-0,00100469507742673	-0,00116296834312379	-0,000688148604240268	-0,00100469507742673	-0,00100469507742673	-0,00116296834312379	-0,000688148604240268	44912,6737949306
72	0,338684560733	0,338407703455	1,334760990539	1,213159725814	-0,00084642181172967	-0,00100469507742673	-0,00116296834312379	-0,000688148604240268	-0,00100469507742673	-0,00084642181172967	-0,00132124160882086	-0,000688148604240268	44912,7703979167
73	0,338357086162	3,4758E-7	1,333541044698	1,187222E-6	-0,00100469507742673	-0,00084642181172967	-0,00116296834312379	-0,000688148604240268	-0,00100469507742673	-0,00084642181172967	-0,00116296834312379	-0,000688148604240268	44912,8739656134
74	0	0,193485176581	0	0,678549317997	-0,00100469507742673	-0,00100469507742673	-0,00116296834312379	-0,00084642181172967	-0,00100469507742673	-0,00100469507742673	-0,00116296834312379	-0,000688148604240268	44913,1086493634
75	0,358502291706	0,342533172022	1,404060166897	1,228896916769	-0,00100469507742673	-0,00116296834312379	-0,00132124160882086	-0,000529875338543206	-0,00084642181172967	-0,00100469507742673	-0,00116296834312379	-0,000688148604240268	44913,2070152662
76	0,342433082757	0,3423007004	1,347320962758	1,227803444783	-0,00084642181172967	-0,00084642181172967	-0,00116296834312379	-0,000688148604240268	-0,00100469507742673	-0,00084642181172967	-0,00132124160882086	-0,000688148604240268	44913,3033251968
77	0,34224786946	0,341603182326	1,346704699308	1,225045184331	-0,00084642181172967	-0,00084642181172967	-0,00116296834312379	-0,000688148604240268	-0,00100469507742673	-0,00084642181172967	-0,00132124160882086	-0,000688148604240268	44913,3997302778
78	0,341510075006	0,340829497994	1,344069818273	1,222118762088	-0,00100469507742673	-0,00084642181172967	-0,00116296834312379	-0,000688148604240268	-0,00100469507742673	-0,00100469507742673	-0,00132124160882086	-0,000688148604240268	44913,4960881597
79	0,340697384653	0,340053263287	1,341179171273	1,219222236718	-0,00100469507742673	-0,00100469507742673	-0,00116296834312379	-0,000688148604240268	-0,00084642181172967	-0,00100469507742673	-0,00132124160882086	-0,000688148604240268	44913,5923607986
80	0,339940425092	0,339357045407	1,338454188133	1,216700688361	-0,00116296834312379	-0,00100469507742673	-0,00116296834312379	-0,000688148604240268	-0,00100469507742673	-0,00100469507742673	-0,00116296834312379	-0,000688148604240268	44913,6885479398
81	0,339233740564	0,338817064016	1,335885477814	1,214714212903	-0,00084642181172967	-0,00084642181172967	-0,00116296834312379	-0,000688148604240268	-0,00100469507742673	-0,00084642181172967	-0,00116296834312379	-0,000688148604240268	44913,7846978819
82	0,338695761371	0,338500679429	1,333796154363	1,213932207736	-0,00084642181172967	-0,00084642181172967	-0,00116296834312379	-0,000688148604240268	-0,00100469507742673	-0,00100469507742673	-0,00132124160882086	-0,000688148604240268	44913,8806968634
83	0,338356235658	0,337955599195	1,332493870307	1,211990403437	-0,00100469507742673	-0,00100469507742673	-0,00116296834312379	-0,000688148604240268	-0,00084642181172967	-0,00084642181172967	-0,00116296834312379	-0,000688148604240268	44913,9766305093
84	0,337855468616	0,337471243084	1,330645104424	1,210264062146	-0,00100469507742673	-0,00084642181172967	-0,00116296834312379	-0,000688148604240268	-0,00100469507742673	-0,00084642181172967	-0,00116296834312379	-0,000688148604240268	44914,0725554167
85	0,337347510743	0,336948110409	1,328759522874	1,208374212377	-0,00084642181172967	-0,00116296834312379	-0,00116296834312379	-0,000688148604240268	-0,00100469507742673	-0,00100469507742673	-0,00116296834312379	-0,000688148604240268	44914,1683957176
86	0,336824342356	0,336560607549	1,326837001688	1,207001015527	-0,00100469507742673	-0,00100469507742673	-0,00116296834312379	-0,000688148604240268	-0,000688148604240268	-0,00100469507742673	-0,00116296834312379	-0,000688148604240268	44914,2641503009
87	0,336476995156	0,336058222056	1,325553608457	1,20507992748	-0,00100469507742673	-0,00100469507742673	-0,00116296834312379	-0,000688148604240268	-0,00100469507742673	-0,00084642181172967	-0,00132124160882086	-0,000688148604240268	44914,3598174884
88	0,335964339029	0,335682314146	1,323669645957	1,203721889829	-0,00116296834312379	-0,00084642181172967	-0,00132124160882086	-0,000688148604240268	-0,00100469507742673	-0,00084642181172967	-0,00132124160882086	-0,000688148604240268	44914,4554296412
89	0,335532574036	0,335283197478	1,322062693889	1,20224826913	-0,00084642181172967	-0,00100469507742673	-0,00116296834312379	-0,000688148604240268	-0,00116296834312379	-0,00084642181172967	-0,00116296834312379	-0,000688148604240268	44914,5508306019
90	0,335096011308	0,334904794082	1,32039147923	1,200935643923	-0,00100469507742673	-0,00084642181172967	-0,00116296834312379	-0,000688148604240268	-0,00100469507742673	-0,000688148604240268	-0,00132124160882086	-0,000688148604240268	44914,646198125
91	0,334811643179	0,334707172369	1,319320738258	1,200296138299	-0,00100469507742673	-0,00084642181172967	-0,00116296834312379	-0,000688148604240268	-0,00084642181172967	-0,00084642181172967	-0,00116296834312379	-0,000688148604240268	44914,7416091898
92	0,334612804428	0,33441908352	1,318547846698	1,199272598004	-0,00100469507742673	-0,00100469507742673	-0,00116296834312379	-0,000688148604240268	-0,00100469507742673	-0,00100469507742673	-0,00132124160882086	-0,000688148604240268	44914,8370026389
93	0,334266539406	0,334149111581	1,3172084093	1,198362948594	-0,00100469507742673	-0,00084642181172967	-0,00132124160882086	-0,000688148604240268	-0,00100469507742673	-0,00084642181172967	-0,00116296834312379	-0,000688148604240268	44914,9322640509
94	0,334024721048	0,333894684769	1,316297373371	1,197484882659	-0,00100469507742673	-0,00084642181172967	-0,00116296834312379	-0,000688148604240268	-0,00100469507742673	-0,00084642181172967	-0,00132124160882086	-0,000688148604240268	44915,0275220023
95	0,333758906982	0,333650619894	1,315283364258	1,19661161703	-0,00100469507742673	-0,00100469507742673	-0,00116296834312379	-0,000688148604240268	-0,00084642181172967	-0,00084642181172967	-0,00132124160882086	-0,000688148604240268	44915,1227060301
96	0,333514542388	0,333412954694	1,314339843471	1,195773893084	-0,00084642181172967	-0,00100469507742673	-0,00116296834312379	-0,000688148604240268	-0,00100469507742673	-0,00100469507742673	-0,00132124160882086	-0,000688148604240268	44915,2178708449
97	0,333284565436	0,333168791484	1,313475870419	1,194882543473	-0,00084642181172967	-0,00084642181172967	-0,00116296834312379	-0,000688148604240268	-0,00100469507742673	-0,00100469507742673	-0,00132124160882086	-0,000688148604240268	44915,3129466088
98	0,333122700376	0,332941500723	1,312685552049	1,194012728596	-0,00084642181172967	-0,00100469507742673	-0,00132124160882086	-0,000688148604240268	-0,00084642181172967	-0,00084642181172967	-0,00132124160882086	-0,000688148604240268	44915,4083332176
99	0,332782344492	0,332725778632	1,31162181033	1,193238457417	-0,00100469507742673	-0,00116296834312379	-0,00116296834312379	-0,000688148604240268	-0,00100469507742673	-0,00084642181172967	-0,00116296834312379	-0,000688148604240268	44915,5033100116
100	0,332510425586	0,332488095843	1,310526857271	1,192424710688	-0,00100469507742673	-0,00100469507742673	-0,00116296834312379	-0,000688148604240268	-0,00084642181172967	-0,00100469507742673	-0,00132124160882086	-0,000688148604240268	44915,5981063889
101	0,332413967378	0,3323072794	1,310117900531	1,191744952948	-0,00100469507742673	-0,00100469507742673	-0,00116296834312379	-0,000529875338543206	-0,00100469507742673	-0,00100469507742673	-0,00132124160882086	-0,000688148604240268	44915,692907963
102	0,332166102123	0,332171618642	1,309196268335	1,191262980553	-0,00084642181172967	-0,00084642181172967	-0,00132124160882086	-0,000688148604240268	-0,00100469507742673	-0,00084642181172967	-0,00132124160882086	-0,000688148604240268	44915,7877930556
103	0,33203845839	0,332015405891	1,308648815951	1,190731876483	-0,00100469507742673	-0,00100469507742673	-0,00116296834312379	-0,000688148604240268	-0,00116296834312379	-0,00084642181172967	-0,00132124160882086	-0,000688148604240268	44915,8824598495
104	0,331902561469	0,331865580733	1,308123667245	1,190225849959	-0,00100469507742673	-0,00084642181172967	-0,00132124160882086	-0,000688148604240268	-0,00116296834312379	-0,00084642181172967	-0,00116296834312379	-0,000688148604240268	44915,9772247569
105	0,331718631179	0,331701519335	1,307388566177	1,189648076318	-0,00084642181172967	-0,00100469507742673	-0,00116296834312379	-0,000688148604240268	-0,00100469507742673	-0,00084642181172967	-0,00116296834312379	-0,000688148604240268	44916,0719349537
106	0,331544616745	0,33153615562	1,306691930106	1,189054424308	-0,00084642181172967	-0,00084642181172967	-0,00116296834312379	-0,000688148604240268	-0,00084642181172967	-0,00100469507742673	-0,00116296834312379	-0,000688148604240268	44916,1665032523
107	0,33141494284	0,331408323375	1,306193433126	1,188595302438	-0,00100469507742673	-0,00084642181172967	-0,00116296834312379	-0,000688148604240268	-0,00084642181172967	-0,00100469507742673	-0,00116296834312379	-0,000688148604240268	44916,2610708565
108	0,331381954031	0,331253302099	1,30608544481	1,187931040564	-0,00084642181172967	-0,00084642181172967	-0,00132124160882086	-0,000688148604240268	-0,00084642181172967	-0,00116296834312379	-0,00116296834312379	-0,000688148604240268	44916,35573375
109	0,331058221697	0,331117651302	1,304837966874	1,187536156075	-0,00084642181172967	-0,00100469507742673	-0,00116296834312379	-0,000688148604240268	-0,00100469507742673	-0,00100469507742673	-0,00132124160882086	-0,000688148604240268	44916,4503196875
110	0,33100133362	0,330991158036	1,304603913025	1,187066012495	-0,00100469507742673	-0,00100469507742673	-0,00116296834312379	-0,000688148604240268	-0,00084642181172967	-0,00084642181172967	-0,00116296834312379	-0,000529875338543206	44916,5449048727
111	0,330823424823	0,330833530647	1,303885032986	1,18651883296	-0,00116296834312379	-0,00100469507742673	-0,00116296834312379	-0,000688148604240268	-0,00100469507742673	-0,00100469507742673	-0,00132124160882086	-0,000688148604240268	44916,6393124306
112	0,33073725876	0,330580407633	1,303564723925	1,185444172363	-0,00084642181172967	-0,00084642181172967	-0,00116296834312379	-0,000688148604240268	-0,00100469507742673	-0,00100469507742673	-0,00132124160882086	-0,000688148604240268	44916,7337602662
113	0,330421062991	0,33050932009	1,302359719198	1,185308072767	-0,00084642181172967	-0,00084642181172967	-0,00116296834312379	-0,000688148604240268	-0,00100469507742673	-0,00100469507742673	-0,00132124160882086	-0,000688148604240268	44916,8281708218
114	0,330361504796	0,330422787234	1,302057506913	1,185079187538	-0,00084642181172967	-0,00084642181172967	-0,00116296834312379	-0,000688148604240268	-0,00100469507742673	-0,00100469507742673	-0,00116296834312379	-0,000688148604240268	44916,9224284143
115	0,330298906898	0,330296211955	1,301778966239	1,184618709033	-0,00100469507742673	-0,00100469507742673	-0,00116296834312379	-0,000688148604240268	-0,00100469507742673	-0,00100469507742673	-0,00116296834312379	-0,000688148604240268	44917,0167315046
116	0,330130223645	0,330164422113	1,30110024646	1,184159881628	-0,00100469507742673	-0,00100469507742673	-0,00132124160882086	-0,000688148604240268	-0,00100469507742673	-0,00100469507742673	-0,00116296834312379	-0,000688148604240268	44917,1109283912
117	0,330024179728	0,330065020183	1,300672689787	1,183804926782	-0,00084642181172967	-0,00100469507742673	-0,00116296834312379	-0,000688148604240268	-0,00100469507742673	-0,00100469507742673	-0,00116296834312379	-0,000688148604240268	44917,2050792824
118	0,329942959335	0,32991387152	1,300372797158	1,183238335013	-0,00100469507742673	-0,00100469507742673	-0,00116296834312379	-0,000688148604240268	-0,00084642181172967	-0,00116296834312379	-0,00132124160882086	-0,000688148604240268	44917,2993134144
119	0,329887332606	0,329823500809	1,300169131754	1,182805818374	-0,00100469507742673	-0,00084642181172967	-0,00132124160882086	-0,000688148604240268	-0,00100469507742673	-0,00100469507742673	-0,00132124160882086	-0,000688148604240268	44917,3935136227
120	0,329591178858	0,329643966336	1,299077599435	1,182126926087	-0,00100469507742673	-0,00100469507742673	-0,00116296834312379	-0,000688148604240268	-0,00100469507742673	-0,00100469507742673	-0,00116296834312379	-0,000688148604240268	44917,4877506829
121	0,329480983101	0,329554757434	1,298614138671	1,181900368438	-0,00084642181172967	-0,00084642181172967	-0,00132124160882086	-0,000688148604240268	-0,00100469507742673	-0,00100469507742673	-0,00132124160882086	-0,000688148604240268	44917,5818153935
122	0,329406291099	0,329419190771	1,298282711257	1,181412591671	-0,00100469507742673	-0,00084642181172967	-0,00132124160882086	-0,000688148604240268	-0,00100469507742673	-0,00116296834312379	-0,00116296834312379	-0,000529875338543206	44917,6758439931
123	0,329260276413	0,329293883684	1,2976631107	1,180940124407	-0,00100469507742673	-0,00100469507742673	-0,00116296834312379	-0,000688148604240268	-0,00084642181172967	-0,00084642181172967	-0,00132124160882086	-0,000688148604240268	44917,7697725926
124	0,329173941976	3,24479E-7	1,297361025417	1,100172E-6	-0,00100469507742673	-0,00100469507742673	-0,00116296834312379	-0,000688148604240268	-0,00100469507742673	-0,00100469507742673	-0,00116296834312379	-0,000688148604240268	44917,8707514931
125	0	0,183949377313	0	0,64523980117	-0,00100469507742673	-0,00084642181172967	-0,00116296834312379	-0,00084642181172967	-0,00100469507742673	-0,00100469507742673	-0,00116296834312379	-0,000688148604240268	44918,0997462037
126	0,346895701798	0,333294088608	1,35967435009	1,196238233651	-0,00116296834312379	-0,00100469507742673	-0,00116296834312379	-0,000688148604240268	-0,00084642181172967	-0,00100469507742673	-0,00132124160882086	-0,000688148604240268	44918,1955361111
127	0,333170429938	0,333316045281	1,311142326719	1,196137747702	-0,00100469507742673	-0,00116296834312379	-0,00132124160882086	-0,000688148604240268	-0,00100469507742673	-0,00100469507742673	-0,00132124160882086	-0,000688148604240268	44918,2895841088
128	0,333196726774	0,332954410703	1,311235106178	1,19461858541	-0,00084642181172967	-0,00100469507742673	-0,00132124160882086	-0,000688148604240268	-0,00100469507742673	-0,00100469507742673	-0,00116296834312379	-0,000688148604240268	44918,3835736343
129	0,332801482563	0,332507512524	1,309870327383	1,192883322012	-0,00100469507742673	-0,00100469507742673	-0,00132124160882086	-0,000688148604240268	-0,00116296834312379	-0,00084642181172967	-0,00132124160882086	-0,000688148604240268	44918,4776804977
130	0,332370746013	0,332057996152	1,308326355307	1,191138663599	-0,00100469507742673	-0,00100469507742673	-0,00116296834312379	-0,000688148604240268	-0,00084642181172967	-0,00100469507742673	-0,00132124160882086	-0,000688148604240268	44918,5716837616
131	0,331872544896	0,331585229269	1,306548924216	1,189374828232	-0,00084642181172967	-0,00100469507742673	-0,00132124160882086	-0,000688148604240268	-0,00100469507742673	-0,00116296834312379	-0,00132124160882086	-0,000688148604240268	44918,66560125
132	0,331450218757	0,331201658997	1,305043969241	1,187889830244	-0,00116296834312379	-0,00084642181172967	-0,00116296834312379	-0,000688148604240268	-0,00116296834312379	-0,00100469507742673	-0,00132124160882086	-0,000688148604240268	44918,7595283218
133	0,331065308034	0,330830916691	1,303729860869	1,186549270275	-0,00084642181172967	-0,00100469507742673	-0,00132124160882086	-0,000688148604240268	-0,00116296834312379	-0,00100469507742673	-0,00132124160882086	-0,000688148604240268	44918,8534691435
134	0,330683714782	0,330456317028	1,302355661634	1,185147758688	-0,00100469507742673	-0,00116296834312379	-0,00132124160882086	-0,000688148604240268	-0,00100469507742673	-0,00100469507742673	-0,00116296834312379	-0,000688148604240268	44918,9473931829
135	0,330305095281	0,330128300407	1,300975889404	1,183937548996	-0,00100469507742673	-0,00100469507742673	-0,00132124160882086	-0,000688148604240268	-0,00100469507742673	-0,00084642181172967	-0,00132124160882086	-0,000688148604240268	44919,0412449421
136	0,329973237701	0,329792448276	1,2997690381	1,182649396708	-0,00116296834312379	-0,00100469507742673	-0,00132124160882086	-0,000688148604240268	-0,00084642181172967	-0,00084642181172967	-0,00132124160882086	-0,000688148604240268	44919,1349535185
137	0,329664632845	0,329488903309	1,298656632679	1,181522594029	-0,00084642181172967	-0,00100469507742673	-0,00132124160882086	-0,000688148604240268	-0,00084642181172967	-0,00084642181172967	-0,00116296834312379	-0,000688148604240268	44919,2286763889
138	0,329359774047	0,32923446039	1,297542685369	1,180571271278	-0,00100469507742673	-0,00116296834312379	-0,00132124160882086	-0,000688148604240268	-0,00100469507742673	-0,00084642181172967	-0,00116296834312379	-0,000688148604240268	44919,3223996296
139	0,32908865091	0,328981323814	1,2965419951	1,17964784153	-0,00100469507742673	-0,00116296834312379	-0,00116296834312379	-0,000688148604240268	-0,00084642181172967	-0,00100469507742673	-0,00132124160882086	-0,000688148604240268	44919,4160600694
140	0,32882651482	0,328739790666	1,295571038962	1,178755932847	-0,00100469507742673	-0,00100469507742673	-0,00132124160882086	-0,000688148604240268	-0,00100469507742673	-0,00100469507742673	-0,00116296834312379	-0,000688148604240268	44919,5096805208
141	0,328589387275	0,328513709183	1,294703250815	1,177912128258	-0,00100469507742673	-0,00100469507742673	-0,00116296834312379	-0,000688148604240268	-0,00100469507742673	-0,000688148604240268	-0,00132124160882086	-0,000688148604240268	44919,6032692593
142	0,328405722633	0,328350988458	1,294049863964	1,177303278068	-0,00100469507742673	-0,00084642181172967	-0,00116296834312379	-0,000688148604240268	-0,00100469507742673	-0,00084642181172967	-0,00132124160882086	-0,000688148604240268	44919,6969514699
143	0,328183880909	0,328144272369	1,293214848822	1,176556857466	-0,00100469507742673	-0,00084642181172967	-0,00116296834312379	-0,000688148604240268	-0,00100469507742673	-0,00116296834312379	-0,00116296834312379	-0,000688148604240268	44919,7905271065
144	0,32800615194	0,327958345215	1,292556856595	1,175894281324	-0,00100469507742673	-0,00100469507742673	-0,00116296834312379	-0,000688148604240268	-0,00100469507742673	-0,00100469507742673	-0,00132124160882086	-0,000688148604240268	44919,8841126968
145	0,327812323807	0,32778650913	1,29182123957	1,175266716404	-0,00100469507742673	-0,000688148604240268	-0,00132124160882086	-0,000688148604240268	-0,00100469507742673	-0,00100469507742673	-0,00132124160882086	-0,000688148604240268	44919,9776383449
146	0,327646804391	0,327641882215	1,291213173485	1,174734908012	-0,00100469507742673	-0,00084642181172967	-0,00116296834312379	-0,000688148604240268	-0,000688148604240268	-0,00100469507742673	-0,00132124160882086	-0,000688148604240268	44920,0711729745
147	0,327486948993	0,327475217245	1,290592191192	1,174127230584	-0,00084642181172967	-0,00100469507742673	-0,00116296834312379	-0,000688148604240268	-0,00084642181172967	-0,00100469507742673	-0,00116296834312379	-0,000688148604240268	44920,1646339815
148	0,327329562326	0,327340890381	1,290011271048	1,173637128117	-0,00100469507742673	-0,00084642181172967	-0,00116296834312379	-0,000688148604240268	-0,00084642181172967	-0,00100469507742673	-0,00132124160882086	-0,000688148604240268	44920,2580733796
149	0,327194744434	0,327191109305	1,289505377178	1,173078041038	-0,00084642181172967	-0,00100469507742673	-0,00116296834312379	-0,000688148604240268	-0,00100469507742673	-0,00084642181172967	-0,00132124160882086	-0,000688148604240268	44920,3514449306
150	0,327071674508	0,327070988166	1,289059393713	1,172640275629	-0,00084642181172967	-0,00084642181172967	-0,00116296834312379	-0,000688148604240268	-0,00100469507742673	-0,00100469507742673	-0,00116296834312379	-0,000688148604240268	44920,4448913542
151	0,326928105145	0,326956035385	1,288521450199	1,172202882409	-0,00100469507742673	-0,00100469507742673	-0,00132124160882086	-0,000688148604240268	-0,00084642181172967	-0,00084642181172967	-0,00132124160882086	-0,000688148604240268	44920,5383302199
152	0,326788780471	0,326815235937	1,287970763938	1,171676057023	-0,00084642181172967	-0,00084642181172967	-0,00132124160882086	-0,000688148604240268	-0,00100469507742673	-0,00116296834312379	-0,00132124160882086	-0,000688148604240268	44920,6316724653
153	0,326659268845	0,326702926995	1,287471388838	1,171254610701	-0,00100469507742673	-0,00100469507742673	-0,00132124160882086	-0,000688148604240268	-0,00084642181172967	-0,00100469507742673	-0,00116296834312379	-0,000688148604240268	44920,7249646296
154	0,326559521087	0,326612439724	1,287083170088	1,170909566382	-0,00084642181172967	-0,00084642181172967	-0,00132124160882086	-0,000688148604240268	-0,00100469507742673	-0,00100469507742673	-0,00116296834312379	-0,000688148604240268	44920,8182665741
155	0,326465757718	0,326538861145	1,286715101184	1,170651106354	-0,00084642181172967	-0,00100469507742673	-0,00116296834312379	-0,000688148604240268	-0,00100469507742673	-0,00084642181172967	-0,00116296834312379	-0,000688148604240268	44920,9115028241
156	0,326378046909	0,326435549088	1,286352560713	1,1702890691	-0,00100469507742673	-0,00100469507742673	-0,00116296834312379	-0,000688148604240268	-0,00084642181172967	-0,00084642181172967	-0,00132124160882086	-0,000688148604240268	44921,004654838
157	0,326279164647	0,326342471386	1,285978572555	1,169944323633	-0,00100469507742673	-0,00116296834312379	-0,00116296834312379	-0,000529875338543206	-0,00084642181172967	-0,00100469507742673	-0,00132124160882086	-0,000688148604240268	44921,09777
158	0,326216632547	0,326283122269	1,285743538851	1,169728774436	-0,00100469507742673	-0,00116296834312379	-0,00132124160882086	-0,000688148604240268	-0,00100469507742673	-0,000688148604240268	-0,00132124160882086	-0,000688148604240268	44921,1909516898
159	0,326149980827	0,326214623248	1,285479544062	1,169463816735	-0,00100469507742673	-0,00084642181172967	-0,00132124160882086	-0,000688148604240268	-0,00116296834312379	-0,00116296834312379	-0,00132124160882086	-0,000688148604240268	44921,2841154745
160	0,326063962885	0,326116490148	1,285132325612	1,169087152017	-0,00100469507742673	-0,00100469507742673	-0,00116296834312379	-0,000688148604240268	-0,00100469507742673	-0,00100469507742673	-0,00116296834312379	-0,000688148604240268	44921,3772249653
161	0,325993886737	0,326059658771	1,284868922972	1,168881692161	-0,00084642181172967	-0,00116296834312379	-0,00116296834312379	-0,000688148604240268	-0,00100469507742673	-0,00116296834312379	-0,00116296834312379	-0,000688148604240268	44921,4703839005
162	0,325908225816	0,325977015695	1,284527276303	1,168593239075	-0,00100469507742673	-0,00100469507742673	-0,00116296834312379	-0,000688148604240268	-0,00100469507742673	-0,00100469507742673	-0,00132124160882086	-0,000688148604240268	44921,5634549421
163	0,325826712698	0,32592013981	1,284210848911	1,168375919089	-0,00116296834312379	-0,00084642181172967	-0,00132124160882086	-0,000688148604240268	-0,00100469507742673	-0,00100469507742673	-0,00132124160882086	-0,000688148604240268	44921,6564907407
164	0,325768143126	0,325849100162	1,283971468899	1,168103939028	-0,00100469507742673	-0,00100469507742673	-0,00116296834312379	-0,000688148604240268	-0,00084642181172967	-0,00100469507742673	-0,00116296834312379	-0,000688148604240268	44921,7494683333
165	0,325702473945	0,325780647341	1,283709679374	1,16784195516	-0,00084642181172967	-0,00100469507742673	-0,00116296834312379	-0,000688148604240268	-0,00100469507742673	-0,00100469507742673	-0,00116296834312379	-0,000688148604240268	44921,8424945602
166	0,325633272358	0,325699239401	1,283435041502	1,167547194852	-0,00084642181172967	-0,00116296834312379	-0,00132124160882086	-0,000688148604240268	-0,00100469507742673	-0,00084642181172967	-0,00116296834312379	-0,000688148604240268	44921,9355097569
167	0,325538111684	0,3256643257	1,283070094593	1,16745188081	-0,00084642181172967	-0,00100469507742673	-0,00116296834312379	-0,000688148604240268	-0,00100469507742673	-0,00100469507742673	-0,00116296834312379	-0,000688148604240268	44922,0285136343
168	0,32550110686	0,325615281719	1,282886298979	1,167279408304	-0,00100469507742673	-0,000688148604240268	-0,00132124160882086	-0,000688148604240268	-0,00100469507742673	-0,00100469507742673	-0,00132124160882086	-0,000688148604240268	44922,1214363889
169	0,325481252621	0,325570065	1,282786010266	1,16713219336	-0,00100469507742673	-0,00100469507742673	-0,00116296834312379	-0,000688148604240268	-0,00084642181172967	-0,00084642181172967	-0,00116296834312379	-0,000688148604240268	44922,2143859954
170	0,32539552152	0,325475848381	1,282453917687	1,166776770601	-0,00100469507742673	-0,00100469507742673	-0,00116296834312379	-0,000688148604240268	-0,00084642181172967	-0,00116296834312379	-0,00116296834312379	-0,000688148604240268	44922,3072457176
171	0,32532686505	0,325418987755	1,282178578451	1,166551108303	-0,00100469507742673	-0,00084642181172967	-0,00132124160882086	-0,000688148604240268	-0,00084642181172967	-0,00100469507742673	-0,00132124160882086	-0,000688148604240268	44922,4000954514
172	0,325261388561	0,325328581442	1,281909972285	1,166204008394	-0,00116296834312379	-0,00084642181172967	-0,00132124160882086	-0,000688148604240268	-0,00116296834312379	-0,00084642181172967	-0,00132124160882086	-0,000688148604240268	44922,4928879977
173	0,325198883691	0,325283352429	1,281677207295	1,166010135853	-0,00116296834312379	-0,00100469507742673	-0,00132124160882086	-0,000688148604240268	-0,00100469507742673	-0,00084642181172967	-0,00132124160882086	-0,000688148604240268	44922,5856919676
174	0,325139075057	0,325230440287	1,281449965161	1,165787745131	-0,00100469507742673	-0,00084642181172967	-0,00132124160882086	-0,000688148604240268	-0,00100469507742673	-0,00100469507742673	-0,00132124160882086	-0,000688148604240268	44922,678504537
175	0,325066804328	3,21936E-7	1,281156248575	1,083214E-6	-0,00100469507742673	-0,00100469507742673	-0,00132124160882086	-0,000688148604240268	-0,00116296834312379	-0,00100469507742673	-0,00132124160882086	-0,000688148604240268	44922,778254919
176	0	0,178988531374	0	0,627870152065	-0,00100469507742673	-0,00100469507742673	-0,00116296834312379	-0,00084642181172967	-0,00100469507742673	-0,00100469507742673	-0,00116296834312379	-0,000688148604240268	44923,0045381829
177	0,340327506829	0,32856287142	1,3348353022	1,178740933949	-0,00116296834312379	-0,00100469507742673	-0,00132124160882086	-0,000688148604240268	-0,00084642181172967	-0,00100469507742673	-0,00132124160882086	-0,000688148604240268	44923,0988281944
178	0,328414525468	0,328667434293	1,292728222389	1,178968929648	-0,00116296834312379	-0,00100469507742673	-0,00116296834312379	-0,000688148604240268	-0,00100469507742673	-0,00100469507742673	-0,00132124160882086	-0,000688148604240268	44923,191705544
179	0,328548318129	0,328487869301	1,29322710704	1,178127004308	-0,00116296834312379	-0,00084642181172967	-0,00132124160882086	-0,000688148604240268	-0,00100469507742673	-0,00100469507742673	-0,00116296834312379	-0,000688148604240268	44923,2847286343
180	0,328327505886	0,328212822254	1,29243851877	1,177000736822	-0,00084642181172967	-0,00100469507742673	-0,00116296834312379	-0,000688148604240268	-0,00084642181172967	-0,00100469507742673	-0,00116296834312379	-0,000688148604240268	44923,3777049884
181	0,32805826372	0,327929963646	1,291487622088	1,175862023151	-0,00084642181172967	-0,00084642181172967	-0,00132124160882086	-0,000688148604240268	-0,00100469507742673	-0,00100469507742673	-0,00116296834312379	-0,000688148604240268	44923,4706149074
182	0,327779442609	0,327619941647	1,290493503791	1,174627427506	-0,00084642181172967	-0,00100469507742673	-0,00132124160882086	-0,000688148604240268	-0,00100469507742673	-0,00100469507742673	-0,00132124160882086	-0,000688148604240268	44923,5635188889
183	0,327477058777	0,327388712154	1,289436552008	1,173777827814	-0,00100469507742673	-0,00100469507742673	-0,00132124160882086	-0,000688148604240268	-0,00084642181172967	-0,00116296834312379	-0,00132124160882086	-0,000688148604240268	44923,6564474884
184	0,327324009481	0,327172998966	1,288930673577	1,172896317299	-0,00084642181172967	-0,00100469507742673	-0,00116296834312379	-0,000688148604240268	-0,00116296834312379	-0,00100469507742673	-0,00116296834312379	-0,000688148604240268	44923,7493497222
185	0,326940936319	0,326884966279	1,287519375636	1,171836043804	-0,00100469507742673	-0,00100469507742673	-0,00116296834312379	-0,000688148604240268	-0,00084642181172967	-0,00100469507742673	-0,00132124160882086	-0,000688148604240268	44923,8422155208
186	0,326709947889	0,326664131357	1,286678619638	1,171030749915	-0,00116296834312379	-0,00084642181172967	-0,00116296834312379	-0,000688148604240268	-0,00100469507742673	-0,00100469507742673	-0,00132124160882086	-0,000688148604240268	44923,9350582176
187	0,326500486214	0,326465193342	1,285926249289	1,170303721467	-0,00084642181172967	-0,00100469507742673	-0,00116296834312379	-0,000688148604240268	-0,00084642181172967	-0,00100469507742673	-0,00132124160882086	-0,000688148604240268	44924,0278347801
188	0,326308807197	0,326283057418	1,285232129311	1,169622962304	-0,00100469507742673	-0,00084642181172967	-0,00132124160882086	-0,000688148604240268	-0,00100469507742673	-0,00100469507742673	-0,00132124160882086	-0,000688148604240268	44924,1205549421
189	0,326150296614	0,326116482731	1,284664226893	1,168997596646	-0,00100469507742673	-0,00084642181172967	-0,00132124160882086	-0,000688148604240268	-0,00116296834312379	-0,00100469507742673	-0,00116296834312379	-0,000688148604240268	44924,2133247569
190	0,325944511288	0,325935641702	1,283889705965	1,168314355411	-0,00100469507742673	-0,00116296834312379	-0,00132124160882086	-0,000688148604240268	-0,00084642181172967	-0,00100469507742673	-0,00132124160882086	-0,000688148604240268	44924,3059472685
191	0,325800522062	0,325790908185	1,283337380316	1,167740113586	-0,00100469507742673	-0,00116296834312379	-0,00132124160882086	-0,000688148604240268	-0,00116296834312379	-0,00084642181172967	-0,00132124160882086	-0,000688148604240268	44924,3985298727
192	0,325651117187	0,325685040457	1,282820133346	1,16735436946	-0,00084642181172967	-0,00100469507742673	-0,00116296834312379	-0,000688148604240268	-0,00116296834312379	-0,00100469507742673	-0,00132124160882086	-0,000688148604240268	44924,4911659722
193	0,325527390816	0,325571353538	1,282358343755	1,166932811239	-0,00116296834312379	-0,00100469507742673	-0,00116296834312379	-0,000688148604240268	-0,00100469507742673	-0,00084642181172967	-0,00116296834312379	-0,000688148604240268	44924,5837908449
194	0,325518273284	0,325542938695	1,282373166533	1,166789389103	-0,00100469507742673	-0,00100469507742673	-0,00116296834312379	-0,000688148604240268	-0,00084642181172967	-0,00100469507742673	-0,00116296834312379	-0,000688148604240268	44924,676489456
195	0,325325549921	0,325328594793	1,281633241506	1,16596202571	-0,00100469507742673	-0,00084642181172967	-0,00116296834312379	-0,000688148604240268	-0,00084642181172967	-0,00100469507742673	-0,00132124160882086	-0,000688148604240268	44924,7692743981
196	0,325154788494	0,325287193675	1,280994049375	1,165907203285	-0,00100469507742673	-0,00084642181172967	-0,00132124160882086	-0,000688148604240268	-0,00100469507742673	-0,00100469507742673	-0,00132124160882086	-0,000688148604240268	44924,8618695139
197	0,32511564096	0,325187766949	1,28082590455	1,16555329744	-0,00100469507742673	-0,00084642181172967	-0,00116296834312379	-0,000688148604240268	-0,00100469507742673	-0,00116296834312379	-0,00116296834312379	-0,000688148604240268	44924,9544707407
198	0,325059051136	0,325137364068	1,280621779214	1,165351029915	-0,00100469507742673	-0,00084642181172967	-0,00132124160882086	-0,000688148604240268	-0,00084642181172967	-0,00100469507742673	-0,00116296834312379	-0,000688148604240268	44925,047106713
199	0,324960141103	0,325045695496	1,280235913114	1,165021885116	-0,00116296834312379	-0,00100469507742673	-0,00132124160882086	-0,000688148604240268	-0,00100469507742673	-0,00100469507742673	-0,00132124160882086	-0,000688148604240268	44925,1396701273
200	0,324878353473	0,324951397072	1,279920099995	1,164665494967	-0,00100469507742673	-0,00084642181172967	-0,00116296834312379	-0,000688148604240268	-0,00084642181172967	-0,00084642181172967	-0,00116296834312379	-0,000688148604240268	44925,2321768171
201	0,324796262863	0,324845525953	1,279596745087	1,164220906534	-0,00100469507742673	-0,00100469507742673	-0,00132124160882086	-0,000688148604240268	-0,00084642181172967	-0,00084642181172967	-0,00132124160882086	-0,000688148604240268	44925,3246734838
202	0,324711400155	0,324846771468	1,279275583067	1,164230978304	-0,00100469507742673	-0,00100469507742673	-0,00132124160882086	-0,000688148604240268	-0,00084642181172967	-0,00100469507742673	-0,00116296834312379	-0,000688148604240268	44925,4171667014
203	0,324692881724	0,324766685341	1,279171560105	1,163937715275	-0,00100469507742673	-0,00116296834312379	-0,00116296834312379	-0,000688148604240268	-0,00100469507742673	-0,00084642181172967	-0,00116296834312379	-0,000688148604240268	44925,5096063426
204	0,324660798798	0,32472017139	1,279109607824	1,163697868387	-0,00084642181172967	-0,00100469507742673	-0,00116296834312379	-0,000688148604240268	-0,00100469507742673	-0,00116296834312379	-0,00132124160882086	-0,000688148604240268	44925,6019557407
205	0,324517432702	0,324672337749	1,278556041937	1,163559537098	-0,00084642181172967	-0,00100469507742673	-0,00116296834312379	-0,000688148604240268	-0,00100469507742673	-0,00100469507742673	-0,00132124160882086	-0,000688148604240268	44925,6944076736
206	0,324595233221	0,324669825096	1,278849663141	1,163484883756	-0,00100469507742673	-0,00100469507742673	-0,00116296834312379	-0,000688148604240268	-0,00100469507742673	-0,00100469507742673	-0,00116296834312379	-0,000688148604240268	44925,7868602199
207	0,324421225699	0,324561316285	1,278159126289	1,163127271365	-0,00084642181172967	-0,00084642181172967	-0,00116296834312379	-0,000688148604240268	-0,00100469507742673	-0,00116296834312379	-0,00132124160882086	-0,000688148604240268	44925,8792522685
208	0,324403061179	0,324487758262	1,278077243117	1,16285179	-0,00084642181172967	-0,00100469507742673	-0,00116296834312379	-0,000688148604240268	-0,00100469507742673	-0,00084642181172967	-0,00132124160882086	-0,000529875338543206	44925,9716342014
209	0,324352347023	0,324447638479	1,277884750011	1,162713464933	-0,00084642181172967	-0,00084642181172967	-0,00116296834312379	-0,000688148604240268	-0,00100469507742673	-0,00100469507742673	-0,00132124160882086	-0,000529875338543206	44926,0640570139
210	0,324296477543	0,324406349897	1,277679661578	1,162560947588	-0,00100469507742673	-0,00100469507742673	-0,00132124160882086	-0,000688148604240268	-0,000688148604240268	-0,00100469507742673	-0,00116296834312379	-0,000688148604240268	44926,1564694907
211	0,32425984704	0,324370149563	1,27753875706	1,162414016723	-0,00100469507742673	-0,00100469507742673	-0,00132124160882086	-0,000688148604240268	-0,00084642181172967	-0,00084642181172967	-0,00132124160882086	-0,000688148604240268	44926,2488675232
212	0,324279485593	0,324283641931	1,27762351717	1,161963488142	-0,00100469507742673	-0,00100469507742673	-0,00116296834312379	-0,000688148604240268	-0,00100469507742673	-0,00100469507742673	-0,00132124160882086	-0,000688148604240268	44926,3414297338
213	0,324068191331	0,324251370372	1,276811817863	1,161920531181	-0,00116296834312379	-0,00100469507742673	-0,00116296834312379	-0,000688148604240268	-0,00116296834312379	-0,00116296834312379	-0,00116296834312379	-0,000688148604240268	44926,4337657407
214	0,32418843893	0,324238450431	1,277282798052	1,161821648383	-0,00100469507742673	-0,00100469507742673	-0,00116296834312379	-0,000688148604240268	-0,00084642181172967	-0,00100469507742673	-0,00116296834312379	-0,000688148604240268	44926,5261079167
215	0,32401389475	0,324144125091	1,276597839518	1,161469894774	-0,00100469507742673	-0,00100469507742673	-0,00116296834312379	-0,000688148604240268	-0,00100469507742673	-0,00100469507742673	-0,00132124160882086	-0,000688148604240268	44926,6184098032
216	0,324037406524	0,324149292816	1,276684421977	1,161498898576	-0,00100469507742673	-0,00084642181172967	-0,00132124160882086	-0,000688148604240268	-0,00084642181172967	-0,00100469507742673	-0,00116296834312379	-0,000688148604240268	44926,7108694213
217	0,323940308717	0,32411699561	1,276303369471	1,161435712617	-0,00100469507742673	-0,00100469507742673	-0,00132124160882086	-0,000688148604240268	-0,00084642181172967	-0,00116296834312379	-0,00132124160882086	-0,000688148604240268	44926,8031903356
218	0,323965266746	0,324091249401	1,276365750526	1,161349582563	-0,00100469507742673	-0,00084642181172967	-0,00116296834312379	-0,000688148604240268	-0,00100469507742673	-0,00100469507742673	-0,00116296834312379	-0,000688148604240268	44926,8954997801
219	0,32392559181	0,324043372313	1,276203998335	1,16118360132	-0,00100469507742673	-0,00100469507742673	-0,00132124160882086	-0,000688148604240268	-0,00100469507742673	-0,00116296834312379	-0,00132124160882086	-0,000688148604240268	44926,9877676736
220	0,323886122179	0,323983992677	1,276044295152	1,160951733119	-0,00084642181172967	-0,00084642181172967	-0,00132124160882086	-0,000688148604240268	-0,00084642181172967	-0,00100469507742673	-0,00116296834312379	-0,000688148604240268	44927,08000375
221	0,323831877134	0,323933594035	1,275832378973	1,160748238948	-0,00100469507742673	-0,00100469507742673	-0,00132124160882086	-0,000688148604240268	-0,00084642181172967	-0,00084642181172967	-0,00132124160882086	-0,000688148604240268	44927,1722058912
222	0,3238054336	0,323914166544	1,275729734154	1,160665792922	-0,00084642181172967	-0,00084642181172967	-0,00116296834312379	-0,000688148604240268	-0,00100469507742673	-0,00084642181172967	-0,00132124160882086	-0,000688148604240268	44927,2644840046
223	0,323841237971	0,323878035088	1,275882418441	1,160413079585	-0,00100469507742673	-0,00100469507742673	-0,00116296834312379	-0,000688148604240268	-0,00084642181172967	-0,00100469507742673	-0,00116296834312379	-0,000688148604240268	44927,3567609144
224	0,323623337896	0,323764370635	1,275027391909	1,160008909995	-0,00100469507742673	-0,00084642181172967	-0,00132124160882086	-0,000688148604240268	-0,00100469507742673	-0,00116296834312379	-0,00116296834312379	-0,000688148604240268	44927,4488907523
225	0,323632475033	0,323797910813	1,275056921592	1,16018746897	-0,00084642181172967	-0,00100469507742673	-0,00116296834312379	-0,000688148604240268	-0,00100469507742673	-0,00084642181172967	-0,00132124160882086	-0,000688148604240268	44927,5411256829
226	0,323622217915	2,85484E-7	1,274996867379	9,52049E-7	-0,00084642181172967	-0,00084642181172967	-0,00116296834312379	-0,000688148604240268	-0,00100469507742673	-0,00084642181172967	-0,00132124160882086	-0,000688148604240268	44927,6402541667
227	0	0,176158272972	0	0,617907531998	-0,00084642181172967	-0,00100469507742673	-0,00116296834312379	-0,00084642181172967	-0,00100469507742673	-0,00084642181172967	-0,00132124160882086	-0,000688148604240268	44927,8653971644
228	0,336463242093	0,326434187009	1,320129188587	1,17067897328	-0,00100469507742673	-0,00100469507742673	-0,00116296834312379	-0,000688148604240268	-0,00100469507742673	-0,00100469507742673	-0,00116296834312379	-0,000688148604240268	44927,9588287963
229	0,326290328491	0,326562072023	1,284224104704	1,171005136867	-0,00100469507742673	-0,00100469507742673	-0,00116296834312379	-0,000688148604240268	-0,00100469507742673	-0,00116296834312379	-0,00132124160882086	-0,000688148604240268	44928,051178831
230	0,326381493641	0,326407067065	1,284511210066	1,170275790955	-0,00100469507742673	-0,00100469507742673	-0,00116296834312379	-0,000688148604240268	-0,00100469507742673	-0,00100469507742673	-0,00116296834312379	-0,000688148604240268	44928,1434285301
231	0,326261289969	0,326213316272	1,284106924844	1,16941555333	-0,00084642181172967	-0,00084642181172967	-0,00116296834312379	-0,000688148604240268	-0,00084642181172967	-0,00100469507742673	-0,00116296834312379	-0,000688148604240268	44928,2357102199
232	0,326077657629	0,325969188453	1,283467288559	1,168353565978	-0,00132124160882086	-0,00100469507742673	-0,00132124160882086	-0,000688148604240268	-0,00100469507742673	-0,00100469507742673	-0,00116296834312379	-0,000688148604240268	44928,3280741667
233	0,325819280306	0,325794832511	1,282570578564	1,167677492712	-0,00100469507742673	-0,00100469507742673	-0,00132124160882086	-0,000688148604240268	-0,00100469507742673	-0,00100469507742673	-0,00132124160882086	-0,000688148604240268	44928,4204528009
234	0,325627908154	0,325575274471	1,281890083131	1,166812114714	-0,00100469507742673	-0,00084642181172967	-0,00132124160882086	-0,000688148604240268	-0,00084642181172967	-0,00100469507742673	-0,00116296834312379	-0,000688148604240268	44928,5127228125
235	0,325428062052	0,325369856885	1,28120006396	1,165982702833	-0,00100469507742673	-0,00100469507742673	-0,00116296834312379	-0,000688148604240268	-0,00100469507742673	-0,00100469507742673	-0,00116296834312379	-0,000688148604240268	44928,6049886111
236	0,325236755858	0,325167072325	1,280555942606	1,165159137125	-0,00100469507742673	-0,00100469507742673	-0,00132124160882086	-0,000688148604240268	-0,00084642181172967	-0,00100469507742673	-0,00116296834312379	-0,000688148604240268	44928,6971860185
237	0,324970955537	0,324981125673	1,279616835876	1,164468514174	-0,00100469507742673	-0,00084642181172967	-0,00116296834312379	-0,000688148604240268	-0,00100469507742673	-0,00100469507742673	-0,00132124160882086	-0,000688148604240268	44928,7894423495
238	0,324823401515	0,324811862218	1,279087506852	1,163833640276	-0,00084642181172967	-0,00116296834312379	-0,00132124160882086	-0,000688148604240268	-0,00100469507742673	-0,00100469507742673	-0,00132124160882086	-0,000688148604240268	44928,8816523727
239	0,324648591965	0,324651712214	1,278449365369	1,163233854907	-0,00084642181172967	-0,00100469507742673	-0,00116296834312379	-0,000688148604240268	-0,00084642181172967	-0,00084642181172967	-0,00132124160882086	-0,000688148604240268	44928,97388125
240	0,324508939774	0,324517467788	1,277956890824	1,162720886706	-0,00100469507742673	-0,00100469507742673	-0,00132124160882086	-0,000688148604240268	-0,00084642181172967	-0,00084642181172967	-0,00132124160882086	-0,000688148604240268	44929,0661438194
241	0,324312893019	0,324341744258	1,277220788261	1,162057798716	-0,00084642181172967	-0,00100469507742673	-0,00116296834312379	-0,000688148604240268	-0,00100469507742673	-0,00100469507742673	-0,00116296834312379	-0,000688148604240268	44929,1582684375
242	0,324190308779	0,324226741674	1,276789929448	1,161611527853	-0,00116296834312379	-0,00084642181172967	-0,00132124160882086	-0,000688148604240268	-0,00084642181172967	-0,00100469507742673	-0,00132124160882086	-0,000688148604240268	44929,2504331366
243	0,324118092082	0,324047233057	1,276553011958	1,160812824591	-0,00100469507742673	-0,00100469507742673	-0,00116296834312379	-0,000688148604240268	-0,00116296834312379	-0,000688148604240268	-0,00132124160882086	-0,000688148604240268	44929,3426886806
244	0,323936030645	0,323915525446	1,27591293556	1,160225027698	-0,00084642181172967	-0,00100469507742673	-0,00116296834312379	-0,000688148604240268	-0,00100469507742673	-0,00084642181172967	-0,00116296834312379	-0,000688148604240268	44929,4348314236
245	0,323686833102	0,323795387352	1,274988833742	1,159865603277	-0,00100469507742673	-0,00100469507742673	-0,00116296834312379	-0,000688148604240268	-0,00100469507742673	-0,00084642181172967	-0,00132124160882086	-0,000688148604240268	44929,5269005556
246	0,323634069716	0,323699795726	1,274817271951	1,159554322935	-0,00100469507742673	-0,00100469507742673	-0,00116296834312379	-0,000688148604240268	-0,00100469507742673	-0,00100469507742673	-0,00132124160882086	-0,000688148604240268	44929,6190043056
247	0,323546656857	0,323608124396	1,274492551231	1,15923332627	-0,00100469507742673	-0,00100469507742673	-0,00132124160882086	-0,000688148604240268	-0,00116296834312379	-0,00100469507742673	-0,00132124160882086	-0,000688148604240268	44929,7110948495
248	0,323470143082	0,323517662769	1,274193325916	1,158869474248	-0,00100469507742673	-0,00100469507742673	-0,00116296834312379	-0,000688148604240268	-0,00084642181172967	-0,00100469507742673	-0,00116296834312379	-0,000688148604240268	44929,8032177431
249	0,323336889505	0,323418169708	1,273728292177	1,158535797122	-0,00100469507742673	-0,00100469507742673	-0,00132124160882086	-0,000688148604240268	-0,00100469507742673	-0,00084642181172967	-0,00116296834312379	-0,000688148604240268	44929,8952526042
250	0,323256882767	0,323317487504	1,273434765835	1,158151819926	-0,00100469507742673	-0,00100469507742673	-0,00132124160882086	-0,000688148604240268	-0,00116296834312379	-0,00100469507742673	-0,00132124160882086	-0,000688148604240268	44929,9873232986
251	0,323154774015	0,323223184842	1,273056659446	1,157785862323	-0,00100469507742673	-0,00100469507742673	-0,00116296834312379	-0,000688148604240268	-0,00100469507742673	-0,00100469507742673	-0,00132124160882086	-0,000688148604240268	44930,0793750231
252	0,323042699362	0,323126290901	1,272631630487	1,157410449726	-0,00100469507742673	-0,00100469507742673	-0,00132124160882086	-0,000688148604240268	-0,00116296834312379	-0,00084642181172967	-0,00132124160882086	-0,000688148604240268	44930,1713264352
253	0,32292861458	0,323025539394	1,272193317214	1,157026967317	-0,00100469507742673	-0,00116296834312379	-0,00116296834312379	-0,000688148604240268	-0,00100469507742673	-0,00100469507742673	-0,00132124160882086	-0,000688148604240268	44930,2631251273
254	0,322986202354	0,322962248574	1,272451186296	1,156685561829	-0,00084642181172967	-0,00100469507742673	-0,00116296834312379	-0,000688148604240268	-0,00100469507742673	-0,00084642181172967	-0,00132124160882086	-0,000688148604240268	44930,3551946296
255	0,322857129224	0,322955768789	1,272000629205	1,156641251684	-0,00084642181172967	-0,00084642181172967	-0,00116296834312379	-0,000688148604240268	-0,00100469507742673	-0,00084642181172967	-0,00132124160882086	-0,000688148604240268	44930,4472194444
256	0,322703814648	0,322795663291	1,271420529952	1,156061521788	-0,00100469507742673	-0,00100469507742673	-0,00116296834312379	-0,000688148604240268	-0,00100469507742673	-0,00100469507742673	-0,00132124160882086	-0,000688148604240268	44930,5392322917
257	0,322638448259	0,322807289603	1,271156894466	1,156185781808	-0,00084642181172967	-0,00100469507742673	-0,00116296834312379	-0,000529875338543206	-0,00100469507742673	-0,00116296834312379	-0,00132124160882086	-0,000688148604240268	44930,6311811111
258	0,322669267566	0,322769767882	1,271245206195	1,156080459886	-0,00116296834312379	-0,00100469507742673	-0,00116296834312379	-0,000688148604240268	-0,00084642181172967	-0,00100469507742673	-0,00132124160882086	-0,000688148604240268	44930,7231878241
259	0,322595928787	0,322684530138	1,270951910956	1,15573505666	-0,00100469507742673	-0,00084642181172967	-0,00116296834312379	-0,000688148604240268	-0,00116296834312379	-0,00084642181172967	-0,00116296834312379	-0,000688148604240268	44930,8150958912
260	0,322540277823	0,322632874747	1,27075716815	1,155513503193	-0,00100469507742673	-0,00100469507742673	-0,00116296834312379	-0,000688148604240268	-0,00084642181172967	-0,00116296834312379	-0,00132124160882086	-0,000688148604240268	44930,907070081
261	0,322489326038	0,322599347283	1,270583200711	1,155388402589	-0,00084642181172967	-0,00100469507742673	-0,00132124160882086	-0,000688148604240268	-0,000688148604240268	-0,00084642181172967	-0,00116296834312379	-0,000688148604240268	44930,9991158565
262	0,322420519523	0,322579916826	1,270297334479	1,155345218779	-0,00100469507742673	-0,00100469507742673	-0,00116296834312379	-0,000688148604240268	-0,00084642181172967	-0,00084642181172967	-0,00132124160882086	-0,000688148604240268	44931,0910164352
263	0,322433939891	0,322560556518	1,270316802493	1,155291786666	-0,00084642181172967	-0,00100469507742673	-0,00132124160882086	-0,000688148604240268	-0,00100469507742673	-0,00100469507742673	-0,00116296834312379	-0,000688148604240268	44931,1829484606
264	0,322393367832	0,322523124655	1,270152695659	1,155157976073	-0,00100469507742673	-0,00116296834312379	-0,00116296834312379	-0,000688148604240268	-0,00084642181172967	-0,00100469507742673	-0,00132124160882086	-0,000688148604240268	44931,2748040278
265	0,322462193615	0,322543794695	1,270441733519	1,155162047956	-0,00100469507742673	-0,00100469507742673	-0,00116296834312379	-0,000688148604240268	-0,00100469507742673	-0,00100469507742673	-0,00116296834312379	-0,000688148604240268	44931,3666249653
266	0,322303245495	0,322453371215	1,269814481531	1,154890708654	-0,00100469507742673	-0,00100469507742673	-0,00116296834312379	-0,000688148604240268	-0,00100469507742673	-0,00084642181172967	-0,00116296834312379	-0,000688148604240268	44931,4584248148
267	0,322297316462	0,322432703719	1,269786688165	1,154766242352	-0,00100469507742673	-0,00116296834312379	-0,00132124160882086	-0,000688148604240268	-0,00100469507742673	-0,00100469507742673	-0,00132124160882086	-0,000688148604240268	44931,5502216204
268	0,322283255526	0,322390120662	1,269737294164	1,154608558147	-0,00084642181172967	-0,00084642181172967	-0,00116296834312379	-0,000688148604240268	-0,00084642181172967	-0,00100469507742673	-0,00132124160882086	-0,000688148604240268	44931,6420471296
269	0,322331157624	0,322388741842	1,269962188648	1,154529816436	-0,00084642181172967	-0,00100469507742673	-0,00116296834312379	-0,000688148604240268	-0,00084642181172967	-0,00100469507742673	-0,00132124160882086	-0,000688148604240268	44931,7339812153
270	0,322138497351	0,322281588114	1,269202685278	1,154175437913	-0,00116296834312379	-0,00100469507742673	-0,00132124160882086	-0,000688148604240268	-0,00116296834312379	-0,00100469507742673	-0,00132124160882086	-0,000688148604240268	44931,8257747801
271	0,322100764218	0,322205343657	1,269036590805	1,153877550362	-0,00100469507742673	-0,00100469507742673	-0,00116296834312379	-0,000688148604240268	-0,00084642181172967	-0,00100469507742673	-0,00132124160882086	-0,000688148604240268	44931,9174633912
272	0,322056732628	0,32217306362	1,26887137869	1,153749566901	-0,00100469507742673	-0,00100469507742673	-0,00116296834312379	-0,000688148604240268	-0,00100469507742673	-0,00084642181172967	-0,00132124160882086	-0,000688148604240268	44932,009205625
273	0,322014313199	0,322130416985	1,268708310033	1,153582887832	-0,00100469507742673	-0,00100469507742673	-0,00116296834312379	-0,000688148604240268	-0,00084642181172967	-0,00100469507742673	-0,00116296834312379	-0,000688148604240268	44932,1009446644
274	0,321984667941	0,322094252255	1,268595495252	1,153452010724	-0,00084642181172967	-0,00084642181172967	-0,00116296834312379	-0,000688148604240268	-0,00100469507742673	-0,00116296834312379	-0,00116296834312379	-0,000688148604240268	44932,1927528704
275	0,321914800082	0,322024550103	1,268334744678	1,153200418323	-0,00084642181172967	-0,00100469507742673	-0,00116296834312379	-0,000688148604240268	-0,00084642181172967	-0,00084642181172967	-0,00132124160882086	-0,000688148604240268	44932,2844687963
276	0,321908299668	0,321981933986	1,268309927641	1,153001008753	-0,00100469507742673	-0,00084642181172967	-0,00132124160882086	-0,000688148604240268	-0,00084642181172967	-0,00084642181172967	-0,00132124160882086	-0,000688148604240268	44932,3760775926
277	0,321803668675	2,81669E-7	1,267931611662	9,35156E-7	-0,00100469507742673	-0,000688148604240268	-0,00116296834312379	-0,000688148604240268	-0,00100469507742673	-0,00100469507742673	-0,00132124160882086	-0,000688148604240268	44932,4746997338
278	0	0,173992123648	0	0,610234322029	-0,00100469507742673	-0,00100469507742673	-0,00116296834312379	-0,00084642181172967	-0,00084642181172967	-0,00084642181172967	-0,00116296834312379	-0,000688148604240268	44932,6987270255
279	0,333436820667	0,324128641845	1,308789962683	1,161821906162	-0,00084642181172967	-0,00100469507742673	-0,00116296834312379	-0,000688148604240268	-0,00084642181172967	-0,00100469507742673	-0,00116296834312379	-0,000688148604240268	44932,7915578009
280	0,32399224288	0,324259096522	1,275481060322	1,162150917524	-0,00100469507742673	-0,00116296834312379	-0,00116296834312379	-0,000688148604240268	-0,00084642181172967	-0,00100469507742673	-0,00116296834312379	-0,000688148604240268	44932,8833991088
281	0,324073560568	0,324111799912	1,275753747098	1,161457938534	-0,00084642181172967	-0,00084642181172967	-0,00132124160882086	-0,000688148604240268	-0,00100469507742673	-0,00084642181172967	-0,00132124160882086	-0,000688148604240268	44932,9752224769
282	0,323949033811	0,323936148013	1,275327310144	1,160680652062	-0,00100469507742673	-0,00100469507742673	-0,00132124160882086	-0,000688148604240268	-0,00100469507742673	-0,00116296834312379	-0,00132124160882086	-0,000688148604240268	44933,0670175347
283	0,323770886864	0,3237605296	1,274717877467	1,15991591943	-0,00116296834312379	-0,00100469507742673	-0,00116296834312379	-0,000688148604240268	-0,00100469507742673	-0,00100469507742673	-0,00132124160882086	-0,000688148604240268	44933,1587810764
284	0,323625602723	0,323596483035	1,274238332507	1,159219957278	-0,00116296834312379	-0,00084642181172967	-0,00116296834312379	-0,000688148604240268	-0,00100469507742673	-0,00084642181172967	-0,00116296834312379	-0,000529875338543206	44933,2506134144
285	0,323504534588	0,323396281492	1,273862963377	1,158286251533	-0,00116296834312379	-0,00100469507742673	-0,00132124160882086	-0,000529875338543206	-0,00100469507742673	-0,00100469507742673	-0,00132124160882086	-0,000688148604240268	44933,3426489352
286	0,323181481488	0,323218038948	1,272693239093	1,157667654897	-0,00084642181172967	-0,00100469507742673	-0,00116296834312379	-0,000688148604240268	-0,00100469507742673	-0,00100469507742673	-0,00132124160882086	-0,000688148604240268	44933,4344627199
287	0,323143772457	0,323074716891	1,272612843817	1,156983500628	-0,00084642181172967	-0,00116296834312379	-0,00116296834312379	-0,000688148604240268	-0,00084642181172967	-0,00084642181172967	-0,00116296834312379	-0,000688148604240268	44933,526379456
288	0,322860023528	0,322883433183	1,271571584817	1,156316378261	-0,00100469507742673	-0,00100469507742673	-0,00132124160882086	-0,000688148604240268	-0,00084642181172967	-0,00084642181172967	-0,00132124160882086	-0,000688148604240268	44933,6182467477
289	0,322795428123	0,322736279627	1,271371679802	1,15567242812	-0,00100469507742673	-0,00100469507742673	-0,00132124160882086	-0,000688148604240268	-0,00100469507742673	-0,00100469507742673	-0,00116296834312379	-0,000688148604240268	44933,7102118403
290	0,322489904744	0,3225360056	1,270238232845	1,154977731673	-0,00100469507742673	-0,00084642181172967	-0,00116296834312379	-0,000688148604240268	-0,00084642181172967	-0,00100469507742673	-0,00132124160882086	-0,000688148604240268	44933,8019354514
291	0,322359024288	0,322388786983	1,269777863016	1,154433690169	-0,00084642181172967	-0,00100469507742673	-0,00116296834312379	-0,000688148604240268	-0,00100469507742673	-0,00100469507742673	-0,00116296834312379	-0,000688148604240268	44933,8936372685
292	0,322237803009	0,322263487734	1,269362825652	1,15396115454	-0,00100469507742673	-0,00100469507742673	-0,00132124160882086	-0,000688148604240268	-0,00084642181172967	-0,00100469507742673	-0,00116296834312379	-0,000688148604240268	44933,9854323264
293	0,322101318003	0,322109735925	1,268873492846	1,153376677542	-0,00100469507742673	-0,00100469507742673	-0,00116296834312379	-0,000688148604240268	-0,00084642181172967	-0,00100469507742673	-0,00132124160882086	-0,000688148604240268	44934,0771801968
294	0,321942084201	0,32197284957	1,268307893929	1,152849262196	-0,00100469507742673	-0,00084642181172967	-0,00116296834312379	-0,000688148604240268	-0,00084642181172967	-0,00084642181172967	-0,00116296834312379	-0,000529875338543206	44934,1688395949
295	0,321805729519	0,32182823113	1,267820540268	1,152308182093	-0,00100469507742673	-0,00084642181172967	-0,00132124160882086	-0,000688148604240268	-0,00084642181172967	-0,00100469507742673	-0,00132124160882086	-0,000688148604240268	44934,2605104282
296	0,32176246378	0,321749429091	1,267733643221	1,151922781437	-0,00100469507742673	-0,00084642181172967	-0,00132124160882086	-0,000688148604240268	-0,00100469507742673	-0,00100469507742673	-0,00116296834312379	-0,000688148604240268	44934,3522944329
297	0,321533185619	0,321575055773	1,266883447737	1,151252529573	-0,00100469507742673	-0,00100469507742673	-0,00116296834312379	-0,000688148604240268	-0,00084642181172967	-0,00084642181172967	-0,00116296834312379	-0,000688148604240268	44934,4439770718
298	0,321415673596	0,321515588186	1,266445164249	1,151140791373	-0,00100469507742673	-0,00100469507742673	-0,00132124160882086	-0,000688148604240268	-0,00100469507742673	-0,00084642181172967	-0,00132124160882086	-0,000688148604240268	44934,5356022106
299	0,321449658226	0,321475570131	1,266594247935	1,150922946953	-0,00084642181172967	-0,00100469507742673	-0,00116296834312379	-0,000688148604240268	-0,00100469507742673	-0,00084642181172967	-0,00116296834312379	-0,000688148604240268	44934,6273127083
300	0,321226263932	0,321332195935	1,265730719797	1,150444191117	-0,00100469507742673	-0,00084642181172967	-0,00116296834312379	-0,000688148604240268	-0,00100469507742673	-0,00100469507742673	-0,00132124160882086	-0,000688148604240268	44934,7189150694
301	0,321184957387	0,321245657573	1,265558745705	1,150066127478	-0,00084642181172967	-0,00100469507742673	-0,00132124160882086	-0,000688148604240268	-0,00084642181172967	-0,00100469507742673	-0,00116296834312379	-0,000688148604240268	44934,8104257755
302	0,321063825304	0,321165623579	1,265122402967	1,149803247232	-0,00084642181172967	-0,00100469507742673	-0,00132124160882086	-0,000688148604240268	-0,00084642181172967	-0,00100469507742673	-0,00132124160882086	-0,000688148604240268	44934,9019613426
303	0,32100660896	0,321100988693	1,264915817163	1,149588857821	-0,00100469507742673	-0,00100469507742673	-0,00132124160882086	-0,000688148604240268	-0,00084642181172967	-0,00084642181172967	-0,00116296834312379	-0,000688148604240268	44934,9935123495
304	0,320938506008	0,321013195698	1,264674188469	1,149276208253	-0,00100469507742673	-0,00100469507742673	-0,00132124160882086	-0,000688148604240268	-0,00084642181172967	-0,00084642181172967	-0,00116296834312379	-0,000688148604240268	44935,0850777778
305	0,320837823537	0,320942127229	1,264304957175	1,149024264661	-0,00100469507742673	-0,00084642181172967	-0,00116296834312379	-0,000688148604240268	-0,00100469507742673	-0,00084642181172967	-0,00132124160882086	-0,000688148604240268	44935,1766291204
306	0,320776106307	0,320846529033	1,264069004716	1,148659124729	-0,000688148604240268	-0,00100469507742673	-0,00116296834312379	-0,000688148604240268	-0,00100469507742673	-0,00100469507742673	-0,00116296834312379	-0,000688148604240268	44935,2681339468
307	0,320783413427	0,320792284271	1,264165186369	1,148327910863	-0,00100469507742673	-0,00100469507742673	-0,00116296834312379	-0,000688148604240268	-0,00100469507742673	-0,00100469507742673	-0,00132124160882086	-0,000688148604240268	44935,3596489931
308	0,32057158945	0,320732869665	1,263372326494	1,14820496518	-0,00100469507742673	-0,00100469507742673	-0,00116296834312379	-0,000688148604240268	-0,00116296834312379	-0,00100469507742673	-0,00116296834312379	-0,000688148604240268	44935,4512370949
309	0,320593382066	0,320721238264	1,263438678023	1,148166332224	-0,00100469507742673	-0,00116296834312379	-0,00132124160882086	-0,000688148604240268	-0,00084642181172967	-0,00100469507742673	-0,00116296834312379	-0,000688148604240268	44935,5428715046
310	0,320544099781	0,32062955422	1,263225470546	1,147799946687	-0,00100469507742673	-0,00100469507742673	-0,00132124160882086	-0,000688148604240268	-0,00100469507742673	-0,00084642181172967	-0,00132124160882086	-0,000688148604240268	44935,6344070833
311	0,320479185838	0,320580471031	1,263004036837	1,147634367403	-0,00084642181172967	-0,00100469507742673	-0,00132124160882086	-0,000529875338543206	-0,00100469507742673	-0,00084642181172967	-0,00132124160882086	-0,000688148604240268	44935,7259578472
312	0,32037009833	0,320480992383	1,262583224654	1,147270624123	-0,00100469507742673	-0,00084642181172967	-0,00132124160882086	-0,000688148604240268	-0,00100469507742673	-0,00100469507742673	-0,00116296834312379	-0,000688148604240268	44935,817395
313	0,320321666245	0,320443542505	1,262427699611	1,147142615976	-0,00116296834312379	-0,00084642181172967	-0,00116296834312379	-0,000688148604240268	-0,00084642181172967	-0,00084642181172967	-0,00132124160882086	-0,000688148604240268	44935,9088748495
314	0,320256105887	0,32038290612	1,262157877359	1,146925099131	-0,00100469507742673	-0,00100469507742673	-0,00132124160882086	-0,000688148604240268	-0,00100469507742673	-0,00100469507742673	-0,00116296834312379	-0,000688148604240268	44936,0002404282
315	0,320248315236	0,320329910477	1,26213534598	1,146727992346	-0,00100469507742673	-0,00100469507742673	-0,00132124160882086	-0,000688148604240268	-0,00100469507742673	-0,00100469507742673	-0,00116296834312379	-0,000688148604240268	44936,0917094444
316	0,320144017891	0,320242079122	1,261755908935	1,146400486007	-0,000688148604240268	-0,00100469507742673	-0,00116296834312379	-0,000688148604240268	-0,00100469507742673	-0,00084642181172967	-0,00132124160882086	-0,000688148604240268	44936,1830957407
317	0,320106830888	0,320202079292	1,261630777802	1,146234947479	-0,000688148604240268	-0,00084642181172967	-0,00132124160882086	-0,000688148604240268	-0,00116296834312379	-0,00084642181172967	-0,00132124160882086	-0,000688148604240268	44936,2745785069
318	0,320140378033	0,32015167302	1,261804641053	1,145896875685	-0,00100469507742673	-0,00100469507742673	-0,00132124160882086	-0,000688148604240268	-0,00084642181172967	-0,00084642181172967	-0,00116296834312379	-0,000688148604240268	44936,3660425694
319	0,319920871679	0,32007543259	1,260962517359	1,145714908206	-0,00100469507742673	-0,00100469507742673	-0,00132124160882086	-0,000688148604240268	-0,00100469507742673	-0,00100469507742673	-0,00132124160882086	-0,000688148604240268	44936,4574634606
320	0,320012743443	0,320062519855	1,261340225608	1,145567995946	-0,00100469507742673	-0,00084642181172967	-0,00116296834312379	-0,000688148604240268	-0,00084642181172967	-0,00100469507742673	-0,00132124160882086	-0,000688148604240268	44936,5490770255
321	0,319792330526	0,31995016789	1,260515837419	1,145228262211	-0,00100469507742673	-0,00100469507742673	-0,00116296834312379	-0,000688148604240268	-0,00100469507742673	-0,00100469507742673	-0,00116296834312379	-0,000688148604240268	44936,6404796181
322	0,31980265579	0,319943717561	1,260494911817	1,145256685492	-0,00084642181172967	-0,00116296834312379	-0,00132124160882086	-0,000688148604240268	-0,00100469507742673	-0,00100469507742673	-0,00132124160882086	-0,000688148604240268	44936,7318661111
323	0,319788622947	0,319883051928	1,260417927711	1,145005344703	-0,00100469507742673	-0,00100469507742673	-0,00132124160882086	-0,000688148604240268	-0,00116296834312379	-0,00084642181172967	-0,00132124160882086	-0,000688148604240268	44936,8232095833
324	0,319710154135	0,319826148069	1,26011974607	1,144802719556	-0,00100469507742673	-0,00100469507742673	-0,00132124160882086	-0,000688148604240268	-0,00116296834312379	-0,00116296834312379	-0,00132124160882086	-0,000688148604240268	44936,9145425694
325	0,31966170636	0,319765479044	1,259951576701	1,144543779958	-0,00084642181172967	-0,00116296834312379	-0,00116296834312379	-0,000688148604240268	-0,00100469507742673	-0,00084642181172967	-0,00132124160882086	-0,000688148604240268	44937,0058730324
326	0,319613740945	0,319709897001	1,2597881072	1,144326811199	-0,00100469507742673	-0,00084642181172967	-0,00116296834312379	-0,000688148604240268	-0,00100469507742673	-0,00100469507742673	-0,00132124160882086	-0,000688148604240268	44937,0971994213
327	0,319558630403	0,319676350677	1,259596704847	1,144195851423	-0,00100469507742673	-0,00116296834312379	-0,00132124160882086	-0,000688148604240268	-0,00100469507742673	-0,00100469507742673	-0,00116296834312379	-0,000688148604240268	44937,1885444444
328	0,319518533058	3,05829E-7	1,259446106439	1,014342E-6	-0,00100469507742673	-0,00100469507742673	-0,00132124160882086	-0,000688148604240268	-0,00100469507742673	-0,00084642181172967	-0,00132124160882086	-0,000688148604240268	44937,2868935648
329	5,08634063223214E-14	0,172159741478	1,91857335219653E-13	0,603708372183	-0,00084642181172967	-0,00100469507742673	-0,00116296834312379	-0,00084642181172967	-0,00100469507742673	-0,00100469507742673	-0,00116296834312379	-0,000688148604240268	44937,5098475579
330	0,330919578795	0,321751949796	1,299536768945	1,152737852715	-0,00084642181172967	-0,00084642181172967	-0,00116296834312379	-0,000688148604240268	-0,00100469507742673	-0,00084642181172967	-0,00132124160882086	-0,000688148604240268	44937,6023406481
331	0,321585717095	0,321847558378	1,266576328068	1,152935901331	-0,00100469507742673	-0,00084642181172967	-0,00132124160882086	-0,000688148604240268	-0,00100469507742673	-0,00100469507742673	-0,00132124160882086	-0,000688148604240268	44937,6937831944
332	0,321687021539	0,321755870306	1,266942462405	1,152446868765	-0,00100469507742673	-0,00116296834312379	-0,00116296834312379	-0,000688148604240268	-0,00100469507742673	-0,00084642181172967	-0,00116296834312379	-0,000688148604240268	44937,7852734838
333	0,321580550772	0,321597002272	1,266555952386	1,151724966516	-0,00084642181172967	-0,00100469507742673	-0,00116296834312379	-0,000529875338543206	-0,00100469507742673	-0,00084642181172967	-0,00132124160882086	-0,000688148604240268	44937,8766857292
334	0,32141309546	0,321420037885	1,2659769626	1,150959795087	-0,00100469507742673	-0,00100469507742673	-0,00116296834312379	-0,000688148604240268	-0,00100469507742673	-0,00084642181172967	-0,00132124160882086	-0,000688148604240268	44937,9680996991
335	0,321241017411	0,321239206394	1,265362077027	1,150187151079	-0,00100469507742673	-0,00116296834312379	-0,00132124160882086	-0,000688148604240268	-0,00084642181172967	-0,00100469507742673	-0,00116296834312379	-0,000688148604240268	44938,0594568981
336	0,321074210807	0,321086784874	1,264781588257	1,14955079053	-0,00084642181172967	-0,00100469507742673	-0,00132124160882086	-0,000688148604240268	-0,00100469507742673	-0,00100469507742673	-0,00132124160882086	-0,000688148604240268	44938,1508527315
337	0,320932409697	0,320939569646	1,264296235524	1,148932511115	-0,00100469507742673	-0,00084642181172967	-0,00116296834312379	-0,000688148604240268	-0,00100469507742673	-0,00084642181172967	-0,00116296834312379	-0,000688148604240268	44938,2422752778
338	0,320745165354	0,320705773033	1,263614064441	1,147923152301	-0,00100469507742673	-0,00100469507742673	-0,00132124160882086	-0,000688148604240268	-0,00100469507742673	-0,00084642181172967	-0,00132124160882086	-0,000688148604240268	44938,3335953472
339	0,320584043423	0,320593418524	1,263042932209	1,147508470729	-0,00100469507742673	-0,00100469507742673	-0,00132124160882086	-0,000688148604240268	-0,00116296834312379	-0,00116296834312379	-0,00116296834312379	-0,000688148604240268	44938,424957037
340	0,320422159894	0,320437117607	1,262530036656	1,146892185955	-0,00100469507742673	-0,00100469507742673	-0,00116296834312379	-0,000688148604240268	-0,00084642181172967	-0,00100469507742673	-0,00116296834312379	-0,000688148604240268	44938,5163259144
341	0,32029633264	0,320298936356	1,262107133198	1,146338228092	-0,00100469507742673	-0,00084642181172967	-0,00132124160882086	-0,000688148604240268	-0,00116296834312379	-0,00084642181172967	-0,00116296834312379	-0,000688148604240268	44938,6077626505
342	0,320135838477	0,320169753053	1,261550559443	1,145841483999	-0,00100469507742673	-0,00100469507742673	-0,00116296834312379	-0,000688148604240268	-0,00100469507742673	-0,00100469507742673	-0,00132124160882086	-0,000688148604240268	44938,6991432986
343	0,320007469668	0,320032797823	1,261095450209	1,145320930986	-0,00084642181172967	-0,00100469507742673	-0,00132124160882086	-0,000688148604240268	-0,00100469507742673	-0,00100469507742673	-0,00116296834312379	-0,000688148604240268	44938,7905140625
344	0,319865987879	0,319912778835	1,260592707352	1,144870991371	-0,00084642181172967	-0,00100469507742673	-0,00116296834312379	-0,000688148604240268	-0,00084642181172967	-0,00100469507742673	-0,00116296834312379	-0,000688148604240268	44938,8818954282
345	0,319743179412	0,319791296886	1,260142937961	1,144402403769	-0,00100469507742673	-0,00084642181172967	-0,00132124160882086	-0,000688148604240268	-0,00100469507742673	-0,00100469507742673	-0,00116296834312379	-0,000688148604240268	44938,9732544792
346	0,319630154389	0,319678879645	1,259737923547	1,14396787078	-0,00100469507742673	-0,00100469507742673	-0,00116296834312379	-0,000688148604240268	-0,00100469507742673	-0,00100469507742673	-0,00116296834312379	-0,000688148604240268	44939,0646176157
347	0,319517951088	0,319569134431	1,259343286956	1,143541934671	-0,00100469507742673	-0,00100469507742673	-0,00132124160882086	-0,000688148604240268	-0,00084642181172967	-0,00084642181172967	-0,00132124160882086	-0,000688148604240268	44939,1559541551
348	0,319378326271	0,31945286153	1,258808785757	1,143086513308	-0,00100469507742673	-0,00100469507742673	-0,00116296834312379	-0,000688148604240268	-0,00116296834312379	-0,00084642181172967	-0,00132124160882086	-0,000688148604240268	44939,2472068171
349	0,319324573933	0,319332761162	1,258646277017	1,142542148632	-0,00100469507742673	-0,00084642181172967	-0,00132124160882086	-0,000688148604240268	-0,00100469507742673	-0,00084642181172967	-0,00116296834312379	-0,000688148604240268	44939,3385927431
350	0,319151728322	0,319265607477	1,258019664899	1,142359622234	-0,00100469507742673	-0,00084642181172967	-0,00116296834312379	-0,000688148604240268	-0,00100469507742673	-0,00084642181172967	-0,00132124160882086	-0,000688148604240268	44939,4298544444
351	0,319151267452	0,319215228546	1,258036237043	1,142171069534	-0,00084642181172967	-0,00100469507742673	-0,00116296834312379	-0,000688148604240268	-0,00116296834312379	-0,00084642181172967	-0,00132124160882086	-0,000688148604240268	44939,5212283218
352	0,318997952357	0,319075778252	1,257438922945	1,141671473691	-0,00084642181172967	-0,00100469507742673	-0,00116296834312379	-0,000688148604240268	-0,00084642181172967	-0,00084642181172967	-0,00132124160882086	-0,000529875338543206	44939,6124726042
353	0,318923320974	0,318994384509	1,257203749217	1,141365855573	-0,00100469507742673	-0,00084642181172967	-0,00116296834312379	-0,000688148604240268	-0,00100469507742673	-0,00084642181172967	-0,00116296834312379	-0,000688148604240268	44939,7037471412
354	0,318836560533	0,3188897481	1,256902485738	1,140952262932	-0,00084642181172967	-0,00116296834312379	-0,00116296834312379	-0,000688148604240268	-0,00084642181172967	-0,00084642181172967	-0,00116296834312379	-0,000688148604240268	44939,7950355324
355	0,318701530468	0,318805781729	1,256398570103	1,140635313021	-0,00084642181172967	-0,00084642181172967	-0,00116296834312379	-0,000688148604240268	-0,00100469507742673	-0,00100469507742673	-0,00132124160882086	-0,000688148604240268	44939,8862619676
356	0,31865251608	0,318772183482	1,256226490359	1,140543935577	-0,00084642181172967	-0,00100469507742673	-0,00116296834312379	-0,000688148604240268	-0,00100469507742673	-0,00116296834312379	-0,00116296834312379	-0,000688148604240268	44939,9774678588
357	0,318604965142	0,318711504075	1,25603013052	1,140327443263	-0,00100469507742673	-0,00100469507742673	-0,00132124160882086	-0,000688148604240268	-0,00084642181172967	-0,00084642181172967	-0,00116296834312379	-0,000688148604240268	44940,0686630208
358	0,318567265225	0,318659778957	1,255907538263	1,140133476697	-0,00084642181172967	-0,00116296834312379	-0,00116296834312379	-0,000688148604240268	-0,00116296834312379	-0,00100469507742673	-0,00132124160882086	-0,000529875338543206	44940,1599233102
359	0,31849026863	0,318595233929	1,25562454118	1,139888346615	-0,00100469507742673	-0,00100469507742673	-0,00116296834312379	-0,000688148604240268	-0,00116296834312379	-0,00100469507742673	-0,00132124160882086	-0,000688148604240268	44940,2511582523
360	0,318494018922	0,318542291481	1,255667322534	1,139585650568	-0,00100469507742673	-0,00084642181172967	-0,00116296834312379	-0,000688148604240268	-0,00100469507742673	-0,00084642181172967	-0,00116296834312379	-0,000688148604240268	44940,3424922685
361	0,318362991095	0,318482874547	1,255173684193	1,139358428148	-0,00100469507742673	-0,00100469507742673	-0,00116296834312379	-0,000688148604240268	-0,00116296834312379	-0,00100469507742673	-0,00132124160882086	-0,000688148604240268	44940,4337609838
362	0,318314489212	0,318463458077	1,254991231692	1,139333872167	-0,00100469507742673	-0,00084642181172967	-0,00116296834312379	-0,000688148604240268	-0,00084642181172967	-0,00100469507742673	-0,00116296834312379	-0,000688148604240268	44940,5249383102
363	0,318298780081	0,318401519377	1,254916535684	1,139115073233	-0,00084642181172967	-0,00100469507742673	-0,00132124160882086	-0,000688148604240268	-0,00100469507742673	-0,00100469507742673	-0,00116296834312379	-0,000688148604240268	44940,6160801852
364	0,318247416313	0,318324027917	1,254731304767	1,138808413086	-0,00084642181172967	-0,00084642181172967	-0,00132124160882086	-0,000688148604240268	-0,00100469507742673	-0,00100469507742673	-0,00116296834312379	-0,000688148604240268	44940,7072450926
365	0,318169508539	0,31827232251	1,254441900457	1,138590164878	-0,00100469507742673	-0,00084642181172967	-0,00116296834312379	-0,000688148604240268	-0,00100469507742673	-0,00084642181172967	-0,00116296834312379	-0,000688148604240268	44940,7984292014
366	0,318082582844	0,318198707056	1,254130855314	1,138321904843	-0,00084642181172967	-0,00100469507742673	-0,00116296834312379	-0,000688148604240268	-0,00116296834312379	-0,00084642181172967	-0,00132124160882086	-0,000529875338543206	44940,889537338
367	0,318040822761	0,318171629921	1,25397559137	1,138219607982	-0,00100469507742673	-0,00084642181172967	-0,00132124160882086	-0,000688148604240268	-0,00100469507742673	-0,00084642181172967	-0,00132124160882086	-0,000688148604240268	44940,9806759259
368	0,317995978321	0,318122497777	1,253798528512	1,138034808014	-0,00100469507742673	-0,00100469507742673	-0,00132124160882086	-0,000688148604240268	-0,00084642181172967	-0,00100469507742673	-0,00116296834312379	-0,000688148604240268	44941,0717852083
369	0,317964088917	0,318107039328	1,253674809856	1,13800252026	-0,00084642181172967	-0,00084642181172967	-0,00116296834312379	-0,000688148604240268	-0,00084642181172967	-0,00100469507742673	-0,00116296834312379	-0,000688148604240268	44941,1629117361
370	0,317943910336	0,31805532841	1,253586137049	1,137830245861	-0,00084642181172967	-0,00116296834312379	-0,00116296834312379	-0,000688148604240268	-0,00100469507742673	-0,00084642181172967	-0,00116296834312379	-0,000688148604240268	44941,2540196759
371	0,317960697152	0,318025651309	1,253694918342	1,13763066915	-0,00100469507742673	-0,00100469507742673	-0,00116296834312379	-0,000688148604240268	-0,00084642181172967	-0,00084642181172967	-0,00116296834312379	-0,000688148604240268	44941,3452722338
372	0,317861275194	0,317988184053	1,253268092588	1,137529113099	-0,00084642181172967	-0,00100469507742673	-0,00116296834312379	-0,000688148604240268	-0,00100469507742673	-0,00084642181172967	-0,00132124160882086	-0,000688148604240268	44941,4362706134
373	0,317778744949	0,317951995799	1,252993114246	1,137462748999	-0,00116296834312379	-0,00100469507742673	-0,00132124160882086	-0,000688148604240268	-0,00084642181172967	-0,00100469507742673	-0,00116296834312379	-0,000688148604240268	44941,5273209606
374	0,317796597903	0,317874451144	1,253048708642	1,137116033629	-0,00100469507742673	-0,00100469507742673	-0,00132124160882086	-0,000688148604240268	-0,00084642181172967	-0,00084642181172967	-0,00116296834312379	-0,000688148604240268	44941,6184382292
375	0,31768483669	0,317826709481	1,252600077623	1,136970248193	-0,00084642181172967	-0,00100469507742673	-0,00116296834312379	-0,000688148604240268	-0,00116296834312379	-0,00100469507742673	-0,00116296834312379	-0,000688148604240268	44941,7093932755
376	0,317691034228	0,317795652919	1,252653744768	1,136831702816	-0,00084642181172967	-0,00100469507742673	-0,00132124160882086	-0,000688148604240268	-0,00100469507742673	-0,00100469507742673	-0,00116296834312379	-0,000688148604240268	44941,8004811111
377	0,317619201716	0,317729851991	1,252391429609	1,136579710685	-0,00084642181172967	-0,00100469507742673	-0,00116296834312379	-0,000529875338543206	-0,00100469507742673	-0,00084642181172967	-0,00116296834312379	-0,000688148604240268	44941,8915615856
378	0,317546607698	0,317683302014	1,252117068752	1,136395930566	-0,00100469507742673	-0,00100469507742673	-0,00116296834312379	-0,000688148604240268	-0,00084642181172967	-0,00084642181172967	-0,00116296834312379	-0,000688148604240268	44941,9825498148
379	0,317510603884	3,11339E-7	1,251988057129	1,031446E-6	-0,00084642181172967	-0,00084642181172967	-0,00116296834312379	-0,000688148604240268	-0,00100469507742673	-0,00084642181172967	-0,00116296834312379	-0,000688148604240268	44942,0804987731
380	0	0,170660673139	0	0,598379762963	-0,00084642181172967	-0,00100469507742673	-0,00116296834312379	-0,00084642181172967	-0,000688148604240268	-0,00116296834312379	-0,00116296834312379	-0,000688148604240268	44942,3026468056
381	0,328648948386	0,319672456022	1,291204814383	1,144632062663	-0,00084642181172967	-0,00100469507742673	-0,00116296834312379	-0,000688148604240268	-0,00100469507742673	-0,00100469507742673	-0,00116296834312379	-0,000688148604240268	44942,3947417477
382	0,319444588953	0,319749973338	1,258674288451	1,144784894444	-0,00100469507742673	-0,00100469507742673	-0,00116296834312379	-0,000688148604240268	-0,00100469507742673	-0,00084642181172967	-0,00132124160882086	-0,000688148604240268	44942,4860731018
383	0,319660509364	0,319717659814	1,259466445411	1,144451929018	-0,00100469507742673	-0,00100469507742673	-0,00132124160882086	-0,000688148604240268	-0,00084642181172967	-0,00084642181172967	-0,00132124160882086	-0,000688148604240268	44942,5773152315
384	0,319545867255	0,319574273542	1,259061201936	1,143755948176	-0,00084642181172967	-0,00116296834312379	-0,00132124160882086	-0,000688148604240268	-0,00100469507742673	-0,00100469507742673	-0,00132124160882086	-0,000688148604240268	44942,6683778125
385	0,319383399808	0,319420608834	1,25849754812	1,143095611471	-0,00100469507742673	-0,00084642181172967	-0,00116296834312379	-0,000688148604240268	-0,00100469507742673	-0,00100469507742673	-0,00132124160882086	-0,000688148604240268	44942,7594587269
386	0,319271857989	0,319296590071	1,258124271482	1,142574438896	-0,00100469507742673	-0,00116296834312379	-0,00116296834312379	-0,000688148604240268	-0,00100469507742673	-0,00100469507742673	-0,00132124160882086	-0,000688148604240268	44942,8506131597
387	0,319121106462	0,319158422173	1,257600468699	1,142033394589	-0,00100469507742673	-0,00084642181172967	-0,00116296834312379	-0,000688148604240268	-0,00084642181172967	-0,00116296834312379	-0,00116296834312379	-0,000688148604240268	44942,9417696412
388	0,318979867285	0,319002105153	1,257111636365	1,141415355984	-0,00084642181172967	-0,00116296834312379	-0,00132124160882086	-0,000688148604240268	-0,00100469507742673	-0,00100469507742673	-0,00132124160882086	-0,000688148604240268	44943,0329042708
389	0,318840912393	0,318869025077	1,25661914716	1,140874811774	-0,00100469507742673	-0,00100469507742673	-0,00116296834312379	-0,000688148604240268	-0,00100469507742673	-0,00100469507742673	-0,00132124160882086	-0,000688148604240268	44943,1240346875
390	0,318719302108	0,318768272086	1,256195825042	1,140456661577	-0,00100469507742673	-0,00100469507742673	-0,00116296834312379	-0,000688148604240268	-0,00100469507742673	-0,00100469507742673	-0,00116296834312379	-0,000688148604240268	44943,2151728356
391	0,318611777374	0,318637890738	1,255825023556	1,139948609737	-0,00100469507742673	-0,00100469507742673	-0,00116296834312379	-0,000688148604240268	-0,00084642181172967	-0,00084642181172967	-0,00132124160882086	-0,000688148604240268	44943,3063426273
392	0,31852853348	0,318564284183	1,255498097359	1,139573820297	-0,00100469507742673	-0,00116296834312379	-0,00116296834312379	-0,000688148604240268	-0,00100469507742673	-0,00116296834312379	-0,00116296834312379	-0,000688148604240268	44943,3974582292
393	0,31835696413	0,318396338515	1,254848097949	1,138940957984	-0,00100469507742673	-0,00100469507742673	-0,00116296834312379	-0,000688148604240268	-0,00100469507742673	-0,00084642181172967	-0,00116296834312379	-0,000688148604240268	44943,4885160764
394	0,318258551571	0,318316207034	1,254574235133	1,138594476993	-0,00116296834312379	-0,00100469507742673	-0,00132124160882086	-0,000688148604240268	-0,00100469507742673	-0,00100469507742673	-0,00132124160882086	-0,000688148604240268	44943,5796899653
