TesterID:	Maccor#2														
Channel Number:	58														
TestName:	KAI_Zelltest_regulaer_fix_no_degass_flag.000														
TestDesc:	Regular cycling: formation, followed by pulse, C-rate quick charge and cycling t														
StartDateTime:	44966,5502515162														
Comment:															
															
									Charge			Discharge			
Cycle	AH-IN	AH-OUT	WH-IN	WH-OUT	ACR	DCIR	V1_Start	V1_End	V1_Min	V1_Max	V1_Start	V1_End	V1_Min	V1_Max	Date
0		2,57509E-7		2,1710865839438E-9	0	0					-0,00084642181172967	-0,00084642181172967	-0,00100469507742673	-0,00084642181172967	44966,5504243287
1	0,528863414677	0,442161740864	1,969471615407	1,621242911818	0	0	-0,00100469507742673	-0,00084642181172967	-0,00116296834312379	-0,000529875338543206	-0,000688148604240268	-0,00084642181172967	-0,00132124160882086	-0,000688148604240268	44966,9924962268
2	0,455149428022	0,442036964707	1,710231166388	1,62132678347	0	0	-0,00100469507742673	-0,000688148604240268	-0,00116296834312379	-0,000688148604240268	-0,00084642181172967	-0,00100469507742673	-0,00116296834312379	-0,000688148604240268	44967,4083669213
3	0,467343045549	2,72556E-7	1,760995922909	8,72917E-7	0	0	-0,00100469507742673	-0,00100469507742673	-0,00132124160882086	-0,000529875338543206	-0,00084642181172967	-0,00100469507742673	-0,00116296834312379	-0,000688148604240268	44967,8986561227
4	8,26530352737723E-14	2,6915E-7	3,10386301944106E-13	8,74509E-7	0,045365005732	0,127093195915	-0,00100469507742673	-0,00100469507742673	-0,00116296834312379	-0,00084642181172967	-0,00100469507742673	-0,00084642181172967	-0,00116296834312379	-0,000688148604240268	44968,2034233449
5	0,454746419444	0,446989989028	1,72254898065	1,640851472691	0,045365005732	0,127093195915	-0,00100469507742673	-0,00100469507742673	-0,00116296834312379	-0,000688148604240268	-0,00100469507742673	-0,00084642181172967	-0,00116296834312379	-0,000688148604240268	44968,470339375
6	0,45263774563	0,445453832364	1,71411347354	1,635407470535	0,045365005732	0,127093195915	-0,00084642181172967	-0,00084642181172967	-0,00116296834312379	-0,000688148604240268	-0,00084642181172967	-0,00100469507742673	-0,00116296834312379	-0,000688148604240268	44968,7425928819
7	0,451248147088	0,444550147107	1,708523876247	1,632244708815	0,045365005732	0,127093195915	-0,00084642181172967	-0,00100469507742673	-0,00116296834312379	-0,000688148604240268	-0,00084642181172967	-0,00084642181172967	-0,00132124160882086	-0,000688148604240268	44969,0139904514
8	0,450120551361	0,423326492974	1,704017272796	1,528445977969	0,045365005732	0,127093195915	-0,00100469507742673	-0,00100469507742673	-0,00116296834312379	-0,000688148604240268	-0,00084642181172967	-0,00084642181172967	-0,00116296834312379	-0,000688148604240268	44969,2030248611
9	0,427236790197	0,421751990807	1,624631295886	1,523066597537	0,045365005732	0,127093195915	-0,00084642181172967	-0,00084642181172967	-0,00116296834312379	-0,000688148604240268	-0,00084642181172967	-0,00100469507742673	-0,00116296834312379	-0,000688148604240268	44969,3855430093
10	0,425834727128	0,420561159997	1,619404586533	1,519036147714	0,045365005732	0,127093195915	-0,00116296834312379	-0,00100469507742673	-0,00116296834312379	-0,000688148604240268	-0,00084642181172967	-0,00100469507742673	-0,00132124160882086	-0,000688148604240268	44969,5673808565
11	0,424707989785	0,354139318323	1,615076338416	1,250505119446	0,045365005732	0,127093195915	-0,00100469507742673	-0,00084642181172967	-0,00116296834312379	-0,000688148604240268	-0,00100469507742673	-0,00084642181172967	-0,00132124160882086	-0,000529875338543206	44969,7270371644
12	0,357836580554	0,351010853682	1,377809257836	1,240729216256	0,045365005732	0,127093195915	-0,00100469507742673	-0,00100469507742673	-0,00116296834312379	-0,000688148604240268	-0,00100469507742673	-0,00100469507742673	-0,00132124160882086	-0,000688148604240268	44969,8682566782
13	0,354171532575	0,3479728388	1,364151789974	1,230421003738	0,045365005732	0,127093195915	-0,00084642181172967	-0,00084642181172967	-0,00116296834312379	-0,000529875338543206	-0,00084642181172967	-0,00100469507742673	-0,00132124160882086	-0,000688148604240268	44970,0078900231
14	0,351553176224	0,435607932684	1,354666392343	1,600676626841	0,045365005732	0,127093195915	-0,00100469507742673	-0,00084642181172967	-0,00116296834312379	-0,000688148604240268	-0,00100469507742673	-0,00100469507742673	-0,00116296834312379	-0,000688148604240268	44970,248741331
15	0,441304397507	0,436149893295	1,670494664957	1,602654292992	0,045365005732	0,127093195915	-0,00084642181172967	-0,00084642181172967	-0,00116296834312379	-0,000688148604240268	-0,00084642181172967	-0,00084642181172967	-0,00116296834312379	-0,000688148604240268	44970,5137557755
16	0,441240103921	2,85469E-7	1,669879463002	9,09253E-7	0,045365005732	0,127093195915	-0,00100469507742673	-0,00100469507742673	-0,00132124160882086	-0,000688148604240268	-0,00100469507742673	-0,00084642181172967	-0,00116296834312379	-0,000688148604240268	44970,7853645602
17	0,385642954622	0,383306792357	1,467333002797	1,388360911753	0,045365005732	0,127093195915	-0,00100469507742673	-0,00100469507742673	-0,00116296834312379	-0,000688148604240268	-0,00100469507742673	-0,00084642181172967	-0,00116296834312379	-0,000688148604240268	44970,930081088
18	0,385330412978	0,382640160877	1,465822024965	1,385740765117	0,045365005732	0,127093195915	-0,00100469507742673	-0,00100469507742673	-0,00116296834312379	-0,000688148604240268	-0,00100469507742673	-0,00100469507742673	-0,00132124160882086	-0,000688148604240268	44971,0814703356
19	0,384804647913	0,382074453838	1,463570295349	1,383626810672	0,045365005732	0,127093195915	-0,00084642181172967	-0,00100469507742673	-0,00116296834312379	-0,000688148604240268	-0,00084642181172967	-0,00100469507742673	-0,00116296834312379	-0,000688148604240268	44971,2326632639
20	0,357430492033	0,346431812626	1,386950422419	1,246440775237	0,045365005732	0,127093195915	-0,00100469507742673	-0,00084642181172967	-0,00116296834312379	-0,000688148604240268	-0,00100469507742673	-0,00084642181172967	-0,00116296834312379	-0,000688148604240268	44971,3557934259
21	0,347965072595	0,335895510878	1,349808719091	1,20923353964	0,045365005732	0,127093195915	-0,00100469507742673	-0,00100469507742673	-0,00116296834312379	-0,000688148604240268	-0,00084642181172967	-0,000688148604240268	-0,00116296834312379	-0,000688148604240268	44971,4756665741
22	0,337133023792	2,69589E-7	1,30818726262	8,22737E-7	0,045365005732	0,127093195915	-0,00100469507742673	-0,00084642181172967	-0,00116296834312379	-0,000688148604240268	-0,00084642181172967	-0,00100469507742673	-0,00116296834312379	-0,000688148604240268	44971,5995416204
23	6,99371836931919E-14	0,231321227357	2,61808586193528E-13	0,81188336986	0,045749012381	0,114341832697	-0,00100469507742673	-0,00084642181172967	-0,00116296834312379	-0,00084642181172967	-0,00100469507742673	-0,00100469507742673	-0,00116296834312379	-0,000688148604240268	44971,8690788889
24	0,41143706604	0,401940795619	1,586351560822	1,453461690086	0,045749012381	0,114341832697	-0,00084642181172967	-0,00100469507742673	-0,00116296834312379	-0,000688148604240268	-0,00100469507742673	-0,00100469507742673	-0,00116296834312379	-0,000688148604240268	44971,9755505208
25	0,404103438025	0,400809361616	1,561038100595	1,449453782876	0,045749012381	0,114341832697	-0,00100469507742673	-0,000688148604240268	-0,00116296834312379	-0,000688148604240268	-0,00116296834312379	-0,00100469507742673	-0,00116296834312379	-0,000688148604240268	44972,0810172569
26	0,403034596825	0,399860061415	1,557089856555	1,446028176838	0,045749012381	0,114341832697	-0,00100469507742673	-0,00100469507742673	-0,00116296834312379	-0,000688148604240268	-0,00100469507742673	-0,00084642181172967	-0,00132124160882086	-0,000688148604240268	44972,1863497454
27	0,401968833928	0,398880935548	1,553143529062	1,442476018956	0,045749012381	0,114341832697	-0,00100469507742673	-0,000688148604240268	-0,00116296834312379	-0,000688148604240268	-0,00100469507742673	-0,00084642181172967	-0,00116296834312379	-0,000688148604240268	44972,291317419
28	0,401029921409	0,397996110435	1,549707243221	1,439257996923	0,045749012381	0,114341832697	-0,00084642181172967	-0,00100469507742673	-0,00116296834312379	-0,000688148604240268	-0,00100469507742673	-0,00084642181172967	-0,00132124160882086	-0,000688148604240268	44972,3960708912
29	0,400192951655	0,397169555289	1,546700456385	1,436230481888	0,045749012381	0,114341832697	-0,00084642181172967	-0,00084642181172967	-0,00116296834312379	-0,000688148604240268	-0,00084642181172967	-0,00100469507742673	-0,00116296834312379	-0,000529875338543206	44972,5007664699
30	0,399394875529	0,39642164493	1,543808598873	1,433521423746	0,045749012381	0,114341832697	-0,00100469507742673	-0,00084642181172967	-0,00116296834312379	-0,000688148604240268	-0,00100469507742673	-0,00100469507742673	-0,00116296834312379	-0,000688148604240268	44972,6054699074
31	0,398600977105	0,39563763893	1,540902756927	1,430688093711	0,045749012381	0,114341832697	-0,00100469507742673	-0,00100469507742673	-0,00116296834312379	-0,000688148604240268	-0,00100469507742673	-0,00084642181172967	-0,00116296834312379	-0,000688148604240268	44972,7101053704
32	0,39772706573	0,394769673978	1,537700024371	1,427439587414	0,045749012381	0,114341832697	-0,00084642181172967	-0,00100469507742673	-0,00116296834312379	-0,000688148604240268	-0,00084642181172967	-0,00100469507742673	-0,00132124160882086	-0,000688148604240268	44972,8142559838
33	0,397021510839	0,394116075182	1,535220043829	1,425130188133	0,045749012381	0,114341832697	-0,00100469507742673	-0,00100469507742673	-0,00132124160882086	-0,000688148604240268	-0,00100469507742673	-0,00084642181172967	-0,00132124160882086	-0,000688148604240268	44972,9185924537
34	0,396279643599	0,393392706629	1,532468916745	1,422550138995	0,045749012381	0,114341832697	-0,00084642181172967	-0,00084642181172967	-0,00116296834312379	-0,000688148604240268	-0,00100469507742673	-0,00100469507742673	-0,00116296834312379	-0,000688148604240268	44973,0227349306
35	0,395559498016	0,392713362896	1,529830319038	1,420116376187	0,045749012381	0,114341832697	-0,00100469507742673	-0,00100469507742673	-0,00116296834312379	-0,000688148604240268	-0,00084642181172967	-0,00100469507742673	-0,00116296834312379	-0,000688148604240268	44973,1267098032
36	0,394836361307	0,392036543896	1,527148292229	1,417665674938	0,045749012381	0,114341832697	-0,00084642181172967	-0,00100469507742673	-0,00116296834312379	-0,000688148604240268	-0,00100469507742673	-0,00084642181172967	-0,00116296834312379	-0,000688148604240268	44973,2304209375
37	0,394127675741	0,391368731959	1,524552582788	1,415260755623	0,045749012381	0,114341832697	-0,00100469507742673	-0,00100469507742673	-0,00116296834312379	-0,000688148604240268	-0,00084642181172967	-0,00100469507742673	-0,00116296834312379	-0,000688148604240268	44973,3339175926
38	0,393486142588	0,390739745961	1,52222162071	1,412992126439	0,045749012381	0,114341832697	-0,00084642181172967	-0,00100469507742673	-0,00132124160882086	-0,000688148604240268	-0,00084642181172967	-0,00100469507742673	-0,00132124160882086	-0,000688148604240268	44973,4373173032
39	0,392937015175	0,390157267559	1,520252248382	1,41091420747	0,045749012381	0,114341832697	-0,00100469507742673	-0,00100469507742673	-0,00116296834312379	-0,000688148604240268	-0,000688148604240268	-0,00116296834312379	-0,00132124160882086	-0,000688148604240268	44973,5408175463
40	0,392304944245	0,389544996763	1,517915994754	1,40870406675	0,045749012381	0,114341832697	-0,00084642181172967	-0,00100469507742673	-0,00132124160882086	-0,000529875338543206	-0,00116296834312379	-0,00084642181172967	-0,00116296834312379	-0,000529875338543206	44973,6440683333
41	0,391694487516	0,388961145687	1,515687356681	1,4065622993	0,045749012381	0,114341832697	-0,00100469507742673	-0,00084642181172967	-0,00132124160882086	-0,000688148604240268	-0,00084642181172967	-0,00100469507742673	-0,00116296834312379	-0,000688148604240268	44973,7472275926
42	0,391052644246	0,388376095079	1,513339094536	1,404454553861	0,045749012381	0,114341832697	-0,00116296834312379	-0,00100469507742673	-0,00116296834312379	-0,000688148604240268	-0,000688148604240268	-0,00116296834312379	-0,00132124160882086	-0,000688148604240268	44973,8502155787
43	0,390415755254	0,387827168299	1,510986221959	1,402483383606	0,045749012381	0,114341832697	-0,00084642181172967	-0,00100469507742673	-0,00116296834312379	-0,000688148604240268	-0,00084642181172967	-0,00100469507742673	-0,00132124160882086	-0,000688148604240268	44973,9529148148
44	0,389899048224	0,387373705987	1,5090761744	1,400934054761	0,045749012381	0,114341832697	-0,00100469507742673	-0,00100469507742673	-0,00116296834312379	-0,000688148604240268	-0,00084642181172967	-0,00100469507742673	-0,00132124160882086	-0,000688148604240268	44974,055788287
45	0,38927641016	0,386779565665	1,50671114908	1,398797115538	0,045749012381	0,114341832697	-0,00100469507742673	-0,00100469507742673	-0,00116296834312379	-0,000688148604240268	-0,00100469507742673	-0,00116296834312379	-0,00116296834312379	-0,000688148604240268	44974,15812375
46	0,38875699968	0,386290057515	1,50478366218	1,397049659956	0,045749012381	0,114341832697	-0,000688148604240268	-0,00116296834312379	-0,00116296834312379	-0,000688148604240268	-0,00100469507742673	-0,00084642181172967	-0,00132124160882086	-0,000688148604240268	44974,2603289815
47	0,388336897972	0,385866364071	1,503246455348	1,395562199055	0,045749012381	0,114341832697	-0,00100469507742673	-0,00100469507742673	-0,00116296834312379	-0,000688148604240268	-0,00084642181172967	-0,000688148604240268	-0,00116296834312379	-0,000529875338543206	44974,3627502662
48	0,387861750943	0,38539235824	1,501479301587	1,393886551691	0,045749012381	0,114341832697	-0,00084642181172967	-0,00084642181172967	-0,00116296834312379	-0,000688148604240268	-0,00084642181172967	-0,00100469507742673	-0,00132124160882086	-0,000529875338543206	44974,4651110417
49	0,387424534301	0,38491579525	1,499883476763	1,392168489068	0,045749012381	0,114341832697	-0,00100469507742673	-0,00100469507742673	-0,00116296834312379	-0,000688148604240268	-0,00084642181172967	-0,00100469507742673	-0,00132124160882086	-0,000688148604240268	44974,5674325347
50	0,386952437567	0,384508839468	1,498090871101	1,390769109529	0,045749012381	0,114341832697	-0,00100469507742673	-0,00084642181172967	-0,00116296834312379	-0,000688148604240268	-0,00100469507742673	-0,00084642181172967	-0,00116296834312379	-0,000688148604240268	44974,6696123495
51	0,386540033772	0,384070993705	1,496519862676	1,389193363263	0,045749012381	0,114341832697	-0,00100469507742673	-0,00084642181172967	-0,00116296834312379	-0,000688148604240268	-0,00084642181172967	-0,00084642181172967	-0,00132124160882086	-0,000688148604240268	44974,7716782639
52	0,386067685098	0,383712967038	1,494787617423	1,388018901719	0,045749012381	0,114341832697	-0,00116296834312379	-0,00084642181172967	-0,00116296834312379	-0,000688148604240268	-0,00084642181172967	-0,00100469507742673	-0,00116296834312379	-0,000529875338543206	44974,8738593519
53	0,385482720187	0,383275379619	1,492587395035	1,38633560193	0,045749012381	0,114341832697	-0,00084642181172967	-0,00100469507742673	-0,00116296834312379	-0,000688148604240268	-0,00100469507742673	-0,000688148604240268	-0,00132124160882086	-0,000688148604240268	44974,9756175347
54	0,385087082112	0,382829795833	1,491076646513	1,384753544334	0,045749012381	0,114341832697	-0,00084642181172967	-0,00084642181172967	-0,00132124160882086	-0,000688148604240268	-0,00100469507742673	-0,00100469507742673	-0,00132124160882086	-0,000529875338543206	44975,0771631134
55	0,384728148551	0,382486219036	1,48974940662	1,383559786509	0,045749012381	0,114341832697	-0,00100469507742673	-0,00100469507742673	-0,00116296834312379	-0,000688148604240268	-0,00100469507742673	-0,00100469507742673	-0,00132124160882086	-0,000688148604240268	44975,1788077431
56	0,384311581471	0,382106423043	1,488162609827	1,382190213548	0,045749012381	0,114341832697	-0,00100469507742673	-0,00100469507742673	-0,00116296834312379	-0,000688148604240268	-0,00100469507742673	-0,00100469507742673	-0,00132124160882086	-0,000688148604240268	44975,2802000926
57	0,383922062716	0,381730563874	1,48670157375	1,380864390844	0,045749012381	0,114341832697	-0,00100469507742673	-0,00100469507742673	-0,00116296834312379	-0,000688148604240268	-0,00100469507742673	-0,00100469507742673	-0,00132124160882086	-0,000688148604240268	44975,3815203588
58	0,383579662383	0,381371497684	1,485405942162	1,379602689528	0,045749012381	0,114341832697	-0,00084642181172967	-0,00100469507742673	-0,00116296834312379	-0,000688148604240268	-0,00084642181172967	-0,00084642181172967	-0,00132124160882086	-0,000529875338543206	44975,4828250579
59	0,383314094857	0,380929755785	1,48444068897	1,378022330833	0,045749012381	0,114341832697	-0,00100469507742673	-0,00100469507742673	-0,00116296834312379	-0,000688148604240268	-0,00084642181172967	-0,00100469507742673	-0,00116296834312379	-0,000688148604240268	44975,5840362269
60	0,382997937348	0,380623646243	1,48323479503	1,376958328249	0,045749012381	0,114341832697	-0,00100469507742673	-0,00084642181172967	-0,00116296834312379	-0,000688148604240268	-0,00084642181172967	-0,00084642181172967	-0,00116296834312379	-0,000688148604240268	44975,6852001042
61	0,382612387968	0,380241296695	1,481765028239	1,375568503189	0,045749012381	0,114341832697	-0,00084642181172967	-0,00084642181172967	-0,00116296834312379	-0,000688148604240268	-0,00084642181172967	-0,00100469507742673	-0,00116296834312379	-0,000688148604240268	44975,7861953819
62	0,382200724106	0,379901628748	1,480248385999	1,374323832907	0,045749012381	0,114341832697	-0,00084642181172967	-0,00084642181172967	-0,00116296834312379	-0,000688148604240268	-0,00100469507742673	-0,00084642181172967	-0,00132124160882086	-0,000688148604240268	44975,886994919
63	0,381932041373	0,379620103823	1,479210359278	1,373352739991	0,045749012381	0,114341832697	-0,00084642181172967	-0,00100469507742673	-0,00132124160882086	-0,000688148604240268	-0,00084642181172967	-0,00100469507742673	-0,00132124160882086	-0,000688148604240268	44975,9878895949
64	0,381504145524	0,379295836892	1,477585792137	1,372204956194	0,045749012381	0,114341832697	-0,00084642181172967	-0,00100469507742673	-0,00116296834312379	-0,000529875338543206	-0,00084642181172967	-0,00100469507742673	-0,00132124160882086	-0,000688148604240268	44976,0885487153
65	0,381162125397	0,378949653345	1,476296296175	1,370970885146	0,045749012381	0,114341832697	-0,00084642181172967	-0,00084642181172967	-0,00116296834312379	-0,000688148604240268	-0,00084642181172967	-0,00100469507742673	-0,00132124160882086	-0,000688148604240268	44976,1891397801
66	0,380845998322	0,378660341019	1,475099554142	1,369948190582	0,045749012381	0,114341832697	-0,00100469507742673	-0,00100469507742673	-0,00116296834312379	-0,000688148604240268	-0,00100469507742673	-0,00116296834312379	-0,00132124160882086	-0,000529875338543206	44976,2896227083
67	0,380512826199	0,378340050546	1,47384733784	1,36881988356	0,045749012381	0,114341832697	-0,00084642181172967	-0,00084642181172967	-0,00116296834312379	-0,000688148604240268	-0,00100469507742673	-0,00084642181172967	-0,00116296834312379	-0,000529875338543206	44976,3900485185
68	0,380231420672	0,378027433457	1,472778195529	1,367696655313	0,045749012381	0,114341832697	-0,00084642181172967	-0,00116296834312379	-0,00116296834312379	-0,000688148604240268	-0,00100469507742673	-0,00084642181172967	-0,00132124160882086	-0,000688148604240268	44976,490353588
69	0,379962360386	0,377735558886	1,471748717975	1,366666905017	0,045749012381	0,114341832697	-0,00100469507742673	-0,00100469507742673	-0,00116296834312379	-0,000529875338543206	-0,00084642181172967	-0,00084642181172967	-0,00132124160882086	-0,000688148604240268	44976,5905944213
70	0,379628956395	0,377425504465	1,470499118383	1,365560802268	0,045749012381	0,114341832697	-0,00100469507742673	-0,00100469507742673	-0,00132124160882086	-0,000688148604240268	-0,00100469507742673	-0,00100469507742673	-0,00132124160882086	-0,000688148604240268	44976,6907225347
71	0,37933807148	0,377121978994	1,46940486474	1,364466055136	0,045749012381	0,114341832697	-0,00100469507742673	-0,000688148604240268	-0,00116296834312379	-0,000688148604240268	-0,00100469507742673	-0,00100469507742673	-0,00132124160882086	-0,000688148604240268	44976,7907618634
72	0,37904593957	0,376862399085	1,468320943478	1,363542120078	0,045749012381	0,114341832697	-0,00084642181172967	-0,00084642181172967	-0,00116296834312379	-0,000688148604240268	-0,00100469507742673	-0,00084642181172967	-0,00116296834312379	-0,000688148604240268	44976,8907852199
73	0,37872111755	2,78914E-7	1,467086365241	9,051E-7	0,045749012381	0,114341832697	-0,000688148604240268	-0,00100469507742673	-0,00116296834312379	-0,000688148604240268	-0,00084642181172967	-0,00100469507742673	-0,00132124160882086	-0,000688148604240268	44976,997719213
74	7,62951094834821E-14	0,210969904254	2,85886919937209E-13	0,740472697522	0,046216282994	0,111440457404	-0,00100469507742673	-0,00100469507742673	-0,00116296834312379	-0,000688148604240268	-0,00100469507742673	-0,00084642181172967	-0,00116296834312379	-0,000529875338543206	44977,2499993287
75	0,386798772983	0,377537918737	1,494145918372	1,366365073435	0,046216282994	0,111440457404	-0,00084642181172967	-0,00100469507742673	-0,00116296834312379	-0,000688148604240268	-0,00100469507742673	-0,00116296834312379	-0,00116296834312379	-0,000688148604240268	44977,3505746759
76	0,379310100191	0,377177520774	1,468519005145	1,365123557984	0,046216282994	0,111440457404	-0,00084642181172967	-0,00100469507742673	-0,00132124160882086	-0,000688148604240268	-0,00084642181172967	-0,00084642181172967	-0,00132124160882086	-0,000688148604240268	44977,450029838
77	0,378998582061	0,376788799313	1,467300113908	1,363682277205	0,046216282994	0,111440457404	-0,000688148604240268	-0,00100469507742673	-0,00132124160882086	-0,000688148604240268	-0,00116296834312379	-0,00084642181172967	-0,00116296834312379	-0,000688148604240268	44977,5496162616
78	0,378516257063	0,376383154957	1,46557098256	1,362172226581	0,046216282994	0,111440457404	-0,00084642181172967	-0,00084642181172967	-0,00116296834312379	-0,000688148604240268	-0,00084642181172967	-0,00100469507742673	-0,00116296834312379	-0,000529875338543206	44977,6490470139
79	0,378083927144	0,376017640985	1,463970243136	1,360834577317	0,046216282994	0,111440457404	-0,00100469507742673	-0,00100469507742673	-0,00132124160882086	-0,000688148604240268	-0,00084642181172967	-0,00100469507742673	-0,00116296834312379	-0,000688148604240268	44977,7482777894
80	0,37780002472	0,375630144483	1,462965440538	1,359397133685	0,046216282994	0,111440457404	-0,00084642181172967	-0,00100469507742673	-0,00116296834312379	-0,000529875338543206	-0,00100469507742673	-0,00084642181172967	-0,00132124160882086	-0,000688148604240268	44977,8476314583
81	0,377420516838	0,37529949992	1,461593392778	1,358214154183	0,046216282994	0,111440457404	-0,00084642181172967	-0,00084642181172967	-0,00116296834312379	-0,000688148604240268	-0,00100469507742673	-0,00100469507742673	-0,00116296834312379	-0,000688148604240268	44977,9468121991
82	0,377136366941	0,375003711832	1,460546322458	1,357166920035	0,046216282994	0,111440457404	-0,00100469507742673	-0,00084642181172967	-0,00116296834312379	-0,000688148604240268	-0,00100469507742673	-0,000688148604240268	-0,00116296834312379	-0,000688148604240268	44978,0460966088
83	0,376801305741	0,37466276001	1,459322627257	1,355916315815	0,046216282994	0,111440457404	-0,00084642181172967	-0,00100469507742673	-0,00116296834312379	-0,000688148604240268	-0,00116296834312379	-0,00084642181172967	-0,00132124160882086	-0,000688148604240268	44978,1452420139
84	0,376478169217	0,374343704461	1,458145251456	1,354767703045	0,046216282994	0,111440457404	-0,00116296834312379	-0,00100469507742673	-0,00116296834312379	-0,000688148604240268	-0,00100469507742673	-0,00100469507742673	-0,00116296834312379	-0,000688148604240268	44978,2443089005
85	0,376167221719	0,374034985626	1,457001534689	1,353637802391	0,046216282994	0,111440457404	-0,00100469507742673	-0,00100469507742673	-0,00116296834312379	-0,000688148604240268	-0,00116296834312379	-0,00100469507742673	-0,00116296834312379	-0,000688148604240268	44978,3432770023
86	0,375866547436	0,373739234202	1,455885116324	1,352574905831	0,046216282994	0,111440457404	-0,00100469507742673	-0,00084642181172967	-0,00132124160882086	-0,000688148604240268	-0,00100469507742673	-0,00084642181172967	-0,00116296834312379	-0,000688148604240268	44978,4421265394
87	0,375576358439	0,373433058327	1,454825660883	1,351441324128	0,046216282994	0,111440457404	-0,000688148604240268	-0,00100469507742673	-0,00116296834312379	-0,000688148604240268	-0,00100469507742673	-0,00084642181172967	-0,00116296834312379	-0,000688148604240268	44978,5409974884
88	0,375265102138	0,373165717934	1,453656570209	1,350522146312	0,046216282994	0,111440457404	-0,00100469507742673	-0,00100469507742673	-0,00132124160882086	-0,000529875338543206	-0,00084642181172967	-0,00084642181172967	-0,00132124160882086	-0,000688148604240268	44978,6397542824
89	0,37498150911	0,372844078522	1,45259653097	1,349336148354	0,046216282994	0,111440457404	-0,00116296834312379	-0,00100469507742673	-0,00116296834312379	-0,000688148604240268	-0,00100469507742673	-0,00100469507742673	-0,00132124160882086	-0,000688148604240268	44978,7383450232
90	0,37466629291	0,37250440655	1,451451408037	1,348071934617	0,046216282994	0,111440457404	-0,00084642181172967	-0,00100469507742673	-0,00116296834312379	-0,000688148604240268	-0,00100469507742673	-0,00100469507742673	-0,00116296834312379	-0,000688148604240268	44978,8368663542
91	0,374345160359	0,372207328441	1,450346243281	1,346993583432	0,046216282994	0,111440457404	-0,00100469507742673	-0,00084642181172967	-0,00132124160882086	-0,000688148604240268	-0,00084642181172967	-0,00084642181172967	-0,00116296834312379	-0,000688148604240268	44978,9353878009
92	0,374081155782	0,371945098126	1,449368368008	1,346088919742	0,046216282994	0,111440457404	-0,00100469507742673	-0,00100469507742673	-0,00116296834312379	-0,000688148604240268	-0,00100469507742673	-0,00100469507742673	-0,00116296834312379	-0,000529875338543206	44979,0339748264
93	0,373731308765	0,371602827245	1,448053974741	1,344823104552	0,046216282994	0,111440457404	-0,00100469507742673	-0,000688148604240268	-0,00116296834312379	-0,000688148604240268	-0,00100469507742673	-0,00084642181172967	-0,00116296834312379	-0,000688148604240268	44979,1322234491
94	0,373495312487	0,371376791751	1,447222884564	1,344014573082	0,046216282994	0,111440457404	-0,00100469507742673	-0,00084642181172967	-0,00116296834312379	-0,000688148604240268	-0,00084642181172967	-0,00100469507742673	-0,00116296834312379	-0,000688148604240268	44979,2305798958
95	0,373206469471	0,371115828567	1,446137856856	1,343083019149	0,046216282994	0,111440457404	-0,00084642181172967	-0,00100469507742673	-0,00132124160882086	-0,000529875338543206	-0,00100469507742673	-0,00100469507742673	-0,00116296834312379	-0,000688148604240268	44979,3288332755
96	0,372974820413	0,370891059151	1,445285962643	1,342306896382	0,046216282994	0,111440457404	-0,00100469507742673	-0,00100469507742673	-0,00132124160882086	-0,000688148604240268	-0,00100469507742673	-0,000688148604240268	-0,00132124160882086	-0,000688148604240268	44979,4270751389
97	0,372760475465	0,370668964509	1,444466406542	1,341525149566	0,046216282994	0,111440457404	-0,00100469507742673	-0,00116296834312379	-0,00116296834312379	-0,000688148604240268	-0,00100469507742673	-0,00084642181172967	-0,00116296834312379	-0,000688148604240268	44979,5252554977
98	0,372553143989	0,370483017647	1,443655289775	1,340886770924	0,046216282994	0,111440457404	-0,00100469507742673	-0,000688148604240268	-0,00116296834312379	-0,000688148604240268	-0,00100469507742673	-0,00100469507742673	-0,00116296834312379	-0,000688148604240268	44979,6234267708
99	0,372306307493	0,370232355998	1,442707913549	1,340013021411	0,046216282994	0,111440457404	-0,00100469507742673	-0,00100469507742673	-0,00116296834312379	-0,000688148604240268	-0,00084642181172967	-0,00100469507742673	-0,00116296834312379	-0,000688148604240268	44979,7214701968
100	0,372092445927	0,369985707262	1,441900200973	1,339125552225	0,046216282994	0,111440457404	-0,00100469507742673	-0,00084642181172967	-0,00116296834312379	-0,000529875338543206	-0,00084642181172967	-0,00084642181172967	-0,00116296834312379	-0,000688148604240268	44979,8194325463
101	0,371826430909	0,369710629908	1,440734912265	1,338130580921	0,046216282994	0,111440457404	-0,00100469507742673	-0,00100469507742673	-0,00132124160882086	-0,000688148604240268	-0,00084642181172967	-0,00084642181172967	-0,00132124160882086	-0,000688148604240268	44979,9175447917
102	0,371608950728	0,369492282843	1,440133071795	1,33734213243	0,046216282994	0,111440457404	-0,00100469507742673	-0,00116296834312379	-0,00116296834312379	-0,000688148604240268	-0,00100469507742673	-0,00100469507742673	-0,00116296834312379	-0,000688148604240268	44980,0154035995
103	0,371391084158	0,369231381119	1,439333347756	1,33639641467	0,046216282994	0,111440457404	-0,00100469507742673	-0,00084642181172967	-0,00132124160882086	-0,000688148604240268	-0,00084642181172967	-0,00100469507742673	-0,00116296834312379	-0,000688148604240268	44980,1132555671
104	0,371098843847	0,368956256295	1,438225112395	1,335423287741	0,046216282994	0,111440457404	-0,00084642181172967	-0,00100469507742673	-0,00116296834312379	-0,000529875338543206	-0,00084642181172967	-0,00084642181172967	-0,00132124160882086	-0,000688148604240268	44980,2109327662
105	0,370918151413	0,368762555728	1,437566084325	1,334764372494	0,046216282994	0,111440457404	-0,00084642181172967	-0,00100469507742673	-0,00132124160882086	-0,000688148604240268	-0,00100469507742673	-0,00084642181172967	-0,00132124160882086	-0,000529875338543206	44980,3087093403
106	0,370656261887	0,368548081486	1,436574565272	1,334026076265	0,046216282994	0,111440457404	-0,00084642181172967	-0,00116296834312379	-0,00116296834312379	-0,000688148604240268	-0,00084642181172967	-0,00084642181172967	-0,00132124160882086	-0,000688148604240268	44980,4063778241
107	0,370443109819	0,368333679301	1,435736988951	1,33327393123	0,046216282994	0,111440457404	-0,00084642181172967	-0,00100469507742673	-0,00116296834312379	-0,000688148604240268	-0,00084642181172967	-0,00100469507742673	-0,00116296834312379	-0,000688148604240268	44980,5039157407
108	0,3702472249	0,368143832273	1,434979524506	1,332618813574	0,046216282994	0,111440457404	-0,00084642181172967	-0,00100469507742673	-0,00116296834312379	-0,000529875338543206	-0,00100469507742673	-0,00100469507742673	-0,00116296834312379	-0,000688148604240268	44980,6014224537
109	0,37006118069	0,36792686382	1,43426583912	1,331848422838	0,046216282994	0,111440457404	-0,00116296834312379	-0,00084642181172967	-0,00116296834312379	-0,000688148604240268	-0,00100469507742673	-0,00100469507742673	-0,00116296834312379	-0,000688148604240268	44980,698904919
110	0,369832452425	0,367685314987	1,433397755153	1,330984880217	0,046216282994	0,111440457404	-0,00100469507742673	-0,00084642181172967	-0,00116296834312379	-0,000688148604240268	-0,00084642181172967	-0,00100469507742673	-0,00116296834312379	-0,000529875338543206	44980,7962788889
111	0,369602207605	0,367464466922	1,432569957475	1,33016279056	0,046216282994	0,111440457404	-0,00084642181172967	-0,00084642181172967	-0,00116296834312379	-0,000688148604240268	-0,00100469507742673	-0,00116296834312379	-0,00116296834312379	-0,000688148604240268	44980,8936514005
112	0,369361550962	0,36722804046	1,431685926412	1,329322044507	0,046216282994	0,111440457404	-0,00100469507742673	-0,00100469507742673	-0,00116296834312379	-0,000688148604240268	-0,00100469507742673	-0,00100469507742673	-0,00116296834312379	-0,000688148604240268	44980,9909577083
113	0,369125232523	0,366995574137	1,430807113555	1,328463278211	0,046216282994	0,111440457404	-0,00100469507742673	-0,000688148604240268	-0,00116296834312379	-0,000688148604240268	-0,00084642181172967	-0,00100469507742673	-0,00132124160882086	-0,000688148604240268	44981,0881257523
114	0,368928348999	0,366804409959	1,430087211106	1,327796039917	0,046216282994	0,111440457404	-0,00100469507742673	-0,00084642181172967	-0,00116296834312379	-0,000688148604240268	-0,00100469507742673	-0,00100469507742673	-0,00116296834312379	-0,000688148604240268	44981,1853560301
115	0,368674084925	0,366573217765	1,429125189957	1,326951336155	0,046216282994	0,111440457404	-0,00100469507742673	-0,00100469507742673	-0,00116296834312379	-0,000688148604240268	-0,00116296834312379	-0,00100469507742673	-0,00132124160882086	-0,000688148604240268	44981,2823641435
116	0,368518213064	0,366437550647	1,428558422621	1,326492708796	0,046216282994	0,111440457404	-0,00100469507742673	-0,00084642181172967	-0,00116296834312379	-0,000688148604240268	-0,00100469507742673	-0,00084642181172967	-0,00116296834312379	-0,000688148604240268	44981,3794343403
117	0,368330851972	0,366245089876	1,427840356421	1,325819410926	0,046216282994	0,111440457404	-0,00084642181172967	-0,00084642181172967	-0,00116296834312379	-0,000688148604240268	-0,00100469507742673	-0,00100469507742673	-0,00132124160882086	-0,000688148604240268	44981,4765091551
118	0,368165002778	0,366064247156	1,427218870994	1,325181160742	0,046216282994	0,111440457404	-0,00084642181172967	-0,00100469507742673	-0,00132124160882086	-0,000688148604240268	-0,00084642181172967	-0,00084642181172967	-0,00116296834312379	-0,000688148604240268	44981,5735503356
119	0,367955173543	0,365858898659	1,426412252272	1,324445348253	0,046216282994	0,111440457404	-0,000688148604240268	-0,00100469507742673	-0,00116296834312379	-0,000688148604240268	-0,00084642181172967	-0,00084642181172967	-0,00116296834312379	-0,000688148604240268	44981,6704479398
120	0,367787451262	0,365699997137	1,425790856988	1,323898126735	0,046216282994	0,111440457404	-0,00100469507742673	-0,00084642181172967	-0,00116296834312379	-0,000688148604240268	-0,00100469507742673	-0,00116296834312379	-0,00132124160882086	-0,000688148604240268	44981,7673816782
121	0,367592887609	0,365486881797	1,425065316999	1,323118105413	0,046216282994	0,111440457404	-0,00084642181172967	-0,00100469507742673	-0,00116296834312379	-0,000529875338543206	-0,00084642181172967	-0,00084642181172967	-0,00116296834312379	-0,000688148604240268	44981,8642753241
122	0,367362421487	0,365268590471	1,424213245841	1,322305052916	0,046216282994	0,111440457404	-0,00116296834312379	-0,00100469507742673	-0,00116296834312379	-0,000688148604240268	-0,00100469507742673	-0,00100469507742673	-0,00116296834312379	-0,000529875338543206	44981,9610513426
123	0,367158692376	0,36505810498	1,423465381832	1,321535146923	0,046216282994	0,111440457404	-0,00100469507742673	-0,00100469507742673	-0,00132124160882086	-0,000529875338543206	-0,00116296834312379	-0,00084642181172967	-0,00132124160882086	-0,000688148604240268	44982,0577375232
124	0,366970674445	2,78066E-7	1,422805948097	9,00144E-7	0,046216282994	0,111440457404	-0,00084642181172967	-0,00084642181172967	-0,00116296834312379	-0,000688148604240268	-0,00100469507742673	-0,00084642181172967	-0,00116296834312379	-0,000688148604240268	44982,1614779167
125	0	0,200889196203	0	0,705214233532	0,049560785294	0,116256691515	-0,00100469507742673	-0,00100469507742673	-0,00100469507742673	-0,00084642181172967	-0,00100469507742673	-0,00084642181172967	-0,00116296834312379	-0,000688148604240268	44982,4067515162
126	0,374771455058	0,365798175378	1,449136503755	1,324467380348	0,049560785294	0,116256691515	-0,00084642181172967	-0,00084642181172967	-0,00116296834312379	-0,000529875338543206	-0,00100469507742673	-0,00084642181172967	-0,00116296834312379	-0,000688148604240268	44982,5041857986
127	0,367738004	0,365551490404	1,4251818477	1,323554833601	0,049560785294	0,116256691515	-0,00084642181172967	-0,00100469507742673	-0,00116296834312379	-0,000688148604240268	-0,00100469507742673	-0,00100469507742673	-0,00116296834312379	-0,000688148604240268	44982,6008034491
128	0,36747393392	0,365290514929	1,424149291947	1,322639319081	0,049560785294	0,116256691515	-0,00116296834312379	-0,00100469507742673	-0,00132124160882086	-0,000529875338543206	-0,00100469507742673	-0,00084642181172967	-0,00116296834312379	-0,000688148604240268	44982,6973156829
129	0,367240433691	0,365045133329	1,423295887679	1,321732152017	0,049560785294	0,116256691515	-0,00100469507742673	-0,00100469507742673	-0,00116296834312379	-0,000688148604240268	-0,00084642181172967	-0,00100469507742673	-0,00116296834312379	-0,000688148604240268	44982,7939434144
130	0,366919440898	0,364755840289	1,422147421794	1,320634915307	0,049560785294	0,116256691515	-0,00100469507742673	-0,00100469507742673	-0,00116296834312379	-0,000688148604240268	-0,00084642181172967	-0,00100469507742673	-0,00116296834312379	-0,000688148604240268	44982,8903578704
131	0,36667052216	0,364536263175	1,421242740354	1,319852031956	0,049560785294	0,116256691515	-0,00084642181172967	-0,00100469507742673	-0,00116296834312379	-0,000688148604240268	-0,00084642181172967	-0,00084642181172967	-0,00116296834312379	-0,000688148604240268	44982,9867610532
132	0,366417672791	0,36427920609	1,42033088745	1,318877923667	0,049560785294	0,116256691515	-0,00132124160882086	-0,00100469507742673	-0,00132124160882086	-0,000688148604240268	-0,00100469507742673	-0,00100469507742673	-0,00116296834312379	-0,000688148604240268	44983,0830552894
133	0,366198660714	0,364076472606	1,419577273373	1,318120527269	0,049560785294	0,116256691515	-0,00116296834312379	-0,00084642181172967	-0,00116296834312379	-0,000688148604240268	-0,00084642181172967	-0,00100469507742673	-0,00116296834312379	-0,000688148604240268	44983,1794058912
134	0,366002128318	0,363902060079	1,418859142548	1,317508487378	0,049560785294	0,116256691515	-0,00084642181172967	-0,00100469507742673	-0,00116296834312379	-0,000688148604240268	-0,00100469507742673	-0,00084642181172967	-0,00116296834312379	-0,000688148604240268	44983,2757693634
135	0,365805276757	0,363708337472	1,418118059171	1,316823120703	0,049560785294	0,116256691515	-0,00084642181172967	-0,00100469507742673	-0,00116296834312379	-0,000688148604240268	-0,00084642181172967	-0,00100469507742673	-0,00116296834312379	-0,000529875338543206	44983,3720035069
136	0,365581215589	0,363505495904	1,417092544088	1,316080584799	0,049560785294	0,116256691515	-0,00100469507742673	-0,00100469507742673	-0,00132124160882086	-0,000688148604240268	-0,00100469507742673	-0,00084642181172967	-0,00116296834312379	-0,000688148604240268	44983,4692247917
137	0,36542814394	0,363319564089	1,416747774736	1,315387998239	0,049560785294	0,116256691515	-0,00084642181172967	-0,00084642181172967	-0,00116296834312379	-0,000688148604240268	-0,00084642181172967	-0,00084642181172967	-0,00116296834312379	-0,000688148604240268	44983,5654059491
138	0,365197682022	0,363190181996	1,415759037631	1,315181781832	0,049560785294	0,116256691515	-0,00084642181172967	-0,00100469507742673	-0,00132124160882086	-0,000688148604240268	-0,00084642181172967	-0,00084642181172967	-0,00132124160882086	-0,000688148604240268	44983,6620903009
139	0,365107188538	0,362956593921	1,415590194959	1,314053686021	0,049560785294	0,116256691515	-0,00084642181172967	-0,00084642181172967	-0,00116296834312379	-0,000688148604240268	-0,00084642181172967	-0,00084642181172967	-0,00132124160882086	-0,000688148604240268	44983,7581677894
140	0,36483660344	0,362764114924	1,414594253656	1,313358105153	0,049560785294	0,116256691515	-0,00100469507742673	-0,00084642181172967	-0,00116296834312379	-0,000688148604240268	-0,00100469507742673	-0,00100469507742673	-0,00116296834312379	-0,000688148604240268	44983,8541864352
141	0,364663494127	0,362578148775	1,413954359452	1,312681367986	0,049560785294	0,116256691515	-0,00100469507742673	-0,00084642181172967	-0,00116296834312379	-0,000688148604240268	-0,00084642181172967	-0,00116296834312379	-0,00116296834312379	-0,000688148604240268	44983,950210463
142	0,364466856158	0,362386990531	1,413233038726	1,311987570792	0,049560785294	0,116256691515	-0,00100469507742673	-0,00100469507742673	-0,00116296834312379	-0,000688148604240268	-0,00100469507742673	-0,00100469507742673	-0,00116296834312379	-0,000688148604240268	44984,0461527893
143	0,364318590285	0,362234601858	1,41269703153	1,311449139629	0,049560785294	0,116256691515	-0,00100469507742673	-0,00084642181172967	-0,00116296834312379	-0,000529875338543206	-0,00084642181172967	-0,00084642181172967	-0,00116296834312379	-0,000688148604240268	44984,1421845255
144	0,364130285753	0,362054964598	1,411989553007	1,310802238098	0,049560785294	0,116256691515	-0,00100469507742673	-0,00084642181172967	-0,00116296834312379	-0,000688148604240268	-0,00084642181172967	-0,00084642181172967	-0,00116296834312379	-0,000688148604240268	44984,2380696875
145	0,363967778461	0,361874204107	1,411384400038	1,310154744127	0,049560785294	0,116256691515	-0,00084642181172967	-0,00084642181172967	-0,00116296834312379	-0,000688148604240268	-0,00100469507742673	-0,00100469507742673	-0,00116296834312379	-0,000688148604240268	44984,3339280787
146	0,36376809532	0,361706338333	1,41066630437	1,30956380154	0,049560785294	0,116256691515	-0,00100469507742673	-0,00100469507742673	-0,00116296834312379	-0,000688148604240268	-0,00100469507742673	-0,00116296834312379	-0,00116296834312379	-0,000688148604240268	44984,4296780556
147	0,363641496138	0,361544842994	1,410207721717	1,308920825755	0,049560785294	0,116256691515	-0,00084642181172967	-0,00100469507742673	-0,00132124160882086	-0,000688148604240268	-0,00084642181172967	-0,00084642181172967	-0,00132124160882086	-0,000688148604240268	44984,5255145833
148	0,366395796501	0,363186460062	1,419397384534	1,315321478438	0,049560785294	0,116256691515	-0,00116296834312379	-0,00100469507742673	-0,00116296834312379	-0,000688148604240268	-0,00100469507742673	-0,00084642181172967	-0,00116296834312379	-0,000688148604240268	44984,8119463889
149	0,364812545976	0,362838968054	1,414151450369	1,313918913118	0,049560785294	0,116256691515	-0,00084642181172967	-0,000688148604240268	-0,00132124160882086	-0,000688148604240268	-0,000688148604240268	-0,00116296834312379	-0,00116296834312379	-0,000529875338543206	44984,9077148148
150	0,36436386993	0,362442474027	1,412507333054	1,312477543266	0,049560785294	0,116256691515	-0,000688148604240268	-0,00084642181172967	-0,00116296834312379	-0,000529875338543206	-0,00084642181172967	-0,00084642181172967	-0,00116296834312379	-0,000688148604240268	44985,0033691204
151	0,363985442426	0,362087259257	1,411119890532	1,311198561965	0,049560785294	0,116256691515	-0,00100469507742673	-0,00084642181172967	-0,00116296834312379	-0,000688148604240268	-0,00100469507742673	-0,00100469507742673	-0,00116296834312379	-0,000688148604240268	44985,0989240509
152	0,363621284872	0,361795403761	1,409786229136	1,310139621502	0,049560785294	0,116256691515	-0,00100469507742673	-0,00100469507742673	-0,00116296834312379	-0,000688148604240268	-0,00084642181172967	-0,00084642181172967	-0,00116296834312379	-0,000688148604240268	44985,1943784259
153	0,363376937652	0,361537057076	1,408902746882	1,309226107359	0,049560785294	0,116256691515	-0,00084642181172967	-0,00084642181172967	-0,00116296834312379	-0,000688148604240268	-0,00084642181172967	-0,00100469507742673	-0,00116296834312379	-0,000529875338543206	44985,2898223264
154	0,363106154205	0,361261925257	1,40790002454	1,308309248094	0,049560785294	0,116256691515	-0,00084642181172967	-0,00100469507742673	-0,00116296834312379	-0,000688148604240268	-0,00084642181172967	-0,00084642181172967	-0,00116296834312379	-0,000688148604240268	44985,3851091319
155	0,362906037516	0,360995897986	1,407120546432	1,307345271928	0,049560785294	0,116256691515	-0,00100469507742673	-0,00100469507742673	-0,00116296834312379	-0,000688148604240268	-0,00100469507742673	-0,00084642181172967	-0,00116296834312379	-0,000688148604240268	44985,4803033449
156	0,362683725199	0,360790454331	1,406331066238	1,306599944384	0,049560785294	0,116256691515	-0,00100469507742673	-0,00100469507742673	-0,00116296834312379	-0,000529875338543206	-0,00100469507742673	-0,00084642181172967	-0,00116296834312379	-0,000688148604240268	44985,575560625
157	0,362444317582	0,360569593129	1,405469029071	1,305800232366	0,049560785294	0,116256691515	-0,00084642181172967	-0,00100469507742673	-0,00116296834312379	-0,000688148604240268	-0,00084642181172967	-0,00084642181172967	-0,00116296834312379	-0,000688148604240268	44985,6707989352
158	0,362189852633	0,360348678735	1,404532757861	1,304990286622	0,049560785294	0,116256691515	-0,00084642181172967	-0,00084642181172967	-0,00116296834312379	-0,000688148604240268	-0,00084642181172967	-0,00100469507742673	-0,00116296834312379	-0,000529875338543206	44985,7659025231
159	0,361961773799	0,360135590733	1,403700956237	1,304215949862	0,049560785294	0,116256691515	-0,00084642181172967	-0,00100469507742673	-0,00116296834312379	-0,000688148604240268	-0,00084642181172967	-0,00100469507742673	-0,00116296834312379	-0,000688148604240268	44985,8608720139
160	0,361775249074	0,359941838455	1,403042968242	1,303525959301	0,049560785294	0,116256691515	-0,00100469507742673	-0,00100469507742673	-0,00116296834312379	-0,000688148604240268	-0,00084642181172967	-0,00100469507742673	-0,00116296834312379	-0,000688148604240268	44985,9558999306
161	0,361584461199	0,359758484141	1,40236650734	1,302872641451	0,049560785294	0,116256691515	-0,00084642181172967	-0,00084642181172967	-0,00116296834312379	-0,000529875338543206	-0,00084642181172967	-0,00100469507742673	-0,00116296834312379	-0,000688148604240268	44986,0509271875
162	0,361400617224	0,359579040587	1,401708566881	1,302220010547	0,049560785294	0,116256691515	-0,00084642181172967	-0,00084642181172967	-0,00116296834312379	-0,000688148604240268	-0,00084642181172967	-0,00084642181172967	-0,00116296834312379	-0,000688148604240268	44986,1459278009
163	0,361196398695	0,359400663682	1,400952116685	1,301586319452	0,049560785294	0,116256691515	-0,00100469507742673	-0,00084642181172967	-0,00116296834312379	-0,000688148604240268	-0,00100469507742673	-0,00100469507742673	-0,00116296834312379	-0,000688148604240268	44986,2407989352
164	0,361056684281	0,359277934521	1,400451940706	1,301152900538	0,049560785294	0,116256691515	-0,00100469507742673	-0,00100469507742673	-0,00116296834312379	-0,000529875338543206	-0,00100469507742673	-0,00100469507742673	-0,00116296834312379	-0,000529875338543206	44986,3357465509
165	0,360880173002	0,359288298152	1,399795435208	1,314552045085	0,049560785294	0,116256691515	-0,00084642181172967	-0,00084642181172967	-0,00116296834312379	-0,000688148604240268	-0,00084642181172967	-0,00084642181172967	-0,00116296834312379	-0,000688148604240268	44986,430604213
166	0,360879935455	0,358809081789	1,399874212489	1,29911019847	0,049560785294	0,116256691515	-0,00084642181172967	-0,000688148604240268	-0,00116296834312379	-0,000688148604240268	-0,00100469507742673	-0,00100469507742673	-0,00116296834312379	-0,000688148604240268	44986,5255984954
167	0,360401680602	0,358667022415	1,398266551373	1,298614755817	0,049560785294	0,116256691515	-0,00084642181172967	-0,00084642181172967	-0,00116296834312379	-0,000688148604240268	-0,00100469507742673	-0,00100469507742673	-0,00116296834312379	-0,000688148604240268	44986,6204952199
168	0,360307741512	0,022431410625	1,397901101927	0,076403281328	0,049560785294	0,116256691515	-0,00084642181172967	-0,00100469507742673	-0,00116296834312379	-0,000688148604240268	-0,00084642181172967	-0,00084642181172967	-0,00116296834312379	-0,000529875338543206	44986,6852706366
169	1,6404E-8	0,335230281945	6,7693E-8	1,203818385564	0,049560785294	0,116256691515	-0,00084642181172967	-0,00084642181172967	-0,00084642181172967	-0,00084642181172967	-0,00084642181172967	-0,00100469507742673	-0,00116296834312379	-0,000688148604240268	44986,7478444444
170	0,360121419941	0,358287255879	1,397045344665	1,29736645508	0,049560785294	0,116256691515	-0,00084642181172967	-0,00100469507742673	-0,00116296834312379	-0,000688148604240268	-0,00084642181172967	-0,00100469507742673	-0,00132124160882086	-0,000688148604240268	44986,8426139352
171	0,360071902312	0,358264047966	1,396898294837	1,29728921436	0,049560785294	0,116256691515	-0,00084642181172967	-0,00084642181172967	-0,00116296834312379	-0,000688148604240268	-0,00084642181172967	-0,00084642181172967	-0,00116296834312379	-0,000688148604240268	44986,9373984375
172	0,36001970588	0,358202074721	1,396675015281	1,29704438192	0,049560785294	0,116256691515	-0,00084642181172967	-0,00100469507742673	-0,00116296834312379	-0,000688148604240268	-0,00084642181172967	-0,00084642181172967	-0,00116296834312379	-0,000688148604240268	44987,0321256713
173	0,359942289507	0,358112951648	1,396379598355	1,29670369514	0,049560785294	0,116256691515	-0,00100469507742673	-0,00100469507742673	-0,00116296834312379	-0,000688148604240268	-0,00100469507742673	-0,00084642181172967	-0,00116296834312379	-0,000688148604240268	44987,1267913889
174	0,359851009619	0,358038010142	1,396024145472	1,296439280143	0,049560785294	0,116256691515	-0,00084642181172967	-0,00084642181172967	-0,00116296834312379	-0,000688148604240268	-0,00084642181172967	-0,00084642181172967	-0,00116296834312379	-0,000688148604240268	44987,2215070833
175	0,359770814104	2,98623E-7	1,395696217544	9,61536E-7	0,049560785294	0,116256691515	-0,00100469507742673	-0,00084642181172967	-0,00116296834312379	-0,000529875338543206	-0,00084642181172967	-0,00084642181172967	-0,00116296834312379	-0,000688148604240268	44987,3231883912
176	0	0,194517042496	0	0,683019149575	0,05077784881	0,118343703449	-0,000688148604240268	-0,00100469507742673	-0,00100469507742673	-0,000529875338543206	-0,00084642181172967	-0,00084642181172967	-0,00116296834312379	-0,000688148604240268	44987,5640410995
177	0,36679707257	0,358818197782	1,419473031179	1,299419554996	0,05077784881	0,118343703449	-0,00084642181172967	-0,00100469507742673	-0,00116296834312379	-0,000688148604240268	-0,00084642181172967	-0,00100469507742673	-0,00116296834312379	-0,000529875338543206	44987,6594227778
178	0,360575118684	0,358705840306	1,398308116478	1,298984525114	0,05077784881	0,118343703449	-0,00100469507742673	-0,00100469507742673	-0,00116296834312379	-0,000688148604240268	-0,00084642181172967	-0,00084642181172967	-0,00116296834312379	-0,000688148604240268	44987,7541467361
179	0,360424706395	0,358550773676	1,397715722311	1,298410960993	0,05077784881	0,118343703449	-0,00084642181172967	-0,000688148604240268	-0,00116296834312379	-0,000529875338543206	-0,00084642181172967	-0,00084642181172967	-0,00116296834312379	-0,000529875338543206	44987,8488635532
180	0,360233151624	0,358367393506	1,396971522727	1,297715315713	0,05077784881	0,118343703449	-0,00084642181172967	-0,00084642181172967	-0,00116296834312379	-0,000529875338543206	-0,00084642181172967	-0,00084642181172967	-0,00116296834312379	-0,000688148604240268	44987,9433777894
181	0,360098877427	0,358230424076	1,396475150022	1,297224280046	0,05077784881	0,118343703449	-0,00100469507742673	-0,00084642181172967	-0,00116296834312379	-0,000688148604240268	-0,00084642181172967	-0,00100469507742673	-0,00116296834312379	-0,000529875338543206	44988,0380117361
182	0,359940812916	0,358089713218	1,395895082796	1,296712669848	0,05077784881	0,118343703449	-0,00100469507742673	-0,00084642181172967	-0,00116296834312379	-0,000688148604240268	-0,00084642181172967	-0,00084642181172967	-0,00116296834312379	-0,000529875338543206	44988,1326323727
183	0,35978794466	0,357921760131	1,395327504139	1,29607999363	0,05077784881	0,118343703449	-0,00100469507742673	-0,00084642181172967	-0,00116296834312379	-0,000688148604240268	-0,00100469507742673	-0,00100469507742673	-0,00116296834312379	-0,000529875338543206	44988,2271796065
184	0,359628484599	0,357766758138	1,394750581475	1,295494088156	0,05077784881	0,118343703449	-0,00084642181172967	-0,00084642181172967	-0,00116296834312379	-0,000688148604240268	-0,00084642181172967	-0,00084642181172967	-0,00116296834312379	-0,000529875338543206	44988,3217171065
185	0,359442232595	0,357591111539	1,394084799245	1,294820843332	0,05077784881	0,118343703449	-0,00084642181172967	-0,00100469507742673	-0,00116296834312379	-0,000688148604240268	-0,00084642181172967	-0,00084642181172967	-0,00116296834312379	-0,000688148604240268	44988,416181412
186	0,359286970022	0,357449023132	1,393527743487	1,294293714434	0,05077784881	0,118343703449	-0,00084642181172967	-0,00100469507742673	-0,00116296834312379	-0,000529875338543206	-0,00100469507742673	-0,00100469507742673	-0,00116296834312379	-0,000529875338543206	44988,5105991551
187	0,359162528248	0,357314697326	1,393095355887	1,293763706546	0,05077784881	0,118343703449	-0,00084642181172967	-0,00084642181172967	-0,00116296834312379	-0,000688148604240268	-0,00100469507742673	-0,00084642181172967	-0,00116296834312379	-0,000688148604240268	44988,6050709375
188	0,358984943858	0,357164922397	1,392466811021	1,293192049751	0,05077784881	0,118343703449	-0,00084642181172967	-0,00084642181172967	-0,00116296834312379	-0,000688148604240268	-0,00084642181172967	-0,00084642181172967	-0,00116296834312379	-0,000688148604240268	44988,6994487616
189	0,358810540196	0,357012448528	1,391843091379	1,292612852384	0,05077784881	0,118343703449	-0,00084642181172967	-0,00084642181172967	-0,00116296834312379	-0,000529875338543206	-0,00116296834312379	-0,00100469507742673	-0,00116296834312379	-0,000688148604240268	44988,7937654167
190	0,358708892507	0,356925905079	1,391469024428	1,29231977048	0,05077784881	0,118343703449	-0,00084642181172967	-0,00084642181172967	-0,00116296834312379	-0,000688148604240268	-0,00084642181172967	-0,00084642181172967	-0,00132124160882086	-0,000688148604240268	44988,8882230671
191	0,35853596141	0,356765821832	1,390828729127	1,291728067628	0,05077784881	0,118343703449	-0,00100469507742673	-0,000688148604240268	-0,00116296834312379	-0,000688148604240268	-0,00084642181172967	-0,00084642181172967	-0,00116296834312379	-0,000529875338543206	44988,9825717014
192	0,358372195351	0,356608180878	1,390224758316	1,291133072355	0,05077784881	0,118343703449	-0,00084642181172967	-0,00084642181172967	-0,00116296834312379	-0,000529875338543206	-0,00084642181172967	-0,00100469507742673	-0,00116296834312379	-0,000688148604240268	44989,0768653588
193	0,358239272137	0,356464816644	1,389744745207	1,290612596779	0,05077784881	0,118343703449	-0,00084642181172967	-0,00116296834312379	-0,00116296834312379	-0,000529875338543206	-0,00100469507742673	-0,00100469507742673	-0,00116296834312379	-0,000688148604240268	44989,1711151157
194	0,358135352007	0,3563550585	1,389379844964	1,290216938004	0,05077784881	0,118343703449	-0,000688148604240268	-0,000688148604240268	-0,00116296834312379	-0,000688148604240268	-0,00084642181172967	-0,00100469507742673	-0,00116296834312379	-0,000688148604240268	44989,2653939005
195	0,358005319197	0,356236157661	1,38890374864	1,289770475581	0,05077784881	0,118343703449	-0,00100469507742673	-0,00084642181172967	-0,00116296834312379	-0,000529875338543206	-0,00084642181172967	-0,00084642181172967	-0,00116296834312379	-0,000529875338543206	44989,3596778472
196	0,357893025472	0,356108371193	1,388503683743	1,289278494962	0,05077784881	0,118343703449	-0,00084642181172967	-0,00084642181172967	-0,00116296834312379	-0,000529875338543206	-0,000688148604240268	-0,00100469507742673	-0,00116296834312379	-0,000688148604240268	44989,4539192593
197	0,357794189516	0,356020536659	1,388162062339	1,288947672365	0,05077784881	0,118343703449	-0,00084642181172967	-0,00084642181172967	-0,00116296834312379	-0,000688148604240268	-0,00084642181172967	-0,00084642181172967	-0,00116296834312379	-0,000529875338543206	44989,5482640162
198	0,357629810115	0,355857773549	1,387539217695	1,288344942121	0,05077784881	0,118343703449	-0,00084642181172967	-0,00100469507742673	-0,00116296834312379	-0,000688148604240268	-0,00100469507742673	-0,00084642181172967	-0,00116296834312379	-0,000529875338543206	44989,6424317824
199	0,357496287118	0,355740131577	1,38704225035	1,287924658544	0,05077784881	0,118343703449	-0,00100469507742673	-0,00084642181172967	-0,00116296834312379	-0,000688148604240268	-0,00084642181172967	-0,00100469507742673	-0,00116296834312379	-0,000529875338543206	44989,7365840046
200	0,357383522596	0,35563039823	1,386630483507	1,287536442883	0,05077784881	0,118343703449	-0,00084642181172967	-0,00100469507742673	-0,00116296834312379	-0,000688148604240268	-0,00084642181172967	-0,00100469507742673	-0,00116296834312379	-0,000529875338543206	44989,8306631134
201	0,357273117837	0,355515459859	1,386227320072	1,287112745654	0,05077784881	0,118343703449	-0,00100469507742673	-0,00100469507742673	-0,00116296834312379	-0,000688148604240268	-0,00084642181172967	-0,000688148604240268	-0,00116296834312379	-0,000688148604240268	44989,9247996528
202	0,357142816944	0,355381104596	1,385757351504	1,286602097242	0,05077784881	0,118343703449	-0,000688148604240268	-0,00100469507742673	-0,00116296834312379	-0,000529875338543206	-0,00100469507742673	-0,00084642181172967	-0,00116296834312379	-0,000529875338543206	44990,0188718287
203	0,357038734109	0,355276473907	1,385386978123	1,2862212245	0,05077784881	0,118343703449	-0,00084642181172967	-0,00084642181172967	-0,00116296834312379	-0,000688148604240268	-0,00100469507742673	-0,00100469507742673	-0,00116296834312379	-0,000688148604240268	44990,1129903704
204	0,356910787252	0,355153752801	1,384905853999	1,285756004517	0,05077784881	0,118343703449	-0,00084642181172967	-0,000688148604240268	-0,00116296834312379	-0,000529875338543206	-0,00084642181172967	-0,00084642181172967	-0,00116296834312379	-0,000529875338543206	44990,2070603241
205	0,356806637932	0,35505564619	1,384531697319	1,285420990275	0,05077784881	0,118343703449	-0,00084642181172967	-0,00084642181172967	-0,00116296834312379	-0,000688148604240268	-0,00100469507742673	-0,00084642181172967	-0,00116296834312379	-0,000688148604240268	44990,3011620139
206	0,356659706331	0,354930356904	1,383980328865	1,284959690473	0,05077784881	0,118343703449	-0,00084642181172967	-0,00084642181172967	-0,00116296834312379	-0,000529875338543206	-0,00100469507742673	-0,00084642181172967	-0,00116296834312379	-0,000529875338543206	44990,3951425694
207	0,356572227624	0,354833497297	1,383646963507	1,284612498732	0,05077784881	0,118343703449	-0,00100469507742673	-0,00100469507742673	-0,00116296834312379	-0,000529875338543206	-0,00100469507742673	-0,00100469507742673	-0,00116296834312379	-0,000688148604240268	44990,4891792708
208	0,356427144952	0,354701677362	1,383095982317	1,284120541023	0,05077784881	0,118343703449	-0,00084642181172967	-0,00084642181172967	-0,00116296834312379	-0,000688148604240268	-0,00084642181172967	-0,00084642181172967	-0,00116296834312379	-0,000529875338543206	44990,5830873495
209	0,356334735105	0,354599720817	1,382772769896	1,283735845141	0,05077784881	0,118343703449	-0,00084642181172967	-0,00084642181172967	-0,00116296834312379	-0,000529875338543206	-0,00084642181172967	-0,00084642181172967	-0,00132124160882086	-0,000529875338543206	44990,6770135417
210	0,356195989737	0,35448857707	1,382253777687	1,283342318376	0,05077784881	0,118343703449	-0,00084642181172967	-0,00084642181172967	-0,00116296834312379	-0,000529875338543206	-0,00084642181172967	-0,00084642181172967	-0,00116296834312379	-0,000688148604240268	44990,7708755208
211	0,356116558226	0,354400812475	1,381955159697	1,283020857596	0,05077784881	0,118343703449	-0,00100469507742673	-0,00100469507742673	-0,00116296834312379	-0,000688148604240268	-0,00100469507742673	-0,00084642181172967	-0,00116296834312379	-0,000688148604240268	44990,8647831366
212	0,355982036174	0,354279306156	1,381462340622	1,282567511361	0,05077784881	0,118343703449	-0,00084642181172967	-0,00100469507742673	-0,00116296834312379	-0,000529875338543206	-0,00084642181172967	-0,00084642181172967	-0,00116296834312379	-0,000529875338543206	44990,9585181481
213	0,355896880959	0,354195387679	1,381154398603	1,282238511427	0,05077784881	0,118343703449	-0,00084642181172967	-0,00084642181172967	-0,00116296834312379	-0,000529875338543206	-0,00084642181172967	-0,00084642181172967	-0,00116296834312379	-0,000529875338543206	44991,0523579051
214	0,355794823875	0,354083024906	1,380770837352	1,281828256849	0,05077784881	0,118343703449	-0,00100469507742673	-0,00084642181172967	-0,00116296834312379	-0,000688148604240268	-0,00100469507742673	-0,00084642181172967	-0,00116296834312379	-0,000529875338543206	44991,1461108565
215	0,355708315918	0,354010699262	1,380458272509	1,281565978706	0,05077784881	0,118343703449	-0,00084642181172967	-0,00084642181172967	-0,00116296834312379	-0,000688148604240268	-0,00100469507742673	-0,00084642181172967	-0,00116296834312379	-0,000529875338543206	44991,2399047222
216	0,355625605672	0,353934479389	1,380150771493	1,281293589294	0,05077784881	0,118343703449	-0,00100469507742673	-0,00100469507742673	-0,00116296834312379	-0,000529875338543206	-0,00100469507742673	-0,00100469507742673	-0,00116296834312379	-0,000529875338543206	44991,3337471181
217	0,355513780584	0,353816978351	1,379705909997	1,280898270921	0,05077784881	0,118343703449	-0,00084642181172967	-0,00084642181172967	-0,00116296834312379	-0,000688148604240268	-0,00084642181172967	-0,00084642181172967	-0,00116296834312379	-0,000688148604240268	44991,4275195833
218	0,355391038908	0,353710997236	1,379258193058	1,280525278039	0,05077784881	0,118343703449	-0,00084642181172967	-0,00084642181172967	-0,00116296834312379	-0,000688148604240268	-0,00084642181172967	-0,00084642181172967	-0,00116296834312379	-0,000688148604240268	44991,5212311111
219	0,355313487522	0,353630978926	1,378969744147	1,280215878534	0,05077784881	0,118343703449	-0,00084642181172967	-0,00084642181172967	-0,00116296834312379	-0,000529875338543206	-0,000688148604240268	-0,00084642181172967	-0,00132124160882086	-0,000529875338543206	44991,6149492361
220	0,355233584628	0,353552171164	1,378703911405	1,279918377686	0,05077784881	0,118343703449	-0,00100469507742673	-0,00100469507742673	-0,00116296834312379	-0,000688148604240268	-0,000688148604240268	-0,00100469507742673	-0,00116296834312379	-0,000688148604240268	44991,7087259838
221	0,355088402891	0,35341008085	1,378129929695	1,279385362828	0,05077784881	0,118343703449	-0,00100469507742673	-0,00084642181172967	-0,00116296834312379	-0,000688148604240268	-0,00084642181172967	-0,00084642181172967	-0,00116296834312379	-0,000688148604240268	44991,802260706
222	0,35505230421	0,353375172869	1,378020415859	1,279284420744	0,05077784881	0,118343703449	-0,00100469507742673	-0,00084642181172967	-0,00116296834312379	-0,000688148604240268	-0,00084642181172967	-0,00084642181172967	-0,00116296834312379	-0,000688148604240268	44991,8959837616
223	0,354920170404	0,353235716852	1,377496648835	1,278761572148	0,05077784881	0,118343703449	-0,00100469507742673	-0,00084642181172967	-0,00116296834312379	-0,000688148604240268	-0,00100469507742673	-0,00100469507742673	-0,00116296834312379	-0,000529875338543206	44991,9894896644
224	0,354852752314	0,353164660886	1,377264767017	1,278521317593	0,05077784881	0,118343703449	-0,00100469507742673	-0,00084642181172967	-0,00132124160882086	-0,000688148604240268	-0,00084642181172967	-0,00084642181172967	-0,00116296834312379	-0,000688148604240268	44992,0831042824
225	0,35473745159	0,353069076468	1,37683359119	1,278170209021	0,05077784881	0,118343703449	-0,000688148604240268	-0,00100469507742673	-0,00116296834312379	-0,000688148604240268	-0,00084642181172967	-0,00084642181172967	-0,00116296834312379	-0,000688148604240268	44992,1766539815
226	0,354684198744	2,64078E-7	1,37665142907	8,45469E-7	0,05077784881	0,118343703449	-0,00116296834312379	-0,00100469507742673	-0,00116296834312379	-0,000529875338543206	-0,00084642181172967	-0,00084642181172967	-0,00116296834312379	-0,000688148604240268	44992,2772915509
227	0	0,18986555987	0	0,666794563237	0,051272384822	0,118777446449	-0,00084642181172967	-0,00084642181172967	-0,00100469507742673	-0,000688148604240268	-0,00100469507742673	-0,00084642181172967	-0,00132124160882086	-0,000688148604240268	44992,5149273727
228	0,360793879377	0,353721391175	1,397343662724	1,280747618203	0,051272384822	0,118777446449	-0,000688148604240268	-0,00084642181172967	-0,00116296834312379	-0,000688148604240268	-0,00100469507742673	-0,00084642181172967	-0,00116296834312379	-0,000688148604240268	44992,6090986574
229	0,355325655884	0,353624470319	1,378739747083	1,280389239665	0,051272384822	0,118777446449	-0,00084642181172967	-0,00084642181172967	-0,00116296834312379	-0,000688148604240268	-0,00100469507742673	-0,00084642181172967	-0,00116296834312379	-0,000688148604240268	44992,7027059028
230	0,355207733291	0,353475972487	1,378282518729	1,279833590701	0,051272384822	0,118777446449	-0,00084642181172967	-0,00100469507742673	-0,00116296834312379	-0,000688148604240268	-0,00084642181172967	-0,00100469507742673	-0,00116296834312379	-0,000529875338543206	44992,796304537
231	0,355034264825	0,353313191147	1,377578385724	1,279220017656	0,051272384822	0,118777446449	-0,00084642181172967	-0,00100469507742673	-0,00116296834312379	-0,000688148604240268	-0,00084642181172967	-0,000688148604240268	-0,00116296834312379	-0,000688148604240268	44992,8896848148
232	0,354929153776	0,353216374562	1,377200939675	1,278878278849	0,051272384822	0,118777446449	-0,00084642181172967	-0,00084642181172967	-0,00116296834312379	-0,000688148604240268	-0,00100469507742673	-0,00100469507742673	-0,00116296834312379	-0,000688148604240268	44992,9831039468
233	0,354817962632	0,3531014239	1,376800236893	1,278422694512	0,051272384822	0,118777446449	-0,00084642181172967	-0,00100469507742673	-0,00116296834312379	-0,000688148604240268	-0,00084642181172967	-0,00084642181172967	-0,00116296834312379	-0,000529875338543206	44993,0765895139
234	0,354692251581	0,352986413686	1,376375017208	1,277986737766	0,051272384822	0,118777446449	-0,00100469507742673	-0,00100469507742673	-0,00116296834312379	-0,000688148604240268	-0,00100469507742673	-0,00116296834312379	-0,00116296834312379	-0,000688148604240268	44993,170159294
235	0,354533105835	0,352845664255	1,375769168868	1,277457121806	0,051272384822	0,118777446449	-0,00084642181172967	-0,00100469507742673	-0,00116296834312379	-0,000529875338543206	-0,00084642181172967	-0,00084642181172967	-0,00116296834312379	-0,000529875338543206	44993,2635428125
236	0,354433129133	0,352737126621	1,375403619537	1,277043803885	0,051272384822	0,118777446449	-0,00084642181172967	-0,00100469507742673	-0,00116296834312379	-0,000688148604240268	-0,00084642181172967	-0,00100469507742673	-0,00116296834312379	-0,000688148604240268	44993,3569379051
237	0,354301892353	0,352580910051	1,374912330394	1,276468918466	0,051272384822	0,118777446449	-0,00100469507742673	-0,00084642181172967	-0,00116296834312379	-0,000529875338543206	-0,00100469507742673	-0,00100469507742673	-0,00116296834312379	-0,000688148604240268	44993,4502657292
238	0,354149936898	0,352474910714	1,374427693886	1,276077768129	0,051272384822	0,118777446449	-0,00084642181172967	-0,00100469507742673	-0,00132124160882086	-0,000688148604240268	-0,00084642181172967	-0,00100469507742673	-0,00116296834312379	-0,000529875338543206	44993,5436277894
239	0,354088927782	0,352391005804	1,374150505786	1,275767436678	0,051272384822	0,118777446449	-0,00100469507742673	-0,00084642181172967	-0,00116296834312379	-0,000529875338543206	-0,00100469507742673	-0,00100469507742673	-0,00116296834312379	-0,000688148604240268	44993,6369335532
240	0,354010995558	0,352334095375	1,373886380917	1,275602110626	0,051272384822	0,118777446449	-0,00084642181172967	-0,00084642181172967	-0,00116296834312379	-0,000529875338543206	-0,00084642181172967	-0,00084642181172967	-0,00116296834312379	-0,000688148604240268	44993,7302865162
241	0,353969673224	0,352242357287	1,373725895504	1,275214865668	0,051272384822	0,118777446449	-0,00100469507742673	-0,00084642181172967	-0,00116296834312379	-0,000688148604240268	-0,00084642181172967	-0,00084642181172967	-0,00116296834312379	-0,000688148604240268	44993,8237584838
242	0,353820313252	0,352121024115	1,373184679019	1,274727736126	0,051272384822	0,118777446449	-0,00084642181172967	-0,00084642181172967	-0,00116296834312379	-0,000688148604240268	-0,00084642181172967	-0,00100469507742673	-0,00116296834312379	-0,000688148604240268	44993,917038831
243	0,353733843169	0,352044829249	1,372857116735	1,274441108763	0,051272384822	0,118777446449	-0,00084642181172967	-0,00084642181172967	-0,00116296834312379	-0,000688148604240268	-0,00084642181172967	-0,00100469507742673	-0,00116296834312379	-0,000688148604240268	44994,0103296644
244	0,353639142788	0,351963449917	1,372496501707	1,274162495237	0,051272384822	0,118777446449	-0,00084642181172967	-0,000688148604240268	-0,00116296834312379	-0,000688148604240268	-0,00084642181172967	-0,00100469507742673	-0,00116296834312379	-0,000688148604240268	44994,1035631944
245	0,353543594375	0,351845892505	1,372119232839	1,273743231801	0,051272384822	0,118777446449	-0,000688148604240268	-0,00100469507742673	-0,00116296834312379	-0,000688148604240268	-0,00084642181172967	-0,00084642181172967	-0,00116296834312379	-0,000529875338543206	44994,1967574074
246	0,353452212925	0,351785169017	1,371803466709	1,273538300055	0,051272384822	0,118777446449	-0,00084642181172967	-0,00100469507742673	-0,00116296834312379	-0,000529875338543206	-0,00084642181172967	-0,00100469507742673	-0,00116296834312379	-0,000529875338543206	44994,2899812963
247	0,353387657861	0,351709025013	1,371567403833	1,273278213517	0,051272384822	0,118777446449	-0,00084642181172967	-0,00100469507742673	-0,00116296834312379	-0,000529875338543206	-0,00100469507742673	-0,00100469507742673	-0,00116296834312379	-0,000688148604240268	44994,3832658681
248	0,353290149441	0,351605606992	1,371219914945	1,272900790112	0,051272384822	0,118777446449	-0,00100469507742673	-0,00100469507742673	-0,00116296834312379	-0,000529875338543206	-0,000688148604240268	-0,00100469507742673	-0,00116296834312379	-0,000529875338543206	44994,4764742361
249	0,353196561	0,155622644951	1,370851044653	0,600494089434	0,051272384822	0,118777446449	-0,00100469507742673	-0,000688148604240268	-0,00116296834312379	-0,000688148604240268	-0,00084642181172967	-0,00084642181172967	-0,00116296834312379	-0,000688148604240268	44994,5520919676
