TesterID:	Maccor#2														
Channel Number:	54														
TestName:	KAI_Zelltest_regulaer_fix_no_degass_flag.000														
TestDesc:	Regular cycling: formation, followed by pulse, C-rate quick charge and cycling t														
StartDateTime:	44966,5492960417														
Comment:															
															
									Charge			Discharge			
Cycle	AH-IN	AH-OUT	WH-IN	WH-OUT	ACR	DCIR	V1_Start	V1_End	V1_Min	V1_Max	V1_Start	V1_End	V1_Min	V1_Max	Date
0		2,92049E-7		7,6224E-8	0	0					-0,00079916586400941	-0,000957442098297179	-0,000957442098297179	-0,00079916586400941	44966,5494688889
1	0,515565997311	0,441774505055	1,920699996235	1,620235419866	0	0	-0,000957442098297179	-0,000640889629721642	-0,00127399468328804	-0,000640889629721642	-0,000957442098297179	-0,00079916586400941	-0,00111571839079261	-0,000640889629721642	44966,9854102662
2	0,445381609496	0,442638113521	1,673133311348	1,624113504758	0	0	-0,00079916586400941	-0,000957442098297179	-0,00127399468328804	-0,000640889629721642	-0,00079916586400941	-0,000957442098297179	-0,00111571839079261	-0,000482613337226212	44967,3971756134
3	0,457536115912	3,25959E-7	1,722950297035	1,048443E-6	0	0	-0,000957442098297179	-0,00079916586400941	-0,00111571839079261	-0,000640889629721642	-0,000957442098297179	-0,00079916586400941	-0,00111571839079261	-0,000640889629721642	44967,8814030208
4	0	3,02635E-7	0	9,81294E-7	0,046151470393	0,129683986306	-0,000957442098297179	-0,000957442098297179	-0,000957442098297179	-0,000640889629721642	-0,000957442098297179	-0,000957442098297179	-0,00111571839079261	-0,000640889629721642	44968,1822731366
5	0,447958879098	0,446324484415	1,695380733377	1,63848006792	0,046151470393	0,129683986306	-0,00079916586400941	-0,000957442098297179	-0,00111571839079261	-0,000640889629721642	-0,00079916586400941	-0,00111571839079261	-0,00111571839079261	-0,000640889629721642	44968,4450543403
6	0,446423036254	0,445297319341	1,689151397981	1,634814846511	0,046151470393	0,129683986306	-0,000957442098297179	-0,000957442098297179	-0,00111571839079261	-0,000640889629721642	-0,00079916586400941	-0,000957442098297179	-0,00127399468328804	-0,000640889629721642	44968,713535
7	0,445380972571	0,444433238664	1,684898750342	1,631749885669	0,046151470393	0,129683986306	-0,00079916586400941	-0,000957442098297179	-0,00111571839079261	-0,000640889629721642	-0,000957442098297179	-0,000957442098297179	-0,00111571839079261	-0,000640889629721642	44968,981379919
8	0,44440551297	0,423533183418	1,680956885217	1,528435946979	0,046151470393	0,129683986306	-0,00079916586400941	-0,00079916586400941	-0,00111571839079261	-0,000640889629721642	-0,000957442098297179	-0,000957442098297179	-0,00127399468328804	-0,000640889629721642	44969,1670932407
9	0,42382006587	0,422559298604	1,60975001919	1,525131637654	0,046151470393	0,129683986306	-0,00079916586400941	-0,00079916586400941	-0,00111571839079261	-0,000640889629721642	-0,000957442098297179	-0,00079916586400941	-0,00111571839079261	-0,000640889629721642	44969,3470282176
10	0,422816717402	0,421861800872	1,605885220109	1,522752238905	0,046151470393	0,129683986306	-0,00079916586400941	-0,000957442098297179	-0,00127399468328804	-0,000640889629721642	-0,000957442098297179	-0,00079916586400941	-0,00127399468328804	-0,000640889629721642	44969,526486713
11	0,422099782153	0,373672093185	1,603076219102	1,315405445844	0,046151470393	0,129683986306	-0,000957442098297179	-0,000957442098297179	-0,00111571839079261	-0,000640889629721642	-0,00079916586400941	-0,000957442098297179	-0,00127399468328804	-0,000640889629721642	44969,6845644213
12	0,373925833815	0,373793526387	1,433309851461	1,315955212349	0,046151470393	0,129683986306	-0,000957442098297179	-0,00079916586400941	-0,00111571839079261	-0,000640889629721642	-0,00079916586400941	-0,000957442098297179	-0,00127399468328804	-0,000640889629721642	44969,829500706
13	0,373998824877	0,373243237528	1,433248221527	1,314106624092	0,046151470393	0,129683986306	-0,000957442098297179	-0,00079916586400941	-0,00111571839079261	-0,000640889629721642	-0,000957442098297179	-0,000957442098297179	-0,00111571839079261	-0,000640889629721642	44969,9742933565
14	0,37348270091	0,437353080972	1,431163733242	1,606522727946	0,046151470393	0,129683986306	-0,000957442098297179	-0,000957442098297179	-0,00111571839079261	-0,000640889629721642	-0,000957442098297179	-0,000957442098297179	-0,00111571839079261	-0,000640889629721642	44970,219835706
15	0,437264785511	0,437921265899	1,653632060984	1,608608723846	0,046151470393	0,129683986306	-0,00079916586400941	-0,000957442098297179	-0,00127399468328804	-0,000640889629721642	-0,000957442098297179	-0,000957442098297179	-0,00127399468328804	-0,000640889629721642	44970,4828339468
16	0,437779942014	3,11536E-7	1,655262769345	9,89607E-7	0,046151470393	0,129683986306	-0,000957442098297179	-0,000957442098297179	-0,00111571839079261	-0,000640889629721642	-0,000957442098297179	-0,000957442098297179	-0,00127399468328804	-0,000640889629721642	44970,7528071644
17	0,3833541912	0,38413747509	1,456877462706	1,390302245647	0,046151470393	0,129683986306	-0,000957442098297179	-0,00079916586400941	-0,00111571839079261	-0,000640889629721642	-0,00079916586400941	-0,000957442098297179	-0,00111571839079261	-0,000640889629721642	44970,8975459607
18	0,38333870626	0,38375163949	1,456451335503	1,3888216648	0,046151470393	0,129683986306	-0,000957442098297179	-0,000957442098297179	-0,00111571839079261	-0,000640889629721642	-0,000957442098297179	-0,000957442098297179	-0,00127399468328804	-0,000482613337226212	44971,0490548032
19	0,3832069143	0,38353528585	1,455688558172	1,388003781856	0,046151470393	0,129683986306	-0,000957442098297179	-0,000957442098297179	-0,00111571839079261	-0,000640889629721642	-0,00079916586400941	-0,000957442098297179	-0,00111571839079261	-0,000640889629721642	44971,2004978356
20	0,356053569394	0,352432679396	1,380320498586	1,266520574773	0,046151470393	0,129683986306	-0,00111571839079261	-0,00079916586400941	-0,00127399468328804	-0,000640889629721642	-0,00079916586400941	-0,000957442098297179	-0,00111571839079261	-0,000640889629721642	44971,325182419
21	0,350935985711	0,346414160082	1,359693444189	1,24491869055	0,046151470393	0,129683986306	-0,000957442098297179	-0,000957442098297179	-0,00111571839079261	-0,000640889629721642	-0,000957442098297179	-0,00079916586400941	-0,00111571839079261	-0,000640889629721642	44971,4480187268
22	0,345441156198	3,44396E-7	1,338036444652	1,052323E-6	0,046151470393	0,129683986306	-0,000957442098297179	-0,00079916586400941	-0,00111571839079261	-0,000640889629721642	-0,00079916586400941	-0,00079916586400941	-0,00111571839079261	-0,000640889629721642	44971,5762101852
23	0	0,247148711476	0	0,866620575652	0,04437129572	0,111329883337	-0,00079916586400941	-0,000957442098297179	-0,00111571839079261	-0,00079916586400941	-0,00079916586400941	-0,000957442098297179	-0,00127399468328804	-0,000640889629721642	44971,8527268287
24	0,423585908267	0,414288972553	1,629682349208	1,495436698101	0,04437129572	0,111329883337	-0,00079916586400941	-0,00079916586400941	-0,00111571839079261	-0,000640889629721642	-0,00079916586400941	-0,000957442098297179	-0,00111571839079261	-0,000640889629721642	44971,9610128588
25	0,414370370821	0,413234922766	1,597871474832	1,491801814134	0,04437129572	0,111329883337	-0,000957442098297179	-0,000957442098297179	-0,00111571839079261	-0,000640889629721642	-0,000957442098297179	-0,000957442098297179	-0,00111571839079261	-0,000640889629721642	44972,067973831
26	0,413294500645	0,41239933534	1,593783399966	1,488902625531	0,04437129572	0,111329883337	-0,000957442098297179	-0,000957442098297179	-0,00111571839079261	-0,000640889629721642	-0,000957442098297179	-0,00111571839079261	-0,00111571839079261	-0,000640889629721642	44972,1746744213
27	0,412466125674	0,411673330577	1,590642464575	1,486380834155	0,04437129572	0,111329883337	-0,000957442098297179	-0,00079916586400941	-0,00127399468328804	-0,000640889629721642	-0,000957442098297179	-0,000957442098297179	-0,00111571839079261	-0,000640889629721642	44972,281205706
28	0,411747030565	0,411033986463	1,587953059543	1,484176959673	0,04437129572	0,111329883337	-0,00079916586400941	-0,00079916586400941	-0,00111571839079261	-0,000640889629721642	-0,00111571839079261	-0,000957442098297179	-0,00127399468328804	-0,000640889629721642	44972,3876994907
29	0,411067043274	0,410429522991	1,58536671177	1,482082488354	0,04437129572	0,111329883337	-0,00079916586400941	-0,000957442098297179	-0,00127399468328804	-0,000640889629721642	-0,000957442098297179	-0,00079916586400941	-0,00127399468328804	-0,000640889629721642	44972,4940299306
30	0,410475214579	0,409885770925	1,583077326226	1,480159626498	0,04437129572	0,111329883337	-0,000957442098297179	-0,00079916586400941	-0,00111571839079261	-0,000640889629721642	-0,00079916586400941	-0,000957442098297179	-0,00111571839079261	-0,000640889629721642	44972,600061794
31	0,40992145991	0,409349665963	1,580940955597	1,478292844834	0,04437129572	0,111329883337	-0,00111571839079261	-0,00079916586400941	-0,00111571839079261	-0,000640889629721642	-0,000957442098297179	-0,000957442098297179	-0,00111571839079261	-0,000640889629721642	44972,7060401273
32	0,40934233245	0,408803306936	1,578753456411	1,476358754033	0,04437129572	0,111329883337	-0,000957442098297179	-0,000957442098297179	-0,00111571839079261	-0,000640889629721642	-0,000957442098297179	-0,000957442098297179	-0,00111571839079261	-0,000640889629721642	44972,8118864005
33	0,408816763934	0,408309962837	1,57677315536	1,474603264259	0,04437129572	0,111329883337	-0,00079916586400941	-0,00111571839079261	-0,00111571839079261	-0,000640889629721642	-0,000957442098297179	-0,00079916586400941	-0,00111571839079261	-0,000640889629721642	44972,9176366551
34	0,408269406348	0,407806231161	1,5746699094	1,472813382317	0,04437129572	0,111329883337	-0,000957442098297179	-0,00111571839079261	-0,00111571839079261	-0,000640889629721642	-0,000957442098297179	-0,00111571839079261	-0,00111571839079261	-0,000640889629721642	44973,0231408449
35	0,407823561909	0,407374778081	1,57300497615	1,471306000228	0,04437129572	0,111329883337	-0,000957442098297179	-0,00111571839079261	-0,00111571839079261	-0,000640889629721642	-0,000957442098297179	-0,00079916586400941	-0,00111571839079261	-0,000640889629721642	44973,1287033218
36	0,407343554542	0,406911054288	1,571190093277	1,469647946506	0,04437129572	0,111329883337	-0,000957442098297179	-0,00079916586400941	-0,00127399468328804	-0,000640889629721642	-0,000957442098297179	-0,00079916586400941	-0,00111571839079261	-0,000640889629721642	44973,234001875
37	0,406907291446	0,406497739308	1,569542187752	1,468184441397	0,04437129572	0,111329883337	-0,000957442098297179	-0,000957442098297179	-0,00111571839079261	-0,000640889629721642	-0,000957442098297179	-0,000957442098297179	-0,00127399468328804	-0,000640889629721642	44973,3393003588
38	0,406469755892	0,40606512527	1,567876278838	1,466639602266	0,04437129572	0,111329883337	-0,00079916586400941	-0,00111571839079261	-0,00127399468328804	-0,000640889629721642	-0,00079916586400941	-0,000957442098297179	-0,00111571839079261	-0,000640889629721642	44973,4443735185
39	0,406055580394	0,405671142412	1,566319949835	1,465250073622	0,04437129572	0,111329883337	-0,000957442098297179	-0,000957442098297179	-0,00127399468328804	-0,000640889629721642	-0,000957442098297179	-0,000957442098297179	-0,00127399468328804	-0,000640889629721642	44973,5494692361
40	0,405613736775	0,405261665714	1,564619288396	1,463774517975	0,04437129572	0,111329883337	-0,000957442098297179	-0,00079916586400941	-0,00127399468328804	-0,000640889629721642	-0,000957442098297179	-0,00079916586400941	-0,00111571839079261	-0,000482613337226212	44973,6542922917
41	0,405307097454	0,404954269326	1,563452017653	1,462682043001	0,04437129572	0,111329883337	-0,000957442098297179	-0,000957442098297179	-0,00127399468328804	-0,000640889629721642	-0,00079916586400941	-0,000957442098297179	-0,00127399468328804	-0,000640889629721642	44973,7591917014
42	0,404903555175	0,404565400572	1,561884152156	1,461284366727	0,04437129572	0,111329883337	-0,00111571839079261	-0,00079916586400941	-0,00111571839079261	-0,000640889629721642	-0,00079916586400941	-0,00079916586400941	-0,00111571839079261	-0,000482613337226212	44973,8638685764
43	0,404549989696	0,404214104192	1,560541981699	1,460025439603	0,04437129572	0,111329883337	-0,000640889629721642	-0,000640889629721642	-0,00127399468328804	-0,000640889629721642	-0,000957442098297179	-0,000957442098297179	-0,00111571839079261	-0,000640889629721642	44973,9684703125
44	0,404174506086	0,403861516094	1,559154486888	1,458775408173	0,04437129572	0,111329883337	-0,00079916586400941	-0,000957442098297179	-0,00111571839079261	-0,000640889629721642	-0,000957442098297179	-0,00079916586400941	-0,00111571839079261	-0,000640889629721642	44974,0730499884
45	0,403805873165	0,403501216042	1,55773433052	1,457478295048	0,04437129572	0,111329883337	-0,000957442098297179	-0,00079916586400941	-0,00111571839079261	-0,000640889629721642	-0,000957442098297179	-0,000957442098297179	-0,00127399468328804	-0,000640889629721642	44974,1774737153
46	0,40346292841	0,403171807883	1,556429938348	1,456307572867	0,04437129572	0,111329883337	-0,000957442098297179	-0,000957442098297179	-0,00111571839079261	-0,000640889629721642	-0,00079916586400941	-0,00079916586400941	-0,00111571839079261	-0,000640889629721642	44974,2818093171
47	0,403133330307	0,402863043695	1,555146483568	1,455195456428	0,04437129572	0,111329883337	-0,000957442098297179	-0,000957442098297179	-0,00127399468328804	-0,000640889629721642	-0,000957442098297179	-0,00079916586400941	-0,00111571839079261	-0,000640889629721642	44974,3859701968
48	0,402875632331	0,402611214096	1,554183219822	1,454309297959	0,04437129572	0,111329883337	-0,00079916586400941	-0,00111571839079261	-0,00111571839079261	-0,000640889629721642	-0,00079916586400941	-0,000957442098297179	-0,00111571839079261	-0,000640889629721642	44974,4902562732
49	0,40256823946	0,402318073452	1,553003242761	1,453268660302	0,04437129572	0,111329883337	-0,000957442098297179	-0,00079916586400941	-0,00127399468328804	-0,000482613337226212	-0,000957442098297179	-0,00079916586400941	-0,00127399468328804	-0,000640889629721642	44974,5944130903
50	0,402274136207	0,40201710429	1,551870297447	1,45217631686	0,04437129572	0,111329883337	-0,000957442098297179	-0,00079916586400941	-0,00111571839079261	-0,000640889629721642	-0,000957442098297179	-0,00079916586400941	-0,00111571839079261	-0,000640889629721642	44974,6984658912
51	0,401977930045	0,401718696954	1,550744799906	1,451106884304	0,04437129572	0,111329883337	-0,00079916586400941	-0,00079916586400941	-0,00111571839079261	-0,000482613337226212	-0,00079916586400941	-0,00079916586400941	-0,00127399468328804	-0,000640889629721642	44974,8024710532
52	0,391038547224	0,391036845053	1,504920564895	1,40834335918	0,04437129572	0,111329883337	-0,000957442098297179	-0,00079916586400941	-0,00127399468328804	-0,000640889629721642	-0,000957442098297179	-0,000957442098297179	-0,00127399468328804	-0,000640889629721642	44974,8911363542
53	0,40152291002	0,401226646906	1,549000061929	1,449311076605	0,04437129572	0,111329883337	-0,000957442098297179	-0,00111571839079261	-0,00127399468328804	-0,000640889629721642	-0,000957442098297179	-0,000957442098297179	-0,00127399468328804	-0,000640889629721642	44974,9950180787
54	0,401218346817	0,400976050321	1,547853374484	1,448426635828	0,04437129572	0,111329883337	-0,000957442098297179	-0,000957442098297179	-0,00127399468328804	-0,000640889629721642	-0,00079916586400941	-0,000957442098297179	-0,00111571839079261	-0,000640889629721642	44975,0988847222
55	0,400904980851	0,400680233201	1,546638027011	1,447360783903	0,04437129572	0,111329883337	-0,000957442098297179	-0,000957442098297179	-0,00127399468328804	-0,000640889629721642	-0,000957442098297179	-0,00111571839079261	-0,00127399468328804	-0,000640889629721642	44975,2025607755
56	0,400647763431	0,40044773403	1,545677631078	1,446537227528	0,04437129572	0,111329883337	-0,00079916586400941	-0,000957442098297179	-0,00111571839079261	-0,000640889629721642	-0,00111571839079261	-0,00079916586400941	-0,00127399468328804	-0,000640889629721642	44975,3062348727
57	0,400353295568	0,400140286142	1,544530198571	1,445423217475	0,04437129572	0,111329883337	-0,000957442098297179	-0,000957442098297179	-0,00127399468328804	-0,000640889629721642	-0,000957442098297179	-0,000957442098297179	-0,00111571839079261	-0,000640889629721642	44975,4096537616
58	0,40013154024	0,399945310602	1,543718488013	1,444738514579	0,04437129572	0,111329883337	-0,000957442098297179	-0,000957442098297179	-0,00111571839079261	-0,000640889629721642	-0,000957442098297179	-0,00079916586400941	-0,00127399468328804	-0,000640889629721642	44975,5132142361
59	0,399872748581	0,399677924856	1,542719577121	1,443769791374	0,04437129572	0,111329883337	-0,00079916586400941	-0,00079916586400941	-0,00111571839079261	-0,000640889629721642	-0,000957442098297179	-0,000957442098297179	-0,00111571839079261	-0,000640889629721642	44975,6167215394
60	0,399681485761	0,399490619725	1,542000565299	1,443109342293	0,04437129572	0,111329883337	-0,000957442098297179	-0,000957442098297179	-0,00111571839079261	-0,000640889629721642	-0,000957442098297179	-0,000957442098297179	-0,00111571839079261	-0,000640889629721642	44975,720325706
61	0,399381963409	0,399215498291	1,540835607312	1,442105182387	0,04437129572	0,111329883337	-0,00079916586400941	-0,00079916586400941	-0,00111571839079261	-0,000640889629721642	-0,000957442098297179	-0,000957442098297179	-0,00111571839079261	-0,000640889629721642	44975,8236410069
62	0,399130884439	0,398959745215	1,539866769928	1,441179216229	0,04437129572	0,111329883337	-0,000957442098297179	-0,00111571839079261	-0,00111571839079261	-0,000640889629721642	-0,000957442098297179	-0,000957442098297179	-0,00111571839079261	-0,000640889629721642	44975,9268317245
63	0,398911432724	0,398745341124	1,539037286216	1,44040795313	0,04437129572	0,111329883337	-0,00079916586400941	-0,00079916586400941	-0,00111571839079261	-0,000640889629721642	-0,00079916586400941	-0,00079916586400941	-0,00111571839079261	-0,000640889629721642	44976,0300593287
64	0,398693417419	0,398527033265	1,538211000023	1,439629537367	0,04437129572	0,111329883337	-0,000957442098297179	-0,000957442098297179	-0,00127399468328804	-0,000640889629721642	-0,00079916586400941	-0,00079916586400941	-0,00127399468328804	-0,000482613337226212	44976,1332975463
65	0,398443301966	0,398298424294	1,537258039651	1,438806809476	0,04437129572	0,111329883337	-0,000957442098297179	-0,000957442098297179	-0,00111571839079261	-0,000640889629721642	-0,000957442098297179	-0,000957442098297179	-0,00111571839079261	-0,000640889629721642	44976,2363909491
66	0,39822299712	0,398082750101	1,536421481468	1,438029333178	0,04437129572	0,111329883337	-0,00079916586400941	-0,00079916586400941	-0,00111571839079261	-0,000640889629721642	-0,000957442098297179	-0,000957442098297179	-0,00127399468328804	-0,000640889629721642	44976,3393994907
67	0,398022337311	0,397878656869	1,535646251553	1,437291363536	0,04437129572	0,111329883337	-0,000957442098297179	-0,000957442098297179	-0,00111571839079261	-0,000640889629721642	-0,000957442098297179	-0,000957442098297179	-0,00127399468328804	-0,000640889629721642	44976,4423884491
68	0,397823108868	0,397674586947	1,534895338637	1,436550083554	0,04437129572	0,111329883337	-0,00079916586400941	-0,000957442098297179	-0,00127399468328804	-0,000640889629721642	-0,00079916586400941	-0,000957442098297179	-0,00127399468328804	-0,000640889629721642	44976,5453648495
69	0,397628689919	0,397483472151	1,534147834606	1,43587185715	0,04437129572	0,111329883337	-0,00079916586400941	-0,000957442098297179	-0,00111571839079261	-0,000640889629721642	-0,00079916586400941	-0,000957442098297179	-0,00127399468328804	-0,000640889629721642	44976,6483188773
70	0,397387957905	0,397257386644	1,533222918331	1,4350454102	0,04437129572	0,111329883337	-0,000957442098297179	-0,00079916586400941	-0,00111571839079261	-0,000640889629721642	-0,000957442098297179	-0,000957442098297179	-0,00111571839079261	-0,000640889629721642	44976,7511535185
71	0,397181986856	0,397042952668	1,532441497286	1,434266630317	0,04437129572	0,111329883337	-0,000957442098297179	-0,000957442098297179	-0,00111571839079261	-0,000640889629721642	-0,00079916586400941	-0,00079916586400941	-0,00111571839079261	-0,000640889629721642	44976,8539167014
72	0,397021567007	0,396896959646	1,531842967083	1,433741748175	0,04437129572	0,111329883337	-0,000957442098297179	-0,000957442098297179	-0,00111571839079261	-0,000640889629721642	-0,00079916586400941	-0,00079916586400941	-0,00111571839079261	-0,000640889629721642	44976,9567801157
73	0,396791946279	3,14302E-7	1,53096914544	1,012357E-6	0,04437129572	0,111329883337	-0,000957442098297179	-0,00111571839079261	-0,00111571839079261	-0,000640889629721642	-0,000957442098297179	-0,000957442098297179	-0,00127399468328804	-0,000640889629721642	44977,0664582523
74	0	0,231469172699	0	0,811744172712	0,047045301646	0,112370446324	-0,000957442098297179	-0,000957442098297179	-0,00111571839079261	-0,00079916586400941	-0,000957442098297179	-0,000957442098297179	-0,00111571839079261	-0,000640889629721642	44977,328987338
75	0,40458946957	0,39747175513	1,557709564199	1,435712505041	0,047045301646	0,112370446324	-0,000957442098297179	-0,00079916586400941	-0,00111571839079261	-0,000640889629721642	-0,000957442098297179	-0,000957442098297179	-0,00127399468328804	-0,000640889629721642	44977,4325759375
76	0,397410215271	0,397051985161	1,533090363573	1,434196662386	0,047045301646	0,112370446324	-0,00079916586400941	-0,00079916586400941	-0,00111571839079261	-0,000640889629721642	-0,00079916586400941	-0,000957442098297179	-0,00127399468328804	-0,000640889629721642	44977,5352973611
77	0,397014134687	0,396756270827	1,531596666644	1,433146828896	0,047045301646	0,112370446324	-0,00079916586400941	-0,000957442098297179	-0,00111571839079261	-0,000640889629721642	-0,000957442098297179	-0,000957442098297179	-0,00127399468328804	-0,000640889629721642	44977,6380378356
78	0,396672583647	0,396472023013	1,530311774339	1,432133030108	0,047045301646	0,112370446324	-0,00111571839079261	-0,000957442098297179	-0,00111571839079261	-0,000640889629721642	-0,000957442098297179	-0,00111571839079261	-0,00127399468328804	-0,000640889629721642	44977,7406035301
79	0,396394619777	0,396221466484	1,529256459595	1,431236394283	0,047045301646	0,112370446324	-0,00079916586400941	-0,000957442098297179	-0,00127399468328804	-0,000482613337226212	-0,000957442098297179	-0,00079916586400941	-0,00111571839079261	-0,000640889629721642	44977,8431730787
80	0,396110077431	0,395948940355	1,528174554576	1,430251194866	0,047045301646	0,112370446324	-0,000957442098297179	-0,000957442098297179	-0,00127399468328804	-0,000640889629721642	-0,00079916586400941	-0,000957442098297179	-0,00127399468328804	-0,000640889629721642	44977,9455228588
81	0,395893902803	0,395752648932	1,52738439102	1,429535969062	0,047045301646	0,112370446324	-0,000957442098297179	-0,00079916586400941	-0,00111571839079261	-0,000640889629721642	-0,000957442098297179	-0,00111571839079261	-0,00111571839079261	-0,000640889629721642	44978,0479025347
82	0,395654133663	0,395547294077	1,526474703732	1,428769675954	0,047045301646	0,112370446324	-0,00079916586400941	-0,000957442098297179	-0,00111571839079261	-0,000640889629721642	-0,00079916586400941	-0,000957442098297179	-0,00127399468328804	-0,000640889629721642	44978,1501907292
83	0,395509936049	0,395385781779	1,525944648459	1,428200998223	0,047045301646	0,112370446324	-0,000957442098297179	-0,000957442098297179	-0,00111571839079261	-0,000640889629721642	-0,000957442098297179	-0,000957442098297179	-0,00111571839079261	-0,000640889629721642	44978,2525921875
84	0,395311908783	0,395219178271	1,525186541084	1,427579732879	0,047045301646	0,112370446324	-0,00079916586400941	-0,000957442098297179	-0,00127399468328804	-0,000640889629721642	-0,000957442098297179	-0,000957442098297179	-0,00127399468328804	-0,000640889629721642	44978,3548977083
85	0,395163294992	0,39506679871	1,524616007731	1,427037557131	0,047045301646	0,112370446324	-0,000957442098297179	-0,00079916586400941	-0,00127399468328804	-0,000640889629721642	-0,00079916586400941	-0,000957442098297179	-0,00111571839079261	-0,000640889629721642	44978,457251794
86	0,394956344502	0,394867857094	1,523836208541	1,426301144963	0,047045301646	0,112370446324	-0,000957442098297179	-0,00079916586400941	-0,00111571839079261	-0,000640889629721642	-0,00079916586400941	-0,00079916586400941	-0,00111571839079261	-0,000640889629721642	44978,559411088
87	0,394826304882	0,394745146371	1,523333947421	1,425881419686	0,047045301646	0,112370446324	-0,00079916586400941	-0,000957442098297179	-0,00111571839079261	-0,000640889629721642	-0,00079916586400941	-0,00079916586400941	-0,00111571839079261	-0,000640889629721642	44978,6616440394
88	0,394656235896	0,394575901568	1,522687466485	1,425260983739	0,047045301646	0,112370446324	-0,00079916586400941	-0,000957442098297179	-0,00111571839079261	-0,000640889629721642	-0,000957442098297179	-0,000957442098297179	-0,00127399468328804	-0,000640889629721642	44978,7638053819
89	0,394472214033	0,394391254475	1,521993567419	1,424568396856	0,047045301646	0,112370446324	-0,000957442098297179	-0,000957442098297179	-0,00111571839079261	-0,000640889629721642	-0,000957442098297179	-0,000957442098297179	-0,00111571839079261	-0,000482613337226212	44978,8658682639
90	0,394313580535	0,394253035076	1,521401692713	1,424069034853	0,047045301646	0,112370446324	-0,000957442098297179	-0,000957442098297179	-0,00111571839079261	-0,000640889629721642	-0,000640889629721642	-0,00079916586400941	-0,00111571839079261	-0,000640889629721642	44978,9679500926
91	0,394198030368	0,39412644729	1,520990791108	1,423603918643	0,047045301646	0,112370446324	-0,000957442098297179	-0,00079916586400941	-0,00111571839079261	-0,000640889629721642	-0,000957442098297179	-0,00079916586400941	-0,00111571839079261	-0,000640889629721642	44979,0701171412
92	0,394007972484	0,393935266582	1,52024179949	1,422902099104	0,047045301646	0,112370446324	-0,000957442098297179	-0,00079916586400941	-0,00111571839079261	-0,000640889629721642	-0,00079916586400941	-0,00079916586400941	-0,00111571839079261	-0,000640889629721642	44979,172094838
93	0,393848923451	0,393785419596	1,519637017643	1,422349467748	0,047045301646	0,112370446324	-0,000957442098297179	-0,000957442098297179	-0,00111571839079261	-0,000482613337226212	-0,00079916586400941	-0,00079916586400941	-0,00111571839079261	-0,000640889629721642	44979,2739976042
94	0,393731756634	0,393683348608	1,519219851896	1,42197520579	0,047045301646	0,112370446324	-0,000957442098297179	-0,00079916586400941	-0,00111571839079261	-0,000640889629721642	-0,00111571839079261	-0,000957442098297179	-0,00111571839079261	-0,000640889629721642	44979,3760049769
95	0,393599884554	0,39355423927	1,518707127999	1,421511727671	0,047045301646	0,112370446324	-0,00079916586400941	-0,000957442098297179	-0,00127399468328804	-0,000482613337226212	-0,00079916586400941	-0,00079916586400941	-0,00111571839079261	-0,000640889629721642	44979,4779758565
96	0,393497851762	0,393449635918	1,518291999927	1,421132361563	0,047045301646	0,112370446324	-0,00079916586400941	-0,000957442098297179	-0,00111571839079261	-0,000640889629721642	-0,000957442098297179	-0,000957442098297179	-0,00127399468328804	-0,000640889629721642	44979,579898588
97	0,393398130752	0,393357902918	1,517908511032	1,420793611739	0,047045301646	0,112370446324	-0,00079916586400941	-0,000957442098297179	-0,00111571839079261	-0,000640889629721642	-0,000957442098297179	-0,000957442098297179	-0,00111571839079261	-0,000640889629721642	44979,6818690972
98	0,393260851066	0,393219740528	1,51737508575	1,420300397836	0,047045301646	0,112370446324	-0,00079916586400941	-0,000957442098297179	-0,00127399468328804	-0,000640889629721642	-0,000957442098297179	-0,00079916586400941	-0,00111571839079261	-0,000640889629721642	44979,7837472685
99	0,393096686345	0,393054407331	1,516749602785	1,419674470977	0,047045301646	0,112370446324	-0,00079916586400941	-0,00079916586400941	-0,00111571839079261	-0,000640889629721642	-0,00079916586400941	-0,00079916586400941	-0,00111571839079261	-0,000640889629721642	44979,8857853588
100	0,392981301163	0,392948420921	1,516306838974	1,419287483471	0,047045301646	0,112370446324	-0,000957442098297179	-0,00079916586400941	-0,00111571839079261	-0,000640889629721642	-0,00079916586400941	-0,00079916586400941	-0,00111571839079261	-0,000640889629721642	44979,9875732986
101	0,39285105529	0,392814156576	1,515812361105	1,418784515649	0,047045301646	0,112370446324	-0,000957442098297179	-0,000957442098297179	-0,00127399468328804	-0,000640889629721642	-0,00079916586400941	-0,00079916586400941	-0,00127399468328804	-0,000640889629721642	44980,0892405671
102	0,392728616962	0,392686292118	1,515347299001	1,418324439965	0,047045301646	0,112370446324	-0,000957442098297179	-0,000957442098297179	-0,00127399468328804	-0,000482613337226212	-0,000957442098297179	-0,00079916586400941	-0,00127399468328804	-0,000640889629721642	44980,1909094097
103	0,392589683148	0,392564829034	1,514819505823	1,417868341783	0,047045301646	0,112370446324	-0,00079916586400941	-0,000957442098297179	-0,00127399468328804	-0,000640889629721642	-0,00079916586400941	-0,000957442098297179	-0,00111571839079261	-0,000640889629721642	44980,2925436111
104	0,392496490538	0,392456333361	1,51447117306	1,417467179906	0,047045301646	0,112370446324	-0,000957442098297179	-0,000957442098297179	-0,00111571839079261	-0,000640889629721642	-0,000957442098297179	-0,000957442098297179	-0,00111571839079261	-0,000640889629721642	44980,3941606134
105	0,392405550541	0,392367242078	1,514124159357	1,417151950322	0,047045301646	0,112370446324	-0,000957442098297179	-0,000957442098297179	-0,00111571839079261	-0,000640889629721642	-0,000957442098297179	-0,00079916586400941	-0,00127399468328804	-0,000640889629721642	44980,495862037
106	0,392294637368	0,392261294025	1,513689942989	1,416754452689	0,047045301646	0,112370446324	-0,00079916586400941	-0,00079916586400941	-0,00111571839079261	-0,000640889629721642	-0,00111571839079261	-0,000957442098297179	-0,00111571839079261	-0,000640889629721642	44980,5975142245
107	0,392143858696	0,392115384505	1,513118038547	1,416232816865	0,047045301646	0,112370446324	-0,000957442098297179	-0,00079916586400941	-0,00111571839079261	-0,000640889629721642	-0,000957442098297179	-0,00079916586400941	-0,00127399468328804	-0,000640889629721642	44980,6990644097
108	0,392049309235	0,392021061497	1,512768636678	1,415887604884	0,047045301646	0,112370446324	-0,000957442098297179	-0,000957442098297179	-0,00111571839079261	-0,000640889629721642	-0,000957442098297179	-0,000957442098297179	-0,00127399468328804	-0,000640889629721642	44980,8006370486
109	0,391891852232	0,39185053557	1,512161847279	1,415244359868	0,047045301646	0,112370446324	-0,000957442098297179	-0,00079916586400941	-0,00111571839079261	-0,000482613337226212	-0,000957442098297179	-0,000957442098297179	-0,00127399468328804	-0,000482613337226212	44980,9020336806
110	0,391780312371	0,391757560866	1,511769355834	1,414898018237	0,047045301646	0,112370446324	-0,00079916586400941	-0,000957442098297179	-0,00127399468328804	-0,000640889629721642	-0,000957442098297179	-0,000957442098297179	-0,00127399468328804	-0,000640889629721642	44981,0035874074
111	0,391661510085	0,391633551858	1,511329081253	1,414455493288	0,047045301646	0,112370446324	-0,000957442098297179	-0,00079916586400941	-0,00111571839079261	-0,000640889629721642	-0,000957442098297179	-0,00079916586400941	-0,00111571839079261	-0,000482613337226212	44981,105139213
112	0,391515303172	0,391494038409	1,510776761796	1,413927015046	0,047045301646	0,112370446324	-0,00111571839079261	-0,00079916586400941	-0,00111571839079261	-0,000640889629721642	-0,000957442098297179	-0,00111571839079261	-0,00127399468328804	-0,000640889629721642	44981,2065796991
113	0,391393237294	0,391373981906	1,510318514765	1,413488512879	0,047045301646	0,112370446324	-0,000957442098297179	-0,00079916586400941	-0,00127399468328804	-0,000640889629721642	-0,000957442098297179	-0,00079916586400941	-0,00111571839079261	-0,000640889629721642	44981,3079327894
114	0,391306015242	0,391286121518	1,509990305632	1,413165188221	0,047045301646	0,112370446324	-0,00111571839079261	-0,000957442098297179	-0,00111571839079261	-0,000640889629721642	-0,00079916586400941	-0,00111571839079261	-0,00111571839079261	-0,000640889629721642	44981,4093402199
115	0,391212627032	0,391197056728	1,509630017235	1,412831500057	0,047045301646	0,112370446324	-0,000957442098297179	-0,000957442098297179	-0,00111571839079261	-0,000640889629721642	-0,00079916586400941	-0,00079916586400941	-0,00111571839079261	-0,000640889629721642	44981,5107456134
116	0,391119461379	0,391106579628	1,50927640007	1,412494135703	0,047045301646	0,112370446324	-0,00079916586400941	-0,000957442098297179	-0,00127399468328804	-0,000640889629721642	-0,00111571839079261	-0,00079916586400941	-0,00111571839079261	-0,000640889629721642	44981,6121261111
117	0,391037905688	0,3910200561	1,508980600873	1,412187059109	0,047045301646	0,112370446324	-0,000957442098297179	-0,000640889629721642	-0,00127399468328804	-0,000640889629721642	-0,00079916586400941	-0,000957442098297179	-0,00111571839079261	-0,000640889629721642	44981,7136129167
118	0,390909086709	0,390883122486	1,508486957243	1,411659761232	0,047045301646	0,112370446324	-0,000957442098297179	-0,00079916586400941	-0,00111571839079261	-0,000640889629721642	-0,000957442098297179	-0,000957442098297179	-0,00127399468328804	-0,000640889629721642	44981,8150039352
119	0,390796544691	0,390779826326	1,508070157477	1,411270445356	0,047045301646	0,112370446324	-0,000957442098297179	-0,000957442098297179	-0,00127399468328804	-0,000640889629721642	-0,00111571839079261	-0,00079916586400941	-0,00111571839079261	-0,000640889629721642	44981,9163909838
120	0,390644352882	0,390645474666	1,50749285367	1,410772298959	0,047045301646	0,112370446324	-0,00079916586400941	-0,00079916586400941	-0,00127399468328804	-0,000482613337226212	-0,000957442098297179	-0,00079916586400941	-0,00127399468328804	-0,000640889629721642	44982,0176381134
121	0,39053193305	0,390525392097	1,507061292838	1,410328057101	0,047045301646	0,112370446324	-0,00079916586400941	-0,000957442098297179	-0,00111571839079261	-0,000640889629721642	-0,00079916586400941	-0,00079916586400941	-0,00111571839079261	-0,000640889629721642	44982,118813588
122	0,390422302103	0,390401328832	1,506655233432	1,40986173004	0,047045301646	0,112370446324	-0,00111571839079261	-0,000957442098297179	-0,00111571839079261	-0,000640889629721642	-0,000957442098297179	-0,00079916586400941	-0,00127399468328804	-0,000640889629721642	44982,2199434491
123	0,390347891125	0,390349709892	1,506372446943	1,409650989621	0,047045301646	0,112370446324	-0,000957442098297179	-0,00079916586400941	-0,00111571839079261	-0,000640889629721642	-0,00079916586400941	-0,00079916586400941	-0,00111571839079261	-0,000640889629721642	44982,3211306944
124	0,390240745817	3,03494E-7	1,505953592531	9,69059E-7	0,047045301646	0,112370446324	-0,000957442098297179	-0,000957442098297179	-0,00127399468328804	-0,000640889629721642	-0,000957442098297179	-0,00079916586400941	-0,00127399468328804	-0,000640889629721642	44982,4292252778
125	3,17896289514509E-14	0,225478704341	1,18983970492767E-13	0,790822181208	0,046808000654	0,115270711482	-0,00079916586400941	-0,000957442098297179	-0,00111571839079261	-0,000640889629721642	-0,000957442098297179	-0,00079916586400941	-0,00127399468328804	-0,000640889629721642	44982,6877771759
126	0,396814980095	0,391030386671	1,528734351497	1,411953209279	0,046808000654	0,115270711482	-0,000957442098297179	-0,000957442098297179	-0,00127399468328804	-0,000640889629721642	-0,000957442098297179	-0,000957442098297179	-0,00111571839079261	-0,000640889629721642	44982,7898148148
127	0,39095814769	0,390726874341	1,508604689654	1,410898875204	0,046808000654	0,115270711482	-0,00079916586400941	-0,000640889629721642	-0,00111571839079261	-0,000640889629721642	-0,00079916586400941	-0,000957442098297179	-0,00127399468328804	-0,000482613337226212	44982,8911450347
128	0,390620449241	0,390480131508	1,50731162425	1,410020723352	0,046808000654	0,115270711482	-0,00079916586400941	-0,00079916586400941	-0,00127399468328804	-0,000482613337226212	-0,000957442098297179	-0,00079916586400941	-0,00111571839079261	-0,000640889629721642	44982,9924009375
129	0,39041122425	0,390316105076	1,50654146221	1,409442244909	0,046808000654	0,115270711482	-0,000957442098297179	-0,00079916586400941	-0,00111571839079261	-0,000640889629721642	-0,00079916586400941	-0,00079916586400941	-0,00111571839079261	-0,000640889629721642	44983,0937327315
130	0,390195462949	0,390113359302	1,505725199105	1,408703019017	0,046808000654	0,115270711482	-0,000957442098297179	-0,000957442098297179	-0,00111571839079261	-0,000640889629721642	-0,000957442098297179	-0,00079916586400941	-0,00111571839079261	-0,000640889629721642	44983,1949009375
131	0,39000039262	0,389938910533	1,504981411206	1,408061901452	0,046808000654	0,115270711482	-0,000957442098297179	-0,00079916586400941	-0,00111571839079261	-0,000640889629721642	-0,00079916586400941	-0,00079916586400941	-0,00111571839079261	-0,000640889629721642	44983,2959417014
132	0,38986132818	0,389810611407	1,504459843831	1,408133403783	0,046808000654	0,115270711482	-0,000957442098297179	-0,000957442098297179	-0,00111571839079261	-0,000640889629721642	-0,000957442098297179	-0,000957442098297179	-0,00127399468328804	-0,000640889629721642	44983,3980665857
133	0,389691424639	0,389643147244	1,503832894421	1,406966397537	0,046808000654	0,115270711482	-0,00079916586400941	-0,00079916586400941	-0,00111571839079261	-0,000640889629721642	-0,00079916586400941	-0,000957442098297179	-0,00111571839079261	-0,000640889629721642	44983,4990533912
134	0,38958382935	0,389548662322	1,503439733274	1,406795252869	0,046808000654	0,115270711482	-0,000957442098297179	-0,00079916586400941	-0,00111571839079261	-0,000640889629721642	-0,00079916586400941	-0,00111571839079261	-0,00111571839079261	-0,000640889629721642	44983,6003542593
135	0,386965482495	0,386996576506	1,49252390976	1,396459462936	0,046808000654	0,115270711482	-0,00079916586400941	-0,000957442098297179	-0,00111571839079261	-0,000640889629721642	-0,000957442098297179	-0,00079916586400941	-0,00111571839079261	-0,000640889629721642	44983,6945171065
136	0,389348142329	0,389315077428	1,502587744566	1,405745703047	0,046808000654	0,115270711482	-0,000957442098297179	-0,000957442098297179	-0,00111571839079261	-0,000640889629721642	-0,000957442098297179	-0,000640889629721642	-0,00111571839079261	-0,000640889629721642	44983,7954740394
137	0,389243994243	0,38921948686	1,502187494608	1,405381546143	0,046808000654	0,115270711482	-0,000957442098297179	-0,000957442098297179	-0,00111571839079261	-0,000640889629721642	-0,000957442098297179	-0,000957442098297179	-0,00127399468328804	-0,000640889629721642	44983,8963881481
138	0,389105176105	0,389092868133	1,501669273957	1,404917114646	0,046808000654	0,115270711482	-0,00079916586400941	-0,000640889629721642	-0,00111571839079261	-0,000640889629721642	-0,000957442098297179	-0,000640889629721642	-0,00111571839079261	-0,000640889629721642	44983,997249838
139	0,389078892897	0,389065822152	1,501607314086	1,404833761787	0,046808000654	0,115270711482	-0,000957442098297179	-0,00079916586400941	-0,00111571839079261	-0,000640889629721642	-0,000957442098297179	-0,00079916586400941	-0,00127399468328804	-0,000640889629721642	44984,0984012269
140	0,388914593718	0,388909481394	1,500967065106	1,404243142216	0,046808000654	0,115270711482	-0,000957442098297179	-0,00079916586400941	-0,00111571839079261	-0,000482613337226212	-0,000957442098297179	-0,000957442098297179	-0,00127399468328804	-0,000640889629721642	44984,1992240162
141	0,388808399293	0,388808754474	1,500580403023	1,403857528676	0,046808000654	0,115270711482	-0,00079916586400941	-0,00079916586400941	-0,00127399468328804	-0,000640889629721642	-0,00079916586400941	-0,000957442098297179	-0,00111571839079261	-0,000640889629721642	44984,3000254051
142	0,388715182624	0,388693773291	1,500207987031	1,403473286335	0,046808000654	0,115270711482	-0,00079916586400941	-0,000957442098297179	-0,00127399468328804	-0,000640889629721642	-0,000640889629721642	-0,000957442098297179	-0,00111571839079261	-0,000640889629721642	44984,4008297106
143	0,388569950799	0,388581403523	1,499657199979	1,40303451857	0,046808000654	0,115270711482	-0,000957442098297179	-0,000957442098297179	-0,00127399468328804	-0,000640889629721642	-0,000957442098297179	-0,00079916586400941	-0,00111571839079261	-0,000640889629721642	44984,5015984491
144	0,388042424144	0,386744708336	1,496877888334	1,396051227969	0,046808000654	0,115270711482	-0,000482613337226212	-0,000957442098297179	-0,00111571839079261	-0,000482613337226212	-0,000957442098297179	-0,00079916586400941	-0,00111571839079261	-0,000640889629721642	44984,7927892824
145	0,386866773646	0,387088242113	1,493659550886	1,397607386698	0,046808000654	0,115270711482	-0,000957442098297179	-0,000957442098297179	-0,00111571839079261	-0,000640889629721642	-0,00079916586400941	-0,00079916586400941	-0,00111571839079261	-0,000640889629721642	44984,8933508218
146	0,38699707551	0,387097330768	1,49412314133	1,397649317649	0,046808000654	0,115270711482	-0,00079916586400941	-0,00111571839079261	-0,00111571839079261	-0,000640889629721642	-0,00079916586400941	-0,00079916586400941	-0,00111571839079261	-0,000640889629721642	44984,9939117014
147	0,38700941015	0,38706759136	1,494172434328	1,397520502078	0,046808000654	0,115270711482	-0,000957442098297179	-0,000957442098297179	-0,00111571839079261	-0,000640889629721642	-0,00079916586400941	-0,000957442098297179	-0,00111571839079261	-0,000482613337226212	44985,0944899653
148	0,38695175579	0,387005636764	1,49395001896	1,397276860883	0,046808000654	0,115270711482	-0,000957442098297179	-0,000957442098297179	-0,00111571839079261	-0,000640889629721642	-0,000957442098297179	-0,00079916586400941	-0,00111571839079261	-0,000640889629721642	44985,1950001273
149	0,386893831106	0,386922968255	1,493713544505	1,396948195358	0,046808000654	0,115270711482	-0,00079916586400941	-0,000957442098297179	-0,00111571839079261	-0,000640889629721642	-0,00079916586400941	-0,000957442098297179	-0,00127399468328804	-0,000640889629721642	44985,2954035185
150	0,38687382204	0,386921674206	1,493655253366	1,396951470717	0,046808000654	0,115270711482	-0,000957442098297179	-0,000957442098297179	-0,00127399468328804	-0,000640889629721642	-0,000957442098297179	-0,000957442098297179	-0,00111571839079261	-0,000640889629721642	44985,3959746991
151	0,386797438998	0,386844148841	1,493325295239	1,396662484094	0,046808000654	0,115270711482	-0,00079916586400941	-0,000957442098297179	-0,00111571839079261	-0,000640889629721642	-0,00079916586400941	-0,00079916586400941	-0,00111571839079261	-0,000640889629721642	44985,4963662616
152	0,386769916612	0,386795072013	1,493220618352	1,396488562531	0,046808000654	0,115270711482	-0,000957442098297179	-0,00079916586400941	-0,00111571839079261	-0,000640889629721642	-0,00079916586400941	-0,00079916586400941	-0,00111571839079261	-0,000640889629721642	44985,5968115972
153	0,386704942907	0,386735667789	1,492969430148	1,396277521909	0,046808000654	0,115270711482	-0,000957442098297179	-0,000957442098297179	-0,00111571839079261	-0,000640889629721642	-0,00079916586400941	-0,00079916586400941	-0,00111571839079261	-0,000640889629721642	44985,6973144329
154	0,386590686643	0,386618141745	1,492523510736	1,395835938729	0,046808000654	0,115270711482	-0,00079916586400941	-0,000957442098297179	-0,00127399468328804	-0,000640889629721642	-0,000957442098297179	-0,00079916586400941	-0,00111571839079261	-0,000640889629721642	44985,7975899074
155	0,386535399183	0,386562615225	1,492331604459	1,395608045068	0,046808000654	0,115270711482	-0,00079916586400941	-0,00079916586400941	-0,00111571839079261	-0,000640889629721642	-0,000957442098297179	-0,000957442098297179	-0,00111571839079261	-0,000482613337226212	44985,8979946991
156	0,386486312534	0,38650447284	1,4921686833	1,395403143414	0,046808000654	0,115270711482	-0,000957442098297179	-0,000957442098297179	-0,00111571839079261	-0,000640889629721642	-0,00079916586400941	-0,00079916586400941	-0,00111571839079261	-0,000640889629721642	44985,9985171991
157	0,386349117908	0,386375287843	1,491650604319	1,394897577183	0,046808000654	0,115270711482	-0,000957442098297179	-0,00111571839079261	-0,00111571839079261	-0,000640889629721642	-0,000957442098297179	-0,000957442098297179	-0,00111571839079261	-0,000482613337226212	44986,0988489468
158	0,386280518227	0,386310747051	1,491402105574	1,394668125695	0,046808000654	0,115270711482	-0,00079916586400941	-0,000957442098297179	-0,00111571839079261	-0,000640889629721642	-0,00079916586400941	-0,00079916586400941	-0,00111571839079261	-0,000640889629721642	44986,199179838
159	0,386209611376	0,386238389622	1,491136222078	1,394387180042	0,046808000654	0,115270711482	-0,00079916586400941	-0,000957442098297179	-0,00111571839079261	-0,000640889629721642	-0,000957442098297179	-0,000957442098297179	-0,00111571839079261	-0,000640889629721642	44986,2994948727
160	0,386123377285	0,386160911089	1,490814323809	1,39409541619	0,046808000654	0,115270711482	-0,000957442098297179	-0,00079916586400941	-0,00111571839079261	-0,000640889629721642	-0,000957442098297179	-0,00079916586400941	-0,00127399468328804	-0,000640889629721642	44986,3997917014
161	0,386038926524	0,386056310071	1,490487912269	1,393713302942	0,046808000654	0,115270711482	-0,00079916586400941	-0,000957442098297179	-0,00127399468328804	-0,000640889629721642	-0,00079916586400941	-0,000957442098297179	-0,00111571839079261	-0,000640889629721642	44986,4999942824
162	0,385979364613	0,386013597949	1,49027684927	1,393538833577	0,046808000654	0,115270711482	-0,00079916586400941	-0,000957442098297179	-0,00111571839079261	-0,000640889629721642	-0,000640889629721642	-0,00079916586400941	-0,00111571839079261	-0,000640889629721642	44986,6002856366
163	0,385958456442	0,386043333118	1,490203677444	1,393464523183	0,046808000654	0,115270711482	-0,00079916586400941	-0,000957442098297179	-0,00127399468328804	-0,000640889629721642	-0,000957442098297179	-0,000957442098297179	-0,00127399468328804	-0,000640889629721642	44986,700595787
164	0,385998431401	0,385991626017	1,490111643316	1,393418697852	0,046808000654	0,115270711482	-0,000957442098297179	-0,00079916586400941	-0,00111571839079261	-0,000640889629721642	-0,000957442098297179	-0,000957442098297179	-0,00111571839079261	-0,000640889629721642	44986,8008689005
165	0,38591344155	0,385937485312	1,489978458181	1,39322343015	0,046808000654	0,115270711482	-0,000957442098297179	-0,00079916586400941	-0,00111571839079261	-0,000640889629721642	-0,000957442098297179	-0,000957442098297179	-0,00111571839079261	-0,000640889629721642	44986,9011874653
166	0,385849360916	0,385888301459	1,489727788861	1,39301899165	0,046808000654	0,115270711482	-0,000957442098297179	-0,00079916586400941	-0,00111571839079261	-0,000640889629721642	-0,000957442098297179	-0,00079916586400941	-0,00127399468328804	-0,000640889629721642	44987,0014785301
167	0,385814560704	0,385840543262	1,489583306267	1,39283358184	0,046808000654	0,115270711482	-0,00079916586400941	-0,000957442098297179	-0,00111571839079261	-0,000640889629721642	-0,000957442098297179	-0,00079916586400941	-0,00127399468328804	-0,000640889629721642	44987,1018327662
168	0,38571005952	0,385751460033	1,48916979292	1,392511592771	0,046808000654	0,115270711482	-0,000957442098297179	-0,000957442098297179	-0,00111571839079261	-0,000640889629721642	-0,000957442098297179	-0,00079916586400941	-0,00111571839079261	-0,000640889629721642	44987,2020280208
169	0,385655739494	0,385686833414	1,488976317571	1,392263721831	0,046808000654	0,115270711482	-0,000957442098297179	-0,000957442098297179	-0,00111571839079261	-0,000640889629721642	-0,000957442098297179	-0,00079916586400941	-0,00111571839079261	-0,000640889629721642	44987,3022315162
170	0,385584224511	0,385611957392	1,488710382561	1,391989950864	0,046808000654	0,115270711482	-0,000957442098297179	-0,00079916586400941	-0,00127399468328804	-0,000640889629721642	-0,000957442098297179	-0,000957442098297179	-0,00111571839079261	-0,000640889629721642	44987,4024518634
171	0,385518357123	0,385556426422	1,488443912039	1,391760611698	0,046808000654	0,115270711482	-0,000640889629721642	-0,000957442098297179	-0,00111571839079261	-0,000640889629721642	-0,000957442098297179	-0,00079916586400941	-0,00111571839079261	-0,000482613337226212	44987,5025726968
172	0,385461618071	0,385494422655	1,488212441221	1,391540498315	0,046808000654	0,115270711482	-0,000957442098297179	-0,000957442098297179	-0,00111571839079261	-0,000640889629721642	-0,000957442098297179	-0,00079916586400941	-0,00111571839079261	-0,000640889629721642	44987,6026693403
173	0,385408494925	0,385456986764	1,48801360314	1,391413175038	0,046808000654	0,115270711482	-0,000957442098297179	-0,000957442098297179	-0,00111571839079261	-0,000640889629721642	-0,00079916586400941	-0,00079916586400941	-0,00127399468328804	-0,000640889629721642	44987,7027988194
174	0,385360749947	0,385393671575	1,487845037708	1,391166115312	0,046808000654	0,115270711482	-0,00079916586400941	-0,00079916586400941	-0,00111571839079261	-0,000640889629721642	-0,00079916586400941	-0,00079916586400941	-0,00111571839079261	-0,000482613337226212	44987,802988044
175	0,385270710073	2,54538E-7	1,487518489407	8,09272E-7	0,046808000654	0,115270711482	-0,000957442098297179	-0,00079916586400941	-0,00111571839079261	-0,000640889629721642	-0,00079916586400941	-0,00079916586400941	-0,00127399468328804	-0,000640889629721642	44987,9100902662
176	0	0,221226695706	0	0,775943604693	0,047880265862	0,119212307036	-0,00079916586400941	-0,000957442098297179	-0,000957442098297179	-0,000640889629721642	-0,00079916586400941	-0,000957442098297179	-0,00111571839079261	-0,000640889629721642	44988,1656075579
177	0,391258780437	0,386118247711	1,508425423474	1,393647141511	0,047880265862	0,119212307036	-0,000957442098297179	-0,000957442098297179	-0,00111571839079261	-0,000640889629721642	-0,00111571839079261	-0,000957442098297179	-0,00111571839079261	-0,000640889629721642	44988,266754919
178	0,385989073359	0,385818648684	1,490195925657	1,392578600118	0,047880265862	0,119212307036	-0,00079916586400941	-0,000957442098297179	-0,00111571839079261	-0,000640889629721642	-0,00079916586400941	-0,00079916586400941	-0,00111571839079261	-0,000640889629721642	44988,367133206
179	0,385699713135	0,385596459311	1,489085298854	1,391783176355	0,047880265862	0,119212307036	-0,000957442098297179	-0,000957442098297179	-0,00111571839079261	-0,000640889629721642	-0,00079916586400941	-0,00079916586400941	-0,00111571839079261	-0,000640889629721642	44988,4673835648
180	0,385483692801	0,38543501547	1,488250060646	1,391214766725	0,047880265862	0,119212307036	-0,00079916586400941	-0,00079916586400941	-0,00111571839079261	-0,000640889629721642	-0,00079916586400941	-0,00079916586400941	-0,00111571839079261	-0,000640889629721642	44988,5675573148
181	0,385337763245	0,385322576187	1,487699441255	1,390903527762	0,047880265862	0,119212307036	-0,000957442098297179	-0,00079916586400941	-0,00111571839079261	-0,000640889629721642	-0,00079916586400941	-0,000640889629721642	-0,00127399468328804	-0,000640889629721642	44988,6677000463
182	0,385237562011	0,385220603961	1,48729466206	1,390480735212	0,047880265862	0,119212307036	-0,00079916586400941	-0,00079916586400941	-0,00111571839079261	-0,000482613337226212	-0,000957442098297179	-0,00111571839079261	-0,00111571839079261	-0,000640889629721642	44988,7677606366
183	0,385138594956	0,385123682257	1,486904803922	1,390129500898	0,047880265862	0,119212307036	-0,000957442098297179	-0,00079916586400941	-0,00111571839079261	-0,000640889629721642	-0,000957442098297179	-0,000957442098297179	-0,00111571839079261	-0,000640889629721642	44988,867818125
184	0,385032066881	0,385022968049	1,486527972497	1,389768632733	0,047880265862	0,119212307036	-0,000957442098297179	-0,00079916586400941	-0,00111571839079261	-0,000640889629721642	-0,000957442098297179	-0,00111571839079261	-0,00111571839079261	-0,000640889629721642	44988,9679719676
185	0,384935607279	0,384942878956	1,486182726056	1,389475158969	0,047880265862	0,119212307036	-0,00079916586400941	-0,000957442098297179	-0,00111571839079261	-0,000640889629721642	-0,000957442098297179	-0,00079916586400941	-0,00111571839079261	-0,000640889629721642	44989,0681672107
186	0,38480945649	0,38481763926	1,485709017947	1,388994880742	0,047880265862	0,119212307036	-0,000957442098297179	-0,00079916586400941	-0,00111571839079261	-0,000640889629721642	-0,00079916586400941	-0,00079916586400941	-0,00111571839079261	-0,000640889629721642	44989,1682161227
187	0,38471607892	0,384736240645	1,48536082495	1,388696632454	0,047880265862	0,119212307036	-0,000640889629721642	-0,00079916586400941	-0,00111571839079261	-0,000640889629721642	-0,000957442098297179	-0,000957442098297179	-0,00111571839079261	-0,000640889629721642	44989,2682560764
188	0,38462892611	0,384640604302	1,485017767882	1,388349482905	0,047880265862	0,119212307036	-0,00079916586400941	-0,00111571839079261	-0,00111571839079261	-0,000640889629721642	-0,000957442098297179	-0,000957442098297179	-0,00111571839079261	-0,000640889629721642	44989,368269838
189	0,384526456941	0,384548948232	1,484650545846	1,387996977025	0,047880265862	0,119212307036	-0,00079916586400941	-0,000957442098297179	-0,00111571839079261	-0,000640889629721642	-0,000957442098297179	-0,00079916586400941	-0,00111571839079261	-0,000482613337226212	44989,4682116435
190	0,384445558181	0,384470187095	1,484353741619	1,38769092608	0,047880265862	0,119212307036	-0,00079916586400941	-0,000957442098297179	-0,00111571839079261	-0,000482613337226212	-0,00079916586400941	-0,000957442098297179	-0,00111571839079261	-0,000640889629721642	44989,5681143403
191	0,384376104419	0,384411965451	1,484096917089	1,387493046813	0,047880265862	0,119212307036	-0,00079916586400941	-0,000957442098297179	-0,00111571839079261	-0,000640889629721642	-0,00079916586400941	-0,00079916586400941	-0,00111571839079261	-0,000640889629721642	44989,6680314352
192	0,384287038647	0,38431387749	1,483766875301	1,38712633678	0,047880265862	0,119212307036	-0,00079916586400941	-0,00079916586400941	-0,00111571839079261	-0,000640889629721642	-0,000957442098297179	-0,00079916586400941	-0,00111571839079261	-0,000640889629721642	44989,7679471643
193	0,384211284722	0,384247993908	1,483492612951	1,386886449955	0,047880265862	0,119212307036	-0,000957442098297179	-0,00079916586400941	-0,00111571839079261	-0,000640889629721642	-0,000957442098297179	-0,00079916586400941	-0,00111571839079261	-0,000640889629721642	44989,8678576968
194	0,384124856946	0,384160149629	1,483152945817	1,386551390514	0,047880265862	0,119212307036	-0,00079916586400941	-0,00079916586400941	-0,00111571839079261	-0,000640889629721642	-0,00079916586400941	-0,000957442098297179	-0,00111571839079261	-0,000640889629721642	44989,9676561227
195	0,3840639456	0,384100699206	1,482936388597	1,38631781724	0,047880265862	0,119212307036	-0,000957442098297179	-0,00079916586400941	-0,00111571839079261	-0,000640889629721642	-0,00079916586400941	-0,000957442098297179	-0,00111571839079261	-0,000640889629721642	44990,0675054745
196	0,384000322006	0,384027115754	1,482702349567	1,386048523247	0,047880265862	0,119212307036	-0,00079916586400941	-0,00079916586400941	-0,00111571839079261	-0,000640889629721642	-0,00079916586400941	-0,000957442098297179	-0,00111571839079261	-0,000640889629721642	44990,1673716204
197	0,383915608682	0,383957427375	1,48238106033	1,38578665653	0,047880265862	0,119212307036	-0,00079916586400941	-0,000957442098297179	-0,00111571839079261	-0,000640889629721642	-0,00079916586400941	-0,00079916586400941	-0,00127399468328804	-0,000482613337226212	44990,2671919792
198	0,383844529458	0,383875993367	1,482117539282	1,385481425253	0,047880265862	0,119212307036	-0,00079916586400941	-0,00079916586400941	-0,00111571839079261	-0,000640889629721642	-0,00079916586400941	-0,00079916586400941	-0,00111571839079261	-0,000482613337226212	44990,3669896644
199	0,383783225894	0,383817891464	1,481914226797	1,385248601984	0,047880265862	0,119212307036	-0,000957442098297179	-0,00079916586400941	-0,00111571839079261	-0,000482613337226212	-0,00079916586400941	-0,00079916586400941	-0,00111571839079261	-0,000640889629721642	44990,4668508565
200	0,383699732607	0,383733881224	1,481589155825	1,38494477809	0,047880265862	0,119212307036	-0,000957442098297179	-0,00079916586400941	-0,00111571839079261	-0,000640889629721642	-0,00111571839079261	-0,000640889629721642	-0,00111571839079261	-0,000640889629721642	44990,566634456
201	0,383606773864	0,383656420281	1,481240514038	1,384652994341	0,047880265862	0,119212307036	-0,000957442098297179	-0,00079916586400941	-0,00111571839079261	-0,000640889629721642	-0,00079916586400941	-0,00111571839079261	-0,00111571839079261	-0,000640889629721642	44990,6662832523
202	0,383537793619	0,383573709814	1,480983443945	1,384337863701	0,047880265862	0,119212307036	-0,000640889629721642	-0,00079916586400941	-0,00111571839079261	-0,000482613337226212	-0,00079916586400941	-0,000957442098297179	-0,00111571839079261	-0,000640889629721642	44990,7658820833
203	0,38349518511	0,383532392621	1,480844327391	1,384185266544	0,047880265862	0,119212307036	-0,00079916586400941	-0,000957442098297179	-0,00111571839079261	-0,000640889629721642	-0,000957442098297179	-0,000957442098297179	-0,00111571839079261	-0,000640889629721642	44990,8656005324
204	0,383438930131	0,383475598963	1,480627134153	1,383965235302	0,047880265862	0,119212307036	-0,000957442098297179	-0,00079916586400941	-0,00111571839079261	-0,000640889629721642	-0,00079916586400941	-0,000957442098297179	-0,00111571839079261	-0,000640889629721642	44990,9653272917
205	0,383362410092	0,383411026388	1,480350336135	1,383718618223	0,047880265862	0,119212307036	-0,000957442098297179	-0,00079916586400941	-0,00127399468328804	-0,000640889629721642	-0,000957442098297179	-0,00079916586400941	-0,00111571839079261	-0,000482613337226212	44991,0650478009
206	0,383312339282	0,383347762481	1,480163114372	1,38349412438	0,047880265862	0,119212307036	-0,000957442098297179	-0,000957442098297179	-0,00111571839079261	-0,000640889629721642	-0,000957442098297179	-0,00079916586400941	-0,00111571839079261	-0,000640889629721642	44991,1647992593
207	0,383219275077	0,383267657704	1,47982688755	1,383184854575	0,047880265862	0,119212307036	-0,00079916586400941	-0,00079916586400941	-0,00111571839079261	-0,000640889629721642	-0,000957442098297179	-0,00079916586400941	-0,00111571839079261	-0,000640889629721642	44991,2644898843
208	0,383138246373	0,383177244608	1,479513049656	1,382851850395	0,047880265862	0,119212307036	-0,000957442098297179	-0,000957442098297179	-0,00111571839079261	-0,000640889629721642	-0,000957442098297179	-0,000957442098297179	-0,00111571839079261	-0,000482613337226212	44991,3640649421
209	0,383065262164	0,383106190973	1,479253102746	1,382601420024	0,047880265862	0,119212307036	-0,000957442098297179	-0,00079916586400941	-0,00111571839079261	-0,000640889629721642	-0,000957442098297179	-0,000957442098297179	-0,00111571839079261	-0,000640889629721642	44991,463674375
210	0,382999959413	0,383051905308	1,479022805463	1,382386840864	0,047880265862	0,119212307036	-0,00079916586400941	-0,00079916586400941	-0,00111571839079261	-0,000640889629721642	-0,00079916586400941	-0,000957442098297179	-0,00111571839079261	-0,000640889629721642	44991,5632733218
211	0,382959169176	0,38300022512	1,478869719342	1,382180106582	0,047880265862	0,119212307036	-0,00079916586400941	-0,000640889629721642	-0,00111571839079261	-0,000640889629721642	-0,00079916586400941	-0,000957442098297179	-0,00111571839079261	-0,000640889629721642	44991,6629088657
212	0,382900264187	0,382939508625	1,478647013256	1,381965190499	0,047880265862	0,119212307036	-0,00079916586400941	-0,00079916586400941	-0,00111571839079261	-0,000640889629721642	-0,00079916586400941	-0,000957442098297179	-0,00111571839079261	-0,000640889629721642	44991,7625401505
213	0,382829833692	0,382863318209	1,478398798075	1,381687135109	0,047880265862	0,119212307036	-0,000957442098297179	-0,00079916586400941	-0,00127399468328804	-0,000640889629721642	-0,000957442098297179	-0,00079916586400941	-0,00111571839079261	-0,000640889629721642	44991,8621859491
214	0,382754934438	0,382806522647	1,478119157422	1,381469889295	0,047880265862	0,119212307036	-0,000957442098297179	-0,00079916586400941	-0,00111571839079261	-0,000640889629721642	-0,00079916586400941	-0,000957442098297179	-0,00111571839079261	-0,000640889629721642	44991,961790081
215	0,382685294167	0,382725197569	1,477860728389	1,381160118117	0,047880265862	0,119212307036	-0,00079916586400941	-0,000957442098297179	-0,00111571839079261	-0,000482613337226212	-0,00111571839079261	-0,000957442098297179	-0,00127399468328804	-0,000640889629721642	44992,0613568866
216	0,382603882912	0,382648957987	1,477573802373	1,380881317823	0,047880265862	0,119212307036	-0,000957442098297179	-0,00079916586400941	-0,00111571839079261	-0,000482613337226212	-0,00079916586400941	-0,00079916586400941	-0,00111571839079261	-0,000640889629721642	44992,1608986458
217	0,382545614074	0,382597272926	1,477360453933	1,380688097891	0,047880265862	0,119212307036	-0,000957442098297179	-0,00079916586400941	-0,00111571839079261	-0,000640889629721642	-0,000640889629721642	-0,000957442098297179	-0,00111571839079261	-0,000482613337226212	44992,2604416898
218	0,382466455356	0,382517196969	1,477053383967	1,380397451284	0,047880265862	0,119212307036	-0,00079916586400941	-0,00111571839079261	-0,00111571839079261	-0,000640889629721642	-0,000957442098297179	-0,000957442098297179	-0,00111571839079261	-0,000640889629721642	44992,3598913773
219	0,382411701356	0,38245647878	1,476856043928	1,380175373317	0,047880265862	0,119212307036	-0,000957442098297179	-0,000957442098297179	-0,00111571839079261	-0,000640889629721642	-0,00079916586400941	-0,000640889629721642	-0,00111571839079261	-0,000640889629721642	44992,4593465625
220	0,382363141196	0,382408643016	1,476682232972	1,380008798193	0,047880265862	0,119212307036	-0,00079916586400941	-0,00079916586400941	-0,00111571839079261	-0,000640889629721642	-0,00079916586400941	-0,00079916586400941	-0,00127399468328804	-0,000640889629721642	44992,5588947917
221	0,382314655371	0,382367354222	1,476496701395	1,379841736064	0,047880265862	0,119212307036	-0,00079916586400941	-0,00079916586400941	-0,00111571839079261	-0,000640889629721642	-0,00079916586400941	-0,000957442098297179	-0,00127399468328804	-0,000640889629721642	44992,6584529745
222	0,382235835153	0,382276934132	1,476192243087	1,379481593641	0,047880265862	0,119212307036	-0,00079916586400941	-0,00079916586400941	-0,00111571839079261	-0,000482613337226212	-0,00079916586400941	-0,000957442098297179	-0,00111571839079261	-0,000640889629721642	44992,7578653819
223	0,382163009142	0,382209785748	1,475913093075	1,379246630428	0,047880265862	0,119212307036	-0,000957442098297179	-0,000957442098297179	-0,00111571839079261	-0,000640889629721642	-0,00079916586400941	-0,000957442098297179	-0,00111571839079261	-0,000640889629721642	44992,8572604514
224	0,382123063954	0,38217355744	1,475784276851	1,379109830103	0,047880265862	0,119212307036	-0,000957442098297179	-0,00079916586400941	-0,00111571839079261	-0,000640889629721642	-0,00111571839079261	-0,00079916586400941	-0,00111571839079261	-0,000640889629721642	44992,9566999074
225	0,382092157609	0,38213872512	1,475682606726	1,378980479679	0,047880265862	0,119212307036	-0,000957442098297179	-0,00079916586400941	-0,00111571839079261	-0,000640889629721642	-0,00079916586400941	-0,00079916586400941	-0,00127399468328804	-0,000640889629721642	44993,0562144213
226	0,382022182072	2,68737E-7	1,475415778206	8,52377E-7	0,047880265862	0,119212307036	-0,00079916586400941	-0,000957442098297179	-0,00111571839079261	-0,000640889629721642	-0,00079916586400941	-0,000957442098297179	-0,00111571839079261	-0,000640889629721642	44993,1626744444
227	0	0,21866352656	0	0,766937243475	0,050080295652	0,121735289693	-0,000957442098297179	-0,000957442098297179	-0,00111571839079261	-0,00079916586400941	-0,00079916586400941	-0,000957442098297179	-0,00111571839079261	-0,000640889629721642	44993,4164808681
228	0,387583287354	0,382748389589	1,494929350497	1,381069770776	0,050080295652	0,121735289693	-0,000957442098297179	-0,000957442098297179	-0,00111571839079261	-0,000640889629721642	-0,000957442098297179	-0,00079916586400941	-0,00111571839079261	-0,000640889629721642	44993,5168716435
229	0,382665473233	0,382530113944	1,477858857653	1,38028373944	0,050080295652	0,121735289693	-0,00079916586400941	-0,000957442098297179	-0,00111571839079261	-0,000482613337226212	-0,00079916586400941	-0,000957442098297179	-0,00111571839079261	-0,000482613337226212	44993,6165661458
230	0,382382326495	0,382314372567	1,476733969088	1,379503495912	0,050080295652	0,121735289693	-0,00111571839079261	-0,00079916586400941	-0,00111571839079261	-0,000482613337226212	-0,00079916586400941	-0,00079916586400941	-0,00111571839079261	-0,000640889629721642	44993,7160811574
231	0,382226336557	0,382195555439	1,476149880004	1,379091427227	0,050080295652	0,121735289693	-0,00079916586400941	-0,000957442098297179	-0,00111571839079261	-0,000482613337226212	-0,000640889629721642	-0,000640889629721642	-0,00111571839079261	-0,000640889629721642	44993,8155762269
232	0,382082976472	0,382078042744	1,475592901559	1,378669776262	0,050080295652	0,121735289693	-0,000957442098297179	-0,000957442098297179	-0,00111571839079261	-0,000640889629721642	-0,000640889629721642	-0,000957442098297179	-0,00111571839079261	-0,000640889629721642	44993,9149725926
233	0,381996411444	0,382007076849	1,475283411658	1,378430805906	0,050080295652	0,121735289693	-0,000482613337226212	-0,00079916586400941	-0,00111571839079261	-0,000482613337226212	-0,00079916586400941	-0,00079916586400941	-0,00111571839079261	-0,000640889629721642	44994,0144966551
234	0,381870299964	0,381881721017	1,474799570451	1,377967463103	0,050080295652	0,121735289693	-0,00079916586400941	-0,00079916586400941	-0,00127399468328804	-0,000640889629721642	-0,00079916586400941	-0,00079916586400941	-0,00111571839079261	-0,000640889629721642	44994,1138375
235	0,381805813267	0,381827406952	1,474578532468	1,3777617714	0,050080295652	0,121735289693	-0,00079916586400941	-0,00079916586400941	-0,00111571839079261	-0,000640889629721642	-0,00079916586400941	-0,000957442098297179	-0,00111571839079261	-0,000640889629721642	44994,2132824537
236	0,381690115946	0,381721500227	1,474121756284	1,377364798114	0,050080295652	0,121735289693	-0,000957442098297179	-0,000640889629721642	-0,00111571839079261	-0,000640889629721642	-0,00079916586400941	-0,00079916586400941	-0,00111571839079261	-0,000482613337226212	44994,3125217361
237	0,381619413459	0,381638863512	1,473879967029	1,37705619278	0,050080295652	0,121735289693	-0,00111571839079261	-0,000957442098297179	-0,00111571839079261	-0,000640889629721642	-0,00079916586400941	-0,00079916586400941	-0,00111571839079261	-0,000640889629721642	44994,4118497222
238	0,38152040265	0,381567872818	1,473511433358	1,376782948082	0,050080295652	0,121735289693	-0,000640889629721642	-0,000957442098297179	-0,00111571839079261	-0,000640889629721642	-0,00111571839079261	-0,000957442098297179	-0,00111571839079261	-0,000482613337226212	44994,5110642014
239	0,359136827489		1,379507774839		0,050080295652	0,121735289693	-0,00079916586400941	-0,00079916586400941	-0,00127399468328804	-0,000482613337226212					44994,5514716667
