TesterID:	Maccor#2				
Channel Number:	34				
TestName:	KAI_Zelltest_regulaer_fix_no_degass.000				
TestDesc:	Regular cycling: formation, followed by pulse, C-rate quick charge and cycling t				
StartDateTime:	44902,4321168171				
Comment:					
					
					
Cycle	AH-IN	AH-OUT	WH-IN	WH-OUT	Date
0		9,97087434195468E-9		2,59130150824319E-9	44903,6405779977
1	0,417692200078	0,355226962666	1,55316105928	1,302527606243	44904,0804747917
2	0,358455845528	0,354639419324	1,346416855212	1,301219955819	44904,4937476852
3	0,366655859014	2,1839E-8	1,380767014774	6,945E-8	44904,9776695255
4	2,79748734772768E-12	1,6107E-8	1,04960259573111E-11	5,1779E-8	44905,2777458681
5	0,357265195154	0,355078782915	1,352487360302	1,304054369754	44905,5392637037
6	0,355506904204	0,353658015806	1,345620551166	1,299066814996	44905,8062798727
7	0,354077560146	0,352424437158	1,340066318441	1,294746748879	44906,072219213
8	0,352698915472	0,334785100755	1,334729323463	1,209385671638	44906,2562784259
9	0,335352649146	0,33296959887	1,274873216615	1,203006353382	44906,4342262732
10	0,333539327998	0,331535365896	1,268278084402	1,1979137655	44906,6113863657
11	0,332149930899	0,25464435026	1,263178530289	0,903753826065	44906,764852037
12	0,255034712312	0,24745439177	0,987759309295	0,879678986559	44906,891820081
13	0,247840469731	0,240332666328	0,961424225001	0,855167131782	44907,016044213
14	0,240622903807	0,343800039782	0,93493843127	1,263916752615	44907,2399278009
15	0,343823448449	0,343681326543	1,30167812894	1,263505460198	44907,498404213
16	0,344069557297	2,5008E-8	1,302354367986	7,9174E-8	44907,764001169
17	0,301253634029	0,301458475541	1,14671503997	1,092265614439	44907,9061695023
18	0,300597541018	0,300341198952	1,144300494327	1,087908716095	44908,0547632292
19	0,299856608058	0,299391148515	1,14163981123	1,084340997151	44908,2029578472
20	0,277592663038	0,269325514204	1,078452011217	0,969848002044	44908,3229977083
21	0,268375337073	0,256046200179	1,043708724996	0,922667579729	44908,4380514931
22	0,255146606268	3,5826E-8	0,99368317145	1,09924E-7	44908,5549632755
23	1,97095699498995E-12	0,169243089495	7,38811447150506E-12	0,594186902884	44908,8100878125
24	0,30880484474	0,302876929255	1,195092657012	1,09393476602	44908,9112420718
25	0,303271995186	0,301172017975	1,176610918438	1,087248416364	44909,0117901736
26	0,301519770365	0,299482595661	1,170758966432	1,080977079205	44909,1122089815
27	0,299813362971	0,29778696293	1,16494951614	1,074773158256	44909,212506794
28	0,298126816517	0,296160444663	1,159123508318	1,068883042663	44909,3127490856
29	0,296572673608	0,294650843567	1,15372102066	1,063352478911	44909,4129028472
30	0,294899683674	0,293082359602	1,147781361343	1,057744319039	44909,512645544
31	0,293396312248	0,29166367769	1,142468377065	1,052643002913	44909,6120898148
32	0,291958679603	0,290334752097	1,137354580745	1,047876791857	44909,7113660648
33	0,29061884422	0,2891186337	1,132545304919	1,043511300164	44909,8103335532
34	0,289394731202	0,28800270138	1,128138408853	1,039557115977	44909,9092153472
35	0,28828145123	0,286981719805	1,124099391663	1,035944738205	44910,0079465278
36	0,28725921402	0,286069361273	1,12037832166	1,032718709543	44910,1064853241
37	0,286306905066	0,285217914847	1,116867127439	1,029685899529	44910,2046046181
38	0,285526670384	0,284478100035	1,114023263371	1,027064067031	44910,3027567361
39	0,284815773531	0,283810608114	1,111399417021	1,024637484029	44910,4006815972
40	0,283976647372	0,283081094837	1,10828567727	1,022054231024	44910,4983530324
41	0,283348581425	0,282488974005	1,105941286428	1,01993188889	44910,5958872454
42	0,282776172667	0,281937170899	1,103745252521	1,017966883282	44910,6931790741
43	0,282073352131	0,281314107102	1,101148187795	1,015786834281	44910,7902897569
44	0,281596368045	0,280825429297	1,099308858534	1,014068500935	44910,887245162
45	0,281043546189	0,280329437761	1,097220270849	1,012308510893	44910,9839506829
46	0,280577948864	0,279889225153	1,095462224331	1,010779362532	44911,0805872685
47	0,280105654065	0,279485187872	1,093669858766	1,009369464968	44911,1770279514
48	0,279717771434	0,279110138494	1,092183355784	1,008047771287	44911,2733152431
49	0,279332671129	0,2787391442	1,090713902602	1,006674587262	44911,3695071528
50	0,279064024037	0,278425024731	1,089661067792	1,005518382722	44911,4655942014
51	0,278556155912	0,277427856768	1,087493024897	1,001741809664	44911,5611718403
52	0,277646882962	0,276780040505	1,084429531484	0,999426858684	44911,6567762616
53	0,277025574773	0,27612383496	1,08226662739	0,996975073815	44911,7524406018
54	0,276344911543	0,275579318886	1,079868959107	0,994999100416	44911,848129294
55	0,27577341808	0,275085446233	1,077748977262	0,993224663029	44911,9436225926
56	0,275290515665	0,274660761799	1,075960422315	0,991707401424	44912,0390041435
57	0,27486290178	0,274278446582	1,074363841995	0,990348380226	44912,1342396991
58	0,274503981883	0,273965318739	1,07300388315	0,989230591564	44912,2294015509
59	0,274171767294	0,273680111727	1,071721281494	0,988200329359	44912,3244233565
60	0,273950560035	0,273459057032	1,070825188836	0,987423154524	44912,4193456366
61	0,273646213156	0,273195568904	1,069642204574	0,986533733348	44912,5141070949
62	0,273307557572	0,272890695559	1,068338663584	0,985462299018	44912,6087095949
63	0,273080171067	0,272672676986	1,067425436113	0,984707144522	44912,7031360532
64	0,272889063639	0,272551793317	1,06666286948	0,9843528549	44912,7975777083
65	0,272785660194	0,272376080171	1,066173104792	0,983710745187	44912,8918438426
66	0,272581653799	0,272203555314	1,065375252348	0,983089101447	44912,9861099421
67	0,272400006003	0,272001028674	1,064636141924	0,982365471437	44913,0802898264
68	0,272204292837	0,271895596037	1,06387278513	0,982035946827	44913,1744484838
69	0,272063061124	0,271718963111	1,063219777509	0,98142677327	44913,2683884144
70	0,271934136554	0,27157322928	1,062691204548	0,980868345962	44913,3622382639
71	0,271793538117	0,271425525341	1,062111490412	0,980329446273	44913,4560287732
72	0,271613200348	0,271250858496	1,061384475484	0,979702893665	44913,5496595023
73	0,271458244754	2,2475E-8	1,060789262302	7,5382E-8	44913,6502901042
74	3,08359400829074E-12	0,147255079824	1,15845482559699E-11	0,517107347392	44913,8815279282
75	0,282012818447	0,273218284927	1,096617734993	0,987857911024	44913,9760783333
76	0,273427259726	0,273372207979	1,066968537854	0,988067162416	44914,0694881134
77	0,273534466986	0,273036420064	1,067344575357	0,986611706231	44914,1628043056
78	0,273230251059	0,272665352019	1,06631072032	0,985138520243	44914,2561234954
79	0,272874259723	0,27231620504	1,065083791863	0,983775171245	44914,3494827778
80	0,272572536615	0,271979346452	1,064014118717	0,982494122902	44914,4428252315
81	0,272107246379	0,271565960899	1,062389690131	0,980924255525	44914,536104919
82	0,271675869474	0,271151689054	1,060802248724	0,979420574759	44914,6293343056
83	0,271366413867	0,270833466817	1,059647482576	0,978280679592	44914,7224181366
84	0,271034763684	0,270555416283	1,058482636872	0,977253402482	44914,8155162616
85	0,270695767786	0,270249666389	1,0572227005	0,976152345691	44914,9084354745
86	0,270446500061	0,269999526305	1,056327293205	0,975273479242	44915,0013919676
87	0,27016987486	0,269762906348	1,055299004691	0,974430451733	44915,0943660301
88	0,269904861616	0,26952417916	1,054294181902	0,97358468364	44915,1870968403
89	0,269691611436	0,269322751809	1,05349622337	0,972831827901	44915,2798299537
90	0,269635560089	0,269276551578	1,053309255099	0,972772700385	44915,3730658912
91	0,269339056454	0,268972422047	1,052157626705	0,971530672273	44915,4658017477
92	0,269123974343	0,268769893074	1,051327797395	0,970839861607	44915,5584634028
93	0,268993788628	0,268650029857	1,050853017937	0,970372167156	44915,6510534144
94	0,268740168471	0,268399969458	1,049865505564	0,969490140005	44915,7435340856
95	0,26859679611	0,26826772015	1,049312525667	0,969041885441	44915,8359776273
96	0,268439397427	0,268136475398	1,048723955751	0,968580252309	44915,9284460301
97	0,268253730678	0,267942223176	1,047992493891	0,967878641193	44916,0206730556
98	0,268142781205	0,267819351597	1,04756917122	0,967448742624	44916,1129821412
99	0,267960853768	0,267653937865	1,046851192097	0,966845350223	44916,2051847685
100	0,267830018323	0,267512357033	1,046334980697	0,966324471885	44916,2973760995
101	0,267770733988	0,267431854035	1,046085036088	0,966031191252	44916,3894523727
102	0,267531806756	0,267235488015	1,045196810255	0,965328365875	44916,4815104861
103	0,267409534246	0,267112503267	1,044729364471	0,964905287187	44916,5735974074
104	0,26725923411	0,266991638673	1,044144813391	0,964461107376	44916,6656488889
105	0,267228747149	0,266992673531	1,044021682513	0,96445151096	44916,7576903125
106	0,267059963291	0,266708513458	1,043351728867	0,963418128888	44916,8496764468
107	0,266869532307	0,26658343568	1,042633322279	0,962994625298	44916,9416041551
108	0,266728809156	0,266442967483	1,042089727235	0,96247511875	44917,0333878819
109	0,266604130768	0,266304475329	1,041601679444	0,961979976655	44917,125184537
110	0,266474864586	0,266161866416	1,041106874842	0,961476580638	44917,2169841551
111	0,266336632185	0,26605239332	1,040600537404	0,961073421534	44917,308828044
112	0,266318020517	0,266012048468	1,04049124324	0,960918478676	44917,4006056944
113	0,266134620051	0,265859139504	1,039844162762	0,960309447733	44917,4925392361
114	0,265933481235	0,265655570801	1,03903863052	0,959642772293	44917,5842238542
115	0,265806070703	0,265525404138	1,038545333264	0,959166883432	44917,6758757176
116	0,265722482249	0,265410752723	1,03816784886	0,958746513257	44917,7674957523
117	0,26552800579	0,265258776257	1,037459035639	0,958212641692	44917,8589079514
118	0,265422024983	0,265160593351	1,037056495663	0,957872032967	44917,9503777431
119	0,265308939685	0,26504699502	1,03663214358	0,957453862953	44918,0418106713
120	0,265205521845	0,264934265184	1,036221270934	0,957045675582	44918,1332091088
121	0,265115978059	0,264834079319	1,035873495844	0,956692542222	44918,2246848032
122	0,264990603702	0,264735934562	1,035383057026	0,956319974099	44918,316070706
123	0,264888991457	0,264600601026	1,034941667916	0,955829422953	44918,4073333681
124	0,264743901771	3,18E-8	1,034430035258	1,0508E-7	44918,5055882407
125	4,38696879530022E-12	0,139751403939	1,64924430073388E-11	0,490821072685	44918,7313562269
126	0,272530287866	0,265578114947	1,060967071631	0,960338058453	44918,823402963
127	0,265715474897	0,265778492393	1,037381303323	0,960796257356	44918,9144730903
128	0,265932556299	0,265692739448	1,038144072773	0,960306396607	44919,0056056597
129	0,265836909269	0,265507806674	1,037821811544	0,959503905391	44919,0967409259
130	0,265680412825	0,265303190819	1,037290497954	0,958659000618	44919,1879583796
131	0,265457651973	0,265085233706	1,036493463403	0,957790617327	44919,2791127315
132	0,265243218825	0,264864054185	1,035732338412	0,956937979365	44919,3702239352
133	0,265000798041	0,264620158007	1,034862128758	0,956004003205	44919,4612744213
134	0,264800612353	0,264424909921	1,034171590826	0,955274316819	44919,5524469329
135	0,264573536941	0,264223437215	1,033356018895	0,95451628309	44919,6435144792
136	0,264367635536	0,264034296763	1,032618015182	0,953830187945	44919,7344875694
137	0,264188572496	0,263846260686	1,031969826634	0,953137177969	44919,8255037037
138	0,263989447934	0,263672641203	1,031234649902	0,952507801339	44919,9164628819
139	0,263806415471	0,263475316832	1,030550251222	0,951774017797	44920,0072785301
140	0,263623014599	0,263314133878	1,029884483542	0,951170665546	44920,0980572106
141	0,263466907082	0,263146655938	1,029315514677	0,950549869938	44920,1888299884
142	0,263308216892	0,26300618626	1,028757187905	0,950039044833	44920,279661794
143	0,263119708822	0,262853247414	1,028043806475	0,949490295415	44920,3703185301
144	0,263015062749	0,262731347116	1,027638491557	0,949064507087	44920,4609763194
145	0,262870197022	0,262589841729	1,027088730129	0,948551985982	44920,5515743287
146	0,262745066093	0,262456453931	1,026630172595	0,948050163658	44920,6421885648
147	0,262623388573	0,2623387079	1,026183206022	0,947631135231	44920,7328056366
148	0,2624961663	0,262219920654	1,025717173808	0,947195322982	44920,8234649653
149	0,262339631109	0,262062804228	1,025116419354	0,946633657878	44920,9139619676
150	0,262214843921	0,261946045794	1,024646453976	0,946208898356	44921,0044329282
151	0,262098918828	0,261833434216	1,024212065584	0,945798093582	44921,0949269907
152	0,26197590445	0,261709454026	1,023749474986	0,945340652924	44921,1853214931
153	0,261867154648	0,26159989086	1,023344637059	0,944931612281	44921,2756898148
154	0,261770636786	0,261503789328	1,022981339866	0,944587475244	44921,3661191319
155	0,261660753374	0,261398444857	1,022577716479	0,944224092312	44921,4565481944
156	0,261548537721	0,261296114676	1,022146340156	0,943849323084	44921,5469119907
157	0,261428348139	0,261182400206	1,021685330427	0,943441534624	44921,6372094676
158	0,26131749115	0,261064676853	1,021263815784	0,943011212968	44921,7274998495
159	0,261187653536	0,260943743171	1,020768638151	0,942569941256	44921,8176911806
160	0,261103201915	0,260839415544	1,020441250944	0,942203030127	44921,9078827894
161	0,260970724064	0,260715393606	1,019942317169	0,941769279483	44921,9980447801
162	0,260851912552	0,260607945296	1,019491416304	0,941399707828	44922,0881318866
163	0,260731700669	0,260485984172	1,019042558795	0,9409783617	44922,1781554398
164	0,260656231651	0,260413671031	1,018763268552	0,940725144106	44922,2683112037
165	0,260536280316	0,260306261294	1,018291385425	0,940353638832	44922,3583542245
166	0,260441175006	0,260217353543	1,017924616732	0,940032226129	44922,4483546296
167	0,260355572549	0,260107825133	1,017586360336	0,939612824839	44922,5382492361
168	0,260267424536	0,260007546867	1,01726134323	0,939258087898	44922,6282161921
169	0,260161033492	0,259929043437	1,016866016694	0,938975788801	44922,7182016667
170	0,260060076371	0,259804014406	1,016483633844	0,938512773276	44922,8080621296
171	0,259954268863	0,259702785418	1,016093115005	0,938172022517	44922,8979456481
172	0,259822985823	0,259586036947	1,015588799594	0,937757538485	44922,9877046991
173	0,25974142789	0,259499212688	1,015291256167	0,937442977811	44923,0775730903
174	0,259618537089	0,259377287171	1,014810067919	0,936990832751	44923,1673346181
175	0,259508836803	3,18E-8	1,014399568008	1,04342E-7	44923,2640531134
176	5,09905648381272E-12	0,134763056516	1,91785000292221E-11	0,473323983749	44923,4861448032
177	0,266140062294	0,259947675341	1,037125288956	0,939944663387	44923,5766268518
178	0,260059585892	0,260072702256	1,016033028516	0,940154342586	44923,6662174306
179	0,260238085294	0,260025101103	1,016660581458	0,939800202392	44923,7556776042
180	0,260145083591	0,259869137368	1,016338987996	0,939090531485	44923,8453457755
181	0,260005967297	0,259707882142	1,015854627252	0,938404108752	44923,9350266782
182	0,2598489044	0,25952918077	1,015318412911	0,93767479553	44924,0247275231
183	0,259666834989	0,25934635014	1,01468630998	0,93694967572	44924,1144005093
184	0,259493393583	0,259165451256	1,014084491789	0,936234109962	44924,2040888657
185	0,259288921472	0,25896705854	1,013346815391	0,935469585998	44924,2936521643
186	0,259151607153	0,258811048184	1,012849116462	0,934872050197	44924,3831400926
187	0,258936601118	0,25862814634	1,012119489597	0,934190581625	44924,4726999537
188	0,258762721729	0,258452512669	1,011496519477	0,933530074841	44924,5621513426
189	0,25860246273	0,258312983536	1,010925499718	0,932946459233	44924,6516451042
190	0,258439875159	0,258121833346	1,010323636676	0,932264605807	44924,7410796065
191	0,258267712419	0,257959586076	1,009663667398	0,93167336236	44924,8303369444
192	0,258103191459	0,257819043489	1,00912304858	0,931165794101	44924,9197133102
193	0,257960029734	0,257680567655	1,008610329008	0,930663693197	44925,0090895718
194	0,257813375275	0,257540035242	1,00808016243	0,930147230743	44925,0984624769
195	0,257658828594	0,257384033995	1,00749810122	0,929578118775	44925,1877051968
196	0,257523589553	0,257260048086	1,006997362386	0,929120999614	44925,2768771759
197	0,257512691596	0,25723524052	1,007007538105	0,929017466096	44925,3661681713
198	0,257276914153	0,257013095016	1,006125184158	0,928192598972	44925,4553777431
199	0,257158625411	0,256890103062	1,005687450164	0,927749586932	44925,5446218519
200	0,25706013321	0,256767218133	1,005310627472	0,927279171129	44925,6338473958
201	0,256913568471	0,256652497417	1,004824965082	0,9268498992	44925,7231477199
202	0,256801197652	0,256517086949	1,00434719692	0,92634780249	44925,8122599653
203	0,256661787072	0,256424069436	1,003891307824	0,926022321871	44925,9014648148
204	0,256556018869	0,256308373413	1,003470346097	0,925603358182	44925,9905554977
205	0,256424125981	0,256181330401	1,002968229247	0,925133620864	44926,0795421875
206	0,256336837766	0,256099658392	1,00265514106	0,924841991433	44926,1685928704
207	0,256217791496	0,255981847512	1,002210656505	0,924414976438	44926,2575084259
208	0,256197883019	0,255967402094	1,002173338893	0,924311561386	44926,3466217361
209	0,256017454141	0,255803087648	1,0014588534	0,923760987133	44926,4355140046
210	0,255986469475	0,255754524327	1,001361516178	0,923578062582	44926,5243654398
211	0,255891065686	0,255633660794	1,001016470105	0,923105596646	44926,6134384028
212	0,255793827245	0,255559243816	1,000651218093	0,92282821105	44926,7025090625
213	0,25565035611	0,255405258032	1,000096680065	0,922284290675	44926,7914283912
214	0,255530276798	0,255299843411	0,999667061787	0,921927940246	44926,8804041551
215	0,255419979402	0,255202786921	0,999259194074	0,921592712712	44926,9693183681
216	0,255339435996	0,255099440533	0,998965015954	0,921206629208	44927,0582254398
217	0,255231645208	0,255014675606	0,998553323446	0,920890018368	44927,1470277778
218	0,255168416274	0,254926881552	0,998323628492	0,920563855652	44927,2359348611
219	0,255038004447	0,254814218896	0,997831724298	0,920108158125	44927,3247098032
220	0,25498000609	0,254709856298	0,997591569167	0,91975319683	44927,4135701852
221	0,254849747234	0,254624105683	0,997106277907	0,919459707118	44927,5023323843
222	0,2547294823	0,254484610885	0,99668684082	0,91895878708	44927,5909741667
223	0,254639342475	0,254419488133	0,996367307395	0,918662942039	44927,6797055903
224	0,254508257862	0,254304819339	0,995848902691	0,918288063124	44927,7682762037
225	0,254450521082	0,254199443501	0,99563141397	0,917908675807	44927,8568690278
226	0,25433275635	2,3322E-8	0,995213955187	7,6524E-8	44927,9524771412
227	4,84473945220111E-12	0,130682093551	1,82283978321742E-11	0,45895009472	44928,1713895486
228	0,26083138016	0,254673712339	1,017548192364	0,920564085429	44928,2605790741
229	0,254879637685	0,254934083176	0,996919559675	0,921238531772	44928,3491828241
230	0,254975316519	0,254827687737	0,99718480344	0,920729116656	44928,4376634954
231	0,254961589289	0,254708833309	0,997165619762	0,920155326028	44928,5261685185
232	0,254868716362	0,254623058319	0,996857919299	0,919728927397	44928,6148481597
233	0,254773655764	0,254451553273	0,996486251897	0,919029339228	44928,703416794
234	0,254542306741	0,254260438688	0,99570565342	0,918268580994	44928,7919029398
235	0,254390641937	0,254128092103	0,995156737235	0,917752710233	44928,8803483333
236	0,254251136953	0,253952457583	0,994669573692	0,917093629117	44928,968806331
237	0,254117542908	0,25379640272	0,994225047019	0,916481948242	44929,0573434144
238	0,253905847124	0,253604243739	0,993458915368	0,915737228434	44929,1457972685
239	0,253725725122	0,253428560264	0,992805571151	0,915080873248	44929,234164375
240	0,253563898423	0,253275636253	0,992235119239	0,91447347073	44929,3224754514
241	0,253528586035	0,253228101221	0,992114564973	0,914258401468	44929,4108507292
242	0,253353912578	0,253067988094	0,991509746633	0,913707693175	44929,4991952315
243	0,253121994419	0,252833405218	0,990687530193	0,912834353024	44929,5874933912
244	0,25296665094	0,252697050173	0,990119490335	0,912337456296	44929,6758088657
245	0,252887529508	0,252624724106	0,98986899486	0,912061394213	44929,7640643403
246	0,252698859149	0,252437697029	0,989161417586	0,911356035806	44929,8524028241
247	0,252516913933	0,252263077869	0,988482506495	0,910741293574	44929,9405448611
248	0,252410031988	0,252160712297	0,988107921406	0,910358174016	44930,0286897685
249	0,252277626121	0,252035659951	0,987617874254	0,909906963952	44930,1168298264
250	0,252174413117	0,251922036402	0,987254115114	0,909486240587	44930,204975463
251	0,252059599429	0,251821786535	0,986832153367	0,9091150193	44930,2931036921
252	0,252036301457	0,251801167569	0,986770068731	0,908969165816	44930,381298206
253	0,251890237486	0,251618246443	0,986179865211	0,90833023239	44930,4693460417
254	0,251793915975	0,251579003418	0,985909797941	0,908189848748	44930,5575275
255	0,251608099388	0,25136817248	0,985180932948	0,907417805507	44930,6455003241
256	0,251517473415	0,251278322274	0,984855894552	0,907086695845	44930,7336033912
257	0,25134175577	0,251110882482	0,984181816194	0,906461453407	44930,8213315394
258	0,251265553535	0,251028286034	0,983915733465	0,906148496114	44930,9091808102
259	0,251193347929	0,250957981151	0,983676343932	0,905898003647	44930,9972378935
260	0,251070781788	0,250839152791	0,98322377627	0,905460667396	44931,0851900694
261	0,250957767345	0,250726515563	0,982803541776	0,90504555393	44931,1730698264
262	0,250850252499	0,250618093432	0,982423988539	0,904630085132	44931,2608990509
263	0,250835315389	0,250616036644	0,982414162725	0,904580110212	44931,3489973495
264	0,250670415833	0,250448586893	0,981777245316	0,904015755334	44931,4369357639
265	0,25057107415	0,250354470306	0,981396781174	0,903689362157	44931,5247976157
266	0,250472419076	0,250246079329	0,981019841602	0,903294745667	44931,6126066088
267	0,250363779038	0,250146867923	0,980621538375	0,902885166259	44931,700396875
268	0,250286995705	0,25006320525	0,980316695476	0,902628759751	44931,7881631829
269	0,250173416789	0,249953635723	0,979914368197	0,902240649571	44931,8758148148
270	0,250084357049	0,249864786466	0,97958092901	0,901917966349	44931,9634843171
271	0,249992931003	0,249769681646	0,979238859895	0,901562474578	44932,0511183449
272	0,249907193233	0,249694251426	0,978931821279	0,901270791003	44932,1388029514
273	0,249823376836	0,24959606852	0,978630842481	0,900928700382	44932,2265024768
274	0,24971913801	0,24951754602	0,978245221906	0,90062986006	44932,3140897222
275	0,249668994535	0,24944007088	0,978017315433	0,900321312871	44932,4016953356
276	0,249562753465	0,249345010567	0,977622226636	0,899998453015	44932,4891491667
277	0,249470712297	2,7349E-8	0,97731727055	8,9912E-8	44932,5836748958
278	5,02276137432924E-12	0,127181273537	1,89040483532446E-11	0,446603167552	44932,7999228472
279	0,256231835252	0,249857507913	1,000647850074	0,902796425386	44932,8881332292
280	0,249951707485	0,249988838923	0,978769796581	0,903066021407	44932,9755118171
281	0,250130833712	0,249975298024	0,979410457699	0,902845913057	44933,0630208565
282	0,250117277964	0,249895695522	0,979386076537	0,902440569006	44933,1506540046
283	0,250008934975	0,249768656536	0,979004662837	0,901865076118	44933,2382067245
284	0,249877702396	0,249633331689	0,978527836832	0,901248143619	44933,3257042708
285	0,249780851278	0,249507220958	0,97818237784	0,900743995117	44933,4132136111
286	0,249610221483	0,249355332868	0,977599549042	0,900094208504	44933,5006856134
287	0,249474495014	0,249199312337	0,977120338947	0,899523606477	44933,5880686343
288	0,249318821182	0,249072198966	0,976574274191	0,899019508792	44933,6755012847
289	0,249218966314	0,248947214437	0,976219450006	0,898541392847	44933,7629194676
290	0,249071299246	0,248812877609	0,975703502429	0,898019696532	44933,850393912
291	0,248957570725	0,248704298861	0,9753079072	0,897598077674	44933,9379536574
292	0,248786874564	0,248547299208	0,974675124586	0,89703275375	44934,0252492477
293	0,248679358386	0,24843569006	0,974305424778	0,896607119999	44934,1126115046
294	0,248549683191	0,248317889776	0,97383622088	0,896170775071	44934,1999166435
295	0,248435851954	0,248187695987	0,973435885307	0,895670248353	44934,2871913773
296	0,248398634682	0,248150525858	0,973312402698	0,895516682741	44934,3745078472
297	0,248303232279	0,248065892541	0,973011794708	0,895152791118	44934,461961875
298	0,248093592927	0,247875661707	0,972199468948	0,894484483938	44934,5492379861
299	0,248021949989	0,247808488525	0,97195624099	0,894240955299	44934,6362588079
300	0,24792594213	0,247702056424	0,971606974832	0,893831446571	44934,7235798727
301	0,247859037635	0,247622511355	0,971349019078	0,893524217947	44934,8108253009
302	0,247736195702	0,247523306733	0,970911525557	0,893148866287	44934,8981582755
303	0,247603309343	0,247382769657	0,970411068834	0,892634371415	44934,9852418056
304	0,247507733533	0,24729286668	0,970067629459	0,892305109056	44935,0723565162
305	0,247437561803	0,24722051518	0,969832700041	0,8920351436	44935,1595470833
306	0,247314116005	0,247108924047	0,969360006396	0,891613627589	44935,2465709144
307	0,247274103001	0,247072818868	0,969224260676	0,891414294229	44935,3337165162
308	0,247178304879	0,246954987221	0,968851523747	0,891017284154	44935,4207556481
309	0,247093788089	0,246872267003	0,968570572135	0,890717346448	44935,5079089699
310	0,247022547646	0,246795855756	0,968323203391	0,890422233863	44935,5951940162
311	0,246888542595	0,246686365915	0,967813011707	0,890042024307	44935,6822303704
312	0,246815976899	0,246610881443	0,96755421448	0,889767958648	44935,7692649074
313	0,24672402536	0,246515860547	0,967202191477	0,889429145346	44935,8563154514
314	0,24659011425	0,246380524467	0,966705166243	0,8889335001	44935,9431741088
315	0,246532084026	0,246320567954	0,966502046768	0,888717860416	44936,0301815046
316	0,246432644569	0,246217261834	0,966137538801	0,888348823007	44936,1171073032
317	0,246357692595	0,246151065866	0,965871050456	0,88810477357	44936,2041059144
318	0,246270170396	0,24605806785	0,965545149792	0,887775200418	44936,2910052546
319	0,246287999851	0,246080884115	0,965623793395	0,887846646223	44936,3778934259
320	0,246122180808	0,245901078582	0,96501122393	0,887171893539	44936,4648146991
321	0,246066509018	0,245867967777	0,964821916567	0,887064493579	44936,5516265509
322	0,245933207465	0,245728467467	0,964323442444	0,886547912325	44936,6385223727
323	0,245829605291	0,245628298136	0,963927309512	0,886193206818	44936,725345081
324	0,245765156528	0,245563124099	0,963694387018	0,885925884522	44936,8121679167
325	0,245687856693	0,245477403364	0,963416868013	0,885613326334	44936,8990282176
326	0,245570377302	0,245377145234	0,96297210565	0,88524727339	44936,9856803704
327	0,245493498789	0,245296553015	0,962680704931	0,884954722032	44937,0723073727
328	0,245440629709	2,0991E-8	0,962481049952	6,911E-8	44937,1660208333
329	4,55863279163806E-12	0,124323564146	1,71611569037963E-11	0,43650820378	44937,3804184144
330	0,252396575275	0,2459196024	0,986599784712	0,888111024835	44937,4680016667
331	0,245988874082	0,246062236953	0,964208754795	0,888439329329	44937,5545470139
332	0,246221916004	0,246071571449	0,965060496317	0,888306258952	44937,6413771181
333	0,246162490477	0,245959906989	0,964831177196	0,887792181357	44937,7281383681
334	0,246067212059	0,245836950001	0,96449877801	0,887236918474	44937,8148469213
335	0,245964937852	0,245715035078	0,964150188516	0,886704652885	44937,9015844907
336	0,245817462035	0,245569319897	0,96362867528	0,886128101582	44937,9881809954
337	0,245684385793	0,24543501571	0,96316358618	0,885585422403	44938,0748338426
338	0,245573199586	0,245324439724	0,962793936888	0,885122864952	44938,1615748843
339	0,245433151712	0,245172569223	0,9622833753	0,884541799813	44938,2482784722
340	0,245289647762	0,245064096651	0,961775818875	0,884031582718	44938,3349275231
341	0,245220827068	0,244939035193	0,961514384672	0,883593897311	44938,4215723843
342	0,245044429689	0,244824324224	0,960923811959	0,883174926162	44938,5081560995
343	0,244959724485	0,244727202245	0,960632420071	0,882790573903	44938,5947995602
344	0,244844578945	0,244614584095	0,960218523507	0,882347048527	44938,681430787
345	0,244700275689	0,244486449213	0,959671466374	0,881871620165	44938,7678873958
346	0,244646046782	0,244402759201	0,959514909469	0,881532051429	44938,8545753472
347	0,244471389161	0,24426740765	0,95883628345	0,881073764776	44938,9409711574
348	0,244409606407	0,244197106793	0,958636779517	0,880794714014	44939,0274432407
349	0,244289662262	0,24407520141	0,958187356044	0,880338887321	44939,113811169
350	0,244224440324	0,244009070504	0,95796717414	0,880076447039	44939,2002793634
351	0,244133637864	0,243910898621	0,95764069043	0,879699527674	44939,2867655671
352	0,244092584464	0,243885103243	0,957484211857	0,879600406306	44939,3731614583
353	0,244016790816	0,24381062756	0,957244724882	0,87931621225	44939,4597818981
354	0,243897781946	0,243695975509	0,956784304073	0,878907670557	44939,546231875
355	0,243810172118	0,243606060239	0,956465856298	0,878557485254	44939,6326853819
356	0,243719200538	0,243507880936	0,956132335204	0,878197309317	44939,719077581
357	0,243624582696	0,243422168468	0,955791131306	0,877886160424	44939,8055410532
358	0,243513524795	0,243311617916	0,955369076516	0,877499729606	44939,8918169792
359	0,243412844563	0,243217537568	0,955001080896	0,877167407837	44939,9780319676
360	0,243344156949	0,243137011473	0,954754412919	0,876860816634	44940,0642620139
361	0,243285177399	0,243080120752	0,954542580111	0,876643541567	44940,1506343981
362	0,243173181252	0,242977837832	0,954119117445	0,876269143495	44940,2368117708
363	0,243135132426	0,242937537484	0,95399942615	0,876088730728	44940,323120162
364	0,243044945719	0,242848672544	0,953637614368	0,875783092373	44940,4093062037
365	0,242958557304	0,242756682259	0,953306114225	0,875453232831	44940,49538
366	0,242908272329	0,242708126568	0,953153717378	0,875262797458	44940,5816122685
367	0,242843580501	0,242655394568	0,952928117513	0,875038836298	44940,6679273032
368	0,242822816361	0,242627562748	0,952880344082	0,874945789578	44940,7540809722
369	0,242689009453	0,242505627904	0,952359978287	0,874493705021	44940,8403346759
370	0,242609515288	0,242433271107	0,952063911328	0,874233718978	44940,9265167708
371	0,242546537488	0,242358854765	0,951823083006	0,873951114409	44941,0126824884
372	0,242485350911	0,242296863928	0,95160606099	0,873698058094	44941,0988378241
373	0,242411883202	0,242223514447	0,951321681641	0,873433038803	44941,1848700231
374	0,242340605798	0,242165649058	0,951054669221	0,873219473763	44941,2709201389
375	0,2423986681	0,242233885495	0,951338370705	0,873397784437	44941,3572621412
376	0,242284729002	0,242076820992	0,950811651593	0,872886520912	44941,4432525579
377	0,242177201839	0,241981731218	0,950461811664	0,872518897224	44941,5293474074
378	0,2421195836	0,241946596687	0,950254003246	0,872357058507	44941,6154968982
379	0,242072304482	2,6078E-8	0,950044691912	8,5898E-8	44941,7085830787
380	7,69309020625111E-13	0,121712570256	2,89681593155511E-12	0,427306338605	44941,9213618981
381	0,248948327943	0,242490117744	0,973934162099	0,875382165204	44942,008183206
382	0,242587596307	0,242671055835	0,95170113899	0,875816011291	44942,0941953009
383	0,242762251919	0,242637937399	0,952295850589	0,875530067491	44942,1801744444
384	0,242760039087	0,242586161419	0,952289733392	0,875206261985	44942,2662194907
385	0,242792697701	0,242603788344	0,952485278893	0,875101613405	44942,3524573611
386	0,24263193551	0,242398216894	0,951877052525	0,874329731717	44942,4385855671
387	0,24249535719	0,242280407285	0,951402307042	0,873807926157	44942,5245712731
388	0,242401112381	0,242192555797	0,951072508224	0,873406850923	44942,6106414583
389	0,242296928423	0,242069587368	0,950682069099	0,872933808685	44942,6966275579
390	0,242183410265	0,241969385398	0,950291007446	0,872523321501	44942,7825654051
391	0,24210438865	0,24187326098	0,95001565575	0,872125098368	44942,8685603819
392	0,241968682167	0,241753369784	0,949530634898	0,871675519418	44942,9545191204
393	0,24187132129	0,241661393063	0,949197061284	0,871329719273	44943,0404856019
394	0,241764153608	0,241557053568	0,948815251642	0,870923459866	44943,1264465278
395	0,241672919722	0,241457907649	0,948490152093	0,870551040051	44943,2124123264
396	0,24157829739	0,241385507405	0,948144606485	0,870269726984	44943,2983544213
397	0,241573259355	0,241339030545	0,948103667357	0,87007575022	44943,3841829745
398	0,241421240652	0,24121811975	0,947572086449	0,869626300251	44943,4700936111
399	0,241358934701	0,241154041184	0,9473175336	0,869381311285	44943,5559025579
400	0,182773703915		0,701867449225		44943,5833334028
