TesterID:	Maccor#2														
Channel Number:	56														
TestName:	KAI_Zelltest_regulaer_fix_no_degass_flag.000														
TestDesc:	Regular cycling: formation, followed by pulse, C-rate quick charge and cycling t														
StartDateTime:	44966,5498263889														
Comment:															
															
									Charge			Discharge			
Cycle	AH-IN	AH-OUT	WH-IN	WH-OUT	ACR	DCIR	V1_Start	V1_End	V1_Min	V1_Max	V1_Start	V1_End	V1_Min	V1_Max	Date
0		8,2447E-8		5,12537200026372E-10	0	0					-0,000822843983769417	-0,000822843983769417	-0,000981115736067295	-0,000822843983769417	44966,5499995486
1	0,529286049617	0,446188128703	1,968578862903	1,635896136806	0	0	-0,000822843983769417	-0,000822843983769417	-0,00113938748836517	-0,000664572231471539	-0,000822843983769417	-0,000981115736067295	-0,00113938748836517	-0,000664572231471539	44966,9940777662
2	0,454854930667	0,446648470747	1,708560488753	1,638160141559	0	0	-0,000822843983769417	-0,000822843983769417	-0,00113938748836517	-0,00050630047917366	-0,000664572231471539	-0,000822843983769417	-0,00113938748836517	-0,00050630047917366	44967,411885162
3	0,467256718658	6,0194E-8	1,759790860561	1,93086E-7	0	0	-0,000981115736067295	-0,000822843983769417	-0,00113938748836517	-0,000664572231471539	-0,000822843983769417	-0,000822843983769417	-0,00113938748836517	-0,000664572231471539	44967,9038438426
4	3,5604384425625E-12	7,9261E-8	1,33609896847696E-11	2,57596E-7	0,045926455408	0,128571003675	-0,000981115736067295	-0,000981115736067295	-0,000981115736067295	-0,000664572231471539	-0,000981115736067295	-0,000822843983769417	-0,00113938748836517	-0,000664572231471539	44968,2101643056
5	0,456192746602	0,450806868772	1,7269468086	1,654556221367	0,045926455408	0,128571003675	-0,000981115736067295	-0,000822843983769417	-0,00129765924066305	-0,000664572231471539	-0,000822843983769417	-0,00113938748836517	-0,00113938748836517	-0,000664572231471539	44968,4776135417
6	0,454892893462	0,450468334235	1,721542972117	1,653493424551	0,045926455408	0,128571003675	-0,000981115736067295	-0,000822843983769417	-0,00113938748836517	-0,00050630047917366	-0,000981115736067295	-0,000822843983769417	-0,00113938748836517	-0,000664572231471539	44968,75142
7	0,454064954289	0,449171102275	1,718047074589	1,648801522805	0,045926455408	0,128571003675	-0,000981115736067295	-0,000981115736067295	-0,00129765924066305	-0,000664572231471539	-0,000981115736067295	-0,000822843983769417	-0,00113938748836517	-0,000664572231471539	44969,0241422685
8	0,453007730307	0,427812281735	1,713737165634	1,543819678869	0,045926455408	0,128571003675	-0,000981115736067295	-0,000822843983769417	-0,00113938748836517	-0,000664572231471539	-0,000822843983769417	-0,000981115736067295	-0,00129765924066305	-0,000664572231471539	44969,2139000231
9	0,430425308191	0,426973967606	1,635362117637	1,541115158127	0,045926455408	0,128571003675	-0,000981115736067295	-0,000822843983769417	-0,00113938748836517	-0,000664572231471539	-0,000981115736067295	-0,000822843983769417	-0,00113938748836517	-0,000664572231471539	44969,397355
10	0,429001246774	0,426149926807	1,629852004674	1,538362232856	0,045926455408	0,128571003675	-0,000822843983769417	-0,000822843983769417	-0,00113938748836517	-0,000664572231471539	-0,000822843983769417	-0,000822843983769417	-0,00113938748836517	-0,000664572231471539	44969,5797955787
11	0,428005332081	0,369631604648	1,626081744252	1,302430278097	0,045926455408	0,128571003675	-0,000822843983769417	-0,000822843983769417	-0,00113938748836517	-0,000664572231471539	-0,000981115736067295	-0,00113938748836517	-0,00113938748836517	-0,000664572231471539	44969,7403485301
12	0,371393906214	0,369931313243	1,426177509999	1,304204022731	0,045926455408	0,128571003675	-0,000981115736067295	-0,000822843983769417	-0,00113938748836517	-0,000664572231471539	-0,000981115736067295	-0,000822843983769417	-0,00113938748836517	-0,000664572231471539	44969,8857340162
13	0,371459485485	0,369226081094	1,425951960668	1,301883621491	0,045926455408	0,128571003675	-0,000981115736067295	-0,000981115736067295	-0,00113938748836517	-0,000664572231471539	-0,000822843983769417	-0,000822843983769417	-0,00113938748836517	-0,000664572231471539	44970,0306084375
14	0,37069379204	0,441833673449	1,422950417745	1,623029449926	0,045926455408	0,128571003675	-0,000981115736067295	-0,000981115736067295	-0,00113938748836517	-0,000664572231471539	-0,000822843983769417	-0,000981115736067295	-0,00113938748836517	-0,000664572231471539	44970,2776230093
15	0,445522832997	0,442391181517	1,685154035665	1,625064068548	0,045926455408	0,128571003675	-0,000981115736067295	-0,000981115736067295	-0,00113938748836517	-0,000664572231471539	-0,000981115736067295	-0,000822843983769417	-0,00113938748836517	-0,00050630047917366	44970,5451288657
16	0,445571283363	9,3884E-8	1,684945397877	2,98762E-7	0,045926455408	0,128571003675	-0,000981115736067295	-0,000981115736067295	-0,00113938748836517	-0,000664572231471539	-0,000822843983769417	-0,000981115736067295	-0,00113938748836517	-0,000664572231471539	44970,8197593056
17	0,389516459862	0,387971945899	1,480754612914	1,404304049371	0,045926455408	0,128571003675	-0,000822843983769417	-0,000822843983769417	-0,00113938748836517	-0,000664572231471539	-0,000981115736067295	-0,000822843983769417	-0,00113938748836517	-0,000664572231471539	44970,9660790972
18	0,389384701599	0,38774445932	1,47986001966	1,403377614145	0,045926455408	0,128571003675	-0,000822843983769417	-0,000981115736067295	-0,00113938748836517	-0,000664572231471539	-0,000822843983769417	-0,000664572231471539	-0,00113938748836517	-0,000664572231471539	44971,1192067477
19	0,38926072374	0,38746575964	1,479125680812	1,402321835733	0,045926455408	0,128571003675	-0,000822843983769417	-0,000822843983769417	-0,00113938748836517	-0,00050630047917366	-0,000981115736067295	-0,000822843983769417	-0,00113938748836517	-0,000664572231471539	44971,2722503356
20	0,360150687977	0,351908221379	1,396670138653	1,264453447087	0,045926455408	0,128571003675	-0,00113938748836517	-0,000822843983769417	-0,00113938748836517	-0,000664572231471539	-0,000822843983769417	-0,000981115736067295	-0,00113938748836517	-0,000664572231471539	44971,3969755556
21	0,352615011124	0,343863714698	1,366713657795	1,235862991719	0,045926455408	0,128571003675	-0,000822843983769417	-0,000981115736067295	-0,00113938748836517	-0,000664572231471539	-0,000822843983769417	-0,000822843983769417	-0,00113938748836517	-0,000664572231471539	44971,5192025116
22	0,344970905993	1,01944E-7	1,33691419895	3,11387E-7	0,045926455408	0,128571003675	-0,000822843983769417	-0,000981115736067295	-0,00113938748836517	-0,000664572231471539	-0,000664572231471539	-0,000822843983769417	-0,00113938748836517	-0,000664572231471539	44971,6463547454
23	2,20620024923069E-12	0,243915323542	8,25213946312935E-12	0,855444210545	0,045925267041	0,111329883337	-0,000981115736067295	-0,000822843983769417	-0,000981115736067295	-0,000822843983769417	-0,000981115736067295	-0,000981115736067295	-0,00113938748836517	-0,000664572231471539	44971,9240460301
24	0,424748540535	0,414265527925	1,635383468357	1,496263892521	0,045925267041	0,111329883337	-0,000981115736067295	-0,000822843983769417	-0,00129765924066305	-0,000664572231471539	-0,000981115736067295	-0,000822843983769417	-0,00113938748836517	-0,000664572231471539	44972,0333241088
25	0,416295439884	0,413595291071	1,606527879959	1,494010113993	0,045925267041	0,111329883337	-0,000981115736067295	-0,000822843983769417	-0,00113938748836517	-0,000664572231471539	-0,000822843983769417	-0,000822843983769417	-0,00113938748836517	-0,000664572231471539	44972,1418922106
26	0,415331422588	0,412847301875	1,602833244834	1,491341275024	0,045925267041	0,111329883337	-0,000981115736067295	-0,000981115736067295	-0,00113938748836517	-0,000664572231471539	-0,000981115736067295	-0,000822843983769417	-0,00113938748836517	-0,000664572231471539	44972,2499302546
27	0,414587345984	0,412325569637	1,599987705054	1,489550031912	0,045925267041	0,111329883337	-0,000981115736067295	-0,000822843983769417	-0,00113938748836517	-0,000664572231471539	-0,000822843983769417	-0,000981115736067295	-0,00113938748836517	-0,000664572231471539	44972,357865463
28	0,414006499602	0,411770142091	1,597793135034	1,487585868233	0,045925267041	0,111329883337	-0,000981115736067295	-0,000822843983769417	-0,00113938748836517	-0,000664572231471539	-0,000981115736067295	-0,000822843983769417	-0,00129765924066305	-0,000664572231471539	44972,4656446296
29	0,413398156312	0,411318116033	1,595396899245	1,485988084982	0,045925267041	0,111329883337	-0,000981115736067295	-0,000664572231471539	-0,00129765924066305	-0,000664572231471539	-0,000981115736067295	-0,000981115736067295	-0,00113938748836517	-0,000664572231471539	44972,5729218982
30	0,412791757155	0,41089959476	1,593071962979	1,484508905409	0,045925267041	0,111329883337	-0,000822843983769417	-0,000822843983769417	-0,00113938748836517	-0,000664572231471539	-0,000981115736067295	-0,000664572231471539	-0,00129765924066305	-0,000664572231471539	44972,6802203819
31	0,412368648289	0,410433266126	1,591449348758	1,482835269535	0,045925267041	0,111329883337	-0,000822843983769417	-0,000822843983769417	-0,00113938748836517	-0,000664572231471539	-0,000822843983769417	-0,000981115736067295	-0,00113938748836517	-0,000664572231471539	44972,7873269097
32	0,411817110922	0,410081946856	1,589332449813	1,481562229553	0,045925267041	0,111329883337	-0,000822843983769417	-0,000981115736067295	-0,00113938748836517	-0,000664572231471539	-0,000664572231471539	-0,000822843983769417	-0,00113938748836517	-0,000664572231471539	44972,8942997801
33	0,411385178392	0,409668639931	1,587691364184	1,480087704995	0,045925267041	0,111329883337	-0,000822843983769417	-0,000981115736067295	-0,00113938748836517	-0,000664572231471539	-0,000981115736067295	-0,000822843983769417	-0,00113938748836517	-0,000664572231471539	44973,0011188194
34	0,410871933987	0,409230743728	1,585687739114	1,478504427806	0,045925267041	0,111329883337	-0,000981115736067295	-0,00113938748836517	-0,00113938748836517	-0,000664572231471539	-0,000981115736067295	-0,000822843983769417	-0,00113938748836517	-0,000664572231471539	44973,1076221412
35	0,410601631479	0,408888480265	1,584719515819	1,477270648189	0,045925267041	0,111329883337	-0,000981115736067295	-0,000981115736067295	-0,00129765924066305	-0,000664572231471539	-0,000822843983769417	-0,000981115736067295	-0,00129765924066305	-0,000664572231471539	44973,2142675579
36	0,410160691148	0,408588811089	1,583054525816	1,476210891758	0,045925267041	0,111329883337	-0,000822843983769417	-0,000822843983769417	-0,00113938748836517	-0,000664572231471539	-0,000981115736067295	-0,000981115736067295	-0,00113938748836517	-0,000664572231471539	44973,3208977894
37	0,409832362098	0,408211630323	1,581823021551	1,474843105116	0,045925267041	0,111329883337	-0,000822843983769417	-0,000822843983769417	-0,00113938748836517	-0,000664572231471539	-0,000822843983769417	-0,000981115736067295	-0,00113938748836517	-0,000664572231471539	44973,4274791204
38	0,409523941601	0,407851281951	1,580649135107	1,473538370405	0,045925267041	0,111329883337	-0,000981115736067295	-0,000981115736067295	-0,00129765924066305	-0,000664572231471539	-0,000981115736067295	-0,000981115736067295	-0,00129765924066305	-0,000664572231471539	44973,533952581
39	0,409196282402	0,407547741861	1,579421799846	1,47243965823	0,045925267041	0,111329883337	-0,000981115736067295	-0,000664572231471539	-0,00113938748836517	-0,000664572231471539	-0,000822843983769417	-0,000822843983769417	-0,00113938748836517	-0,000664572231471539	44973,6403203472
40	0,408822753769	0,407192562906	1,577984206678	1,47115102281	0,045925267041	0,111329883337	-0,000981115736067295	-0,000981115736067295	-0,00113938748836517	-0,000664572231471539	-0,000822843983769417	-0,000822843983769417	-0,00113938748836517	-0,000664572231471539	44973,7465449537
41	0,408577412884	0,406855355902	1,577019111523	1,469925906544	0,045925267041	0,111329883337	-0,000981115736067295	-0,000822843983769417	-0,00113938748836517	-0,00050630047917366	-0,000981115736067295	-0,000981115736067295	-0,00113938748836517	-0,000664572231471539	44973,8527194907
42	0,408370323761	0,40661257766	1,576267609482	1,46903505708	0,045925267041	0,111329883337	-0,000981115736067295	-0,000981115736067295	-0,00113938748836517	-0,000664572231471539	-0,000981115736067295	-0,000664572231471539	-0,00113938748836517	-0,000664572231471539	44973,9589528935
43	0,408015215094	0,406292258151	1,574973881528	1,46786484859	0,045925267041	0,111329883337	-0,000822843983769417	-0,000822843983769417	-0,00113938748836517	-0,000664572231471539	-0,000981115736067295	-0,000981115736067295	-0,00129765924066305	-0,000664572231471539	44974,0652061806
44	0,407710660682	0,405912525315	1,573798073604	1,46649049073	0,045925267041	0,111329883337	-0,000981115736067295	-0,000822843983769417	-0,00113938748836517	-0,000664572231471539	-0,000822843983769417	-0,000981115736067295	-0,00129765924066305	-0,000664572231471539	44974,1712719329
45	0,407434544422	0,405611585614	1,572757110018	1,465430117689	0,045925267041	0,111329883337	-0,000981115736067295	-0,000822843983769417	-0,00113938748836517	-0,000664572231471539	-0,000981115736067295	-0,000981115736067295	-0,00113938748836517	-0,000664572231471539	44974,2772471296
46	0,407326930101	0,405433374651	1,572317912332	1,464790303393	0,045925267041	0,111329883337	-0,000981115736067295	-0,000981115736067295	-0,00113938748836517	-0,000664572231471539	-0,000981115736067295	-0,000981115736067295	-0,00113938748836517	-0,000664572231471539	44974,3832812384
47	0,407122850008	0,405085894297	1,571461137814	1,463517881303	0,045925267041	0,111329883337	-0,000822843983769417	-0,000981115736067295	-0,00129765924066305	-0,000664572231471539	-0,000822843983769417	-0,000981115736067295	-0,00113938748836517	-0,00050630047917366	44974,4889611806
48	0,406663292015	0,404790055984	1,569770717699	1,462480115262	0,045925267041	0,111329883337	-0,000981115736067295	-0,000981115736067295	-0,00113938748836517	-0,000664572231471539	-0,000981115736067295	-0,000981115736067295	-0,00113938748836517	-0,00050630047917366	44974,5945246296
49	0,406508533738	0,404540853479	1,56913742968	1,461554880752	0,045925267041	0,111329883337	-0,000981115736067295	-0,000822843983769417	-0,00113938748836517	-0,00050630047917366	-0,000981115736067295	-0,000981115736067295	-0,00113938748836517	-0,00050630047917366	44974,7000292014
50	0,406225837563	0,404383212738	1,568129914818	1,460995791457	0,045925267041	0,111329883337	-0,000981115736067295	-0,000981115736067295	-0,00113938748836517	-0,000664572231471539	-0,000822843983769417	-0,000822843983769417	-0,00113938748836517	-0,000664572231471539	44974,8058661921
51	0,405883688705	0,404092602334	1,566813250744	1,459919480874	0,045925267041	0,111329883337	-0,000822843983769417	-0,000822843983769417	-0,00113938748836517	-0,000664572231471539	-0,000822843983769417	-0,000981115736067295	-0,00113938748836517	-0,000664572231471539	44974,9114323727
52	0,40570605374	0,403814922682	1,566164740774	1,458887175644	0,045925267041	0,111329883337	-0,000981115736067295	-0,000981115736067295	-0,00113938748836517	-0,000664572231471539	-0,000822843983769417	-0,000822843983769417	-0,00113938748836517	-0,000664572231471539	44975,0169918981
53	0,40549784838	0,403599210765	1,565372771032	1,458107109372	0,045925267041	0,111329883337	-0,000822843983769417	-0,000981115736067295	-0,00113938748836517	-0,000664572231471539	-0,000822843983769417	-0,000822843983769417	-0,00113938748836517	-0,000664572231471539	44975,122497963
54	0,405072714161	0,403386101359	1,563783922622	1,457343748428	0,045925267041	0,111329883337	-0,000822843983769417	-0,000981115736067295	-0,00113938748836517	-0,000664572231471539	-0,000822843983769417	-0,000822843983769417	-0,00113938748836517	-0,000664572231471539	44975,227829919
55	0,404726453825	0,403023142847	1,562461247994	1,456050870602	0,045925267041	0,111329883337	-0,000981115736067295	-0,000981115736067295	-0,00113938748836517	-0,000664572231471539	-0,000822843983769417	-0,000981115736067295	-0,00113938748836517	-0,000664572231471539	44975,3328618866
56	0,404728798637	0,402857781886	1,562431617637	1,455437426991	0,045925267041	0,111329883337	-0,000981115736067295	-0,000981115736067295	-0,00113938748836517	-0,000664572231471539	-0,000981115736067295	-0,000981115736067295	-0,00129765924066305	-0,000664572231471539	44975,4380922454
57	0,404341413525	0,402634398497	1,560976093256	1,454627563126	0,045925267041	0,111329883337	-0,000981115736067295	-0,00113938748836517	-0,00113938748836517	-0,000664572231471539	-0,000822843983769417	-0,000981115736067295	-0,00129765924066305	-0,000664572231471539	44975,5431381713
58	0,404205195895	0,402454797689	1,560466186728	1,453977909698	0,045925267041	0,111329883337	-0,000664572231471539	-0,000981115736067295	-0,00113938748836517	-0,000664572231471539	-0,000981115736067295	-0,000822843983769417	-0,00113938748836517	-0,000664572231471539	44975,6482517014
59	0,403845663702	0,402210694455	1,559074703082	1,453079576038	0,045925267041	0,111329883337	-0,000981115736067295	-0,000981115736067295	-0,00113938748836517	-0,000664572231471539	-0,000822843983769417	-0,000981115736067295	-0,00113938748836517	-0,000664572231471539	44975,753148588
60	0,403612078537	0,402069916201	1,558254238462	1,452575044287	0,045925267041	0,111329883337	-0,000981115736067295	-0,000981115736067295	-0,00113938748836517	-0,000664572231471539	-0,000822843983769417	-0,00113938748836517	-0,00129765924066305	-0,000664572231471539	44975,858084213
61	0,403315665618	0,401820639735	1,557112330092	1,45168439188	0,045925267041	0,111329883337	-0,000981115736067295	-0,000981115736067295	-0,00113938748836517	-0,000664572231471539	-0,000822843983769417	-0,000822843983769417	-0,00113938748836517	-0,00050630047917366	44975,9628408565
62	0,403240367211	0,401647558982	1,556783026866	1,451055582049	0,045925267041	0,111329883337	-0,000822843983769417	-0,000981115736067295	-0,00113938748836517	-0,000664572231471539	-0,000822843983769417	-0,000822843983769417	-0,00129765924066305	-0,000664572231471539	44976,0676485532
63	0,402966503286	0,401452510324	1,555775295541	1,450340355676	0,045925267041	0,111329883337	-0,000981115736067295	-0,000981115736067295	-0,00113938748836517	-0,000664572231471539	-0,000981115736067295	-0,000981115736067295	-0,00129765924066305	-0,000664572231471539	44976,1724914815
64	0,402700435524	0,401250974887	1,554771221392	1,449599332139	0,045925267041	0,111329883337	-0,000981115736067295	-0,000822843983769417	-0,00113938748836517	-0,000664572231471539	-0,000822843983769417	-0,000822843983769417	-0,00113938748836517	-0,000664572231471539	44976,2771868403
65	0,402440792267	0,40104049893	1,553790393374	1,448822186375	0,045925267041	0,111329883337	-0,000981115736067295	-0,000822843983769417	-0,00129765924066305	-0,000664572231471539	-0,000822843983769417	-0,00113938748836517	-0,00113938748836517	-0,000664572231471539	44976,3817736921
66	0,402276947115	0,400845443915	1,553192111747	1,448126178416	0,045925267041	0,111329883337	-0,000981115736067295	-0,000981115736067295	-0,00129765924066305	-0,000664572231471539	-0,000981115736067295	-0,000981115736067295	-0,00113938748836517	-0,000664572231471539	44976,4864563542
67	0,402077311537	0,400650400554	1,552432817684	1,447411055213	0,045925267041	0,111329883337	-0,000981115736067295	-0,000822843983769417	-0,00113938748836517	-0,00050630047917366	-0,000981115736067295	-0,000981115736067295	-0,00113938748836517	-0,000664572231471539	44976,5909327662
68	0,401924663157	0,400507024664	1,551868423865	1,446903371054	0,045925267041	0,111329883337	-0,000981115736067295	-0,000981115736067295	-0,00129765924066305	-0,000664572231471539	-0,000981115736067295	-0,000664572231471539	-0,00113938748836517	-0,000664572231471539	44976,695529919
69	0,401852829924	0,400313255434	1,551552787547	1,446209304213	0,045925267041	0,111329883337	-0,000822843983769417	-0,000822843983769417	-0,00113938748836517	-0,000664572231471539	-0,000822843983769417	-0,000981115736067295	-0,00113938748836517	-0,000664572231471539	44976,8001709606
70	0,401590216333	0,399968383312	1,55054666739	1,444904694837	0,045925267041	0,111329883337	-0,000664572231471539	-0,00113938748836517	-0,00113938748836517	-0,000664572231471539	-0,000822843983769417	-0,000981115736067295	-0,00113938748836517	-0,000664572231471539	44976,9044599537
71	0,40148244963	0,399741082381	1,550188517257	1,444111054818	0,045925267041	0,111329883337	-0,000822843983769417	-0,000822843983769417	-0,00113938748836517	-0,000664572231471539	-0,000981115736067295	-0,000981115736067295	-0,00129765924066305	-0,000664572231471539	44977,0090079051
72	0,401295851296	0,399458190925	1,549407824897	1,443041042453	0,045925267041	0,111329883337	-0,000822843983769417	-0,000981115736067295	-0,00129765924066305	-0,000664572231471539	-0,000981115736067295	-0,00113938748836517	-0,00113938748836517	-0,000664572231471539	44977,1131517245
73	0,401253662293	8,4778E-8	1,549318320053	2,73274E-7	0,045925267041	0,111329883337	-0,000822843983769417	-0,000822843983769417	-0,00113938748836517	-0,000664572231471539	-0,000822843983769417	-0,000981115736067295	-0,00113938748836517	-0,000664572231471539	44977,2247077546
74	3,30612141095089E-13	0,2309883811	1,23703397638482E-12	0,810088411269	0,045517735183	0,111275069416	-0,000822843983769417	-0,000822843983769417	-0,00113938748836517	-0,000664572231471539	-0,000981115736067295	-0,000822843983769417	-0,00113938748836517	-0,000664572231471539	44977,4894307523
75	0,409089642077	0,399978717275	1,576068378029	1,444902374292	0,045517735183	0,111275069416	-0,000981115736067295	-0,000822843983769417	-0,00113938748836517	-0,000664572231471539	-0,000981115736067295	-0,000822843983769417	-0,00113938748836517	-0,00050630047917366	44977,5948490162
76	0,401656859266	0,399504677111	1,550602973903	1,443212320902	0,045517735183	0,111275069416	-0,000981115736067295	-0,000822843983769417	-0,00113938748836517	-0,000664572231471539	-0,000822843983769417	-0,000822843983769417	-0,00113938748836517	-0,00050630047917366	44977,6991921528
77	0,401333701764	0,399294229132	1,549357223821	1,442474041561	0,045517735183	0,111275069416	-0,000981115736067295	-0,00113938748836517	-0,00113938748836517	-0,000664572231471539	-0,000981115736067295	-0,000822843983769417	-0,00113938748836517	-0,000664572231471539	44977,8035067014
78	0,400922616696	0,399199904005	1,547842850909	1,442136274404	0,045517735183	0,111275069416	-0,000822843983769417	-0,000981115736067295	-0,00113938748836517	-0,000664572231471539	-0,000981115736067295	-0,000822843983769417	-0,00129765924066305	-0,000664572231471539	44977,9077698611
79	0,400665707225	0,398922124956	1,546869920038	1,441122911812	0,045517735183	0,111275069416	-0,000981115736067295	-0,000822843983769417	-0,00113938748836517	-0,000664572231471539	-0,000981115736067295	-0,000664572231471539	-0,00113938748836517	-0,000664572231471539	44978,0118910532
80	0,400456276984	0,398733642974	1,546055287872	1,440438638299	0,045517735183	0,111275069416	-0,000822843983769417	-0,000981115736067295	-0,00113938748836517	-0,000664572231471539	-0,000981115736067295	-0,000981115736067295	-0,00113938748836517	-0,000664572231471539	44978,1160132639
81	0,400026377356	0,398520568536	1,544489145376	1,439633646707	0,045517735183	0,111275069416	-0,000822843983769417	-0,000981115736067295	-0,00113938748836517	-0,000664572231471539	-0,00113938748836517	-0,000822843983769417	-0,00113938748836517	-0,000664572231471539	44978,2201440162
82	0,399789100116	0,398338370307	1,54361798882	1,438948809643	0,045517735183	0,111275069416	-0,000822843983769417	-0,000822843983769417	-0,00113938748836517	-0,000664572231471539	-0,000981115736067295	-0,000822843983769417	-0,00113938748836517	-0,00050630047917366	44978,3240671412
83	0,399719845402	0,398209186158	1,543398999972	1,438515261133	0,045517735183	0,111275069416	-0,000822843983769417	-0,000981115736067295	-0,00113938748836517	-0,00050630047917366	-0,000822843983769417	-0,000981115736067295	-0,00113938748836517	-0,000664572231471539	44978,4282484838
84	0,399497068305	0,397981854494	1,542516715285	1,437669996653	0,045517735183	0,111275069416	-0,000981115736067295	-0,000822843983769417	-0,00113938748836517	-0,000664572231471539	-0,000981115736067295	-0,000981115736067295	-0,00129765924066305	-0,000664572231471539	44978,5321704514
85	0,399315171142	0,397768796586	1,541855908467	1,436890256941	0,045517735183	0,111275069416	-0,000822843983769417	-0,000981115736067295	-0,00113938748836517	-0,000664572231471539	-0,000822843983769417	-0,000822843983769417	-0,00113938748836517	-0,000664572231471539	44978,6361352546
86	0,399098916231	0,397589234562	1,541040175	1,436228625417	0,045517735183	0,111275069416	-0,00113938748836517	-0,000822843983769417	-0,00113938748836517	-0,000664572231471539	-0,000981115736067295	-0,000822843983769417	-0,00113938748836517	-0,00050630047917366	44978,740041713
87	0,398838776901	0,397197897237	1,540059917225	1,43478360713	0,045517735183	0,111275069416	-0,000822843983769417	-0,000822843983769417	-0,00113938748836517	-0,000664572231471539	-0,000981115736067295	-0,000981115736067295	-0,00129765924066305	-0,00050630047917366	44978,8436816898
88	0,398769201922	0,397240510599	1,539735848329	1,434979701868	0,045517735183	0,111275069416	-0,000822843983769417	-0,000981115736067295	-0,00113938748836517	-0,00050630047917366	-0,000981115736067295	-0,000981115736067295	-0,00113938748836517	-0,00050630047917366	44978,9473735069
89	0,398766421953	0,396958943922	1,53973762167	1,433938564574	0,045517735183	0,111275069416	-0,000822843983769417	-0,000981115736067295	-0,00113938748836517	-0,00050630047917366	-0,000822843983769417	-0,000822843983769417	-0,00113938748836517	-0,000664572231471539	44979,0510484722
90	0,398498964362	0,396912351559	1,538725666068	1,433732885359	0,045517735183	0,111275069416	-0,000822843983769417	-0,000822843983769417	-0,00129765924066305	-0,000664572231471539	-0,000981115736067295	-0,000822843983769417	-0,00113938748836517	-0,000664572231471539	44979,1546631829
91	0,398217764419	0,396712181381	1,537697024127	1,432984322607	0,045517735183	0,111275069416	-0,000664572231471539	-0,000981115736067295	-0,00113938748836517	-0,000664572231471539	-0,000822843983769417	-0,000981115736067295	-0,00129765924066305	-0,000664572231471539	44979,2582306944
92	0,397925130856	0,396654097277	1,536566513325	1,43279367484	0,045517735183	0,111275069416	-0,000981115736067295	-0,000822843983769417	-0,00113938748836517	-0,000664572231471539	-0,000981115736067295	-0,000822843983769417	-0,00113938748836517	-0,00050630047917366	44979,3615784491
93	0,397876236514	0,396531306021	1,536398540011	1,432384253025	0,045517735183	0,111275069416	-0,000664572231471539	-0,000981115736067295	-0,00113938748836517	-0,000664572231471539	-0,000822843983769417	-0,000981115736067295	-0,00113938748836517	-0,000664572231471539	44979,4650953009
94	0,397605341916	0,396349280303	1,535269473664	1,431727062553	0,045517735183	0,111275069416	-0,000822843983769417	-0,000981115736067295	-0,00113938748836517	-0,000664572231471539	-0,000981115736067295	-0,000981115736067295	-0,00129765924066305	-0,000664572231471539	44979,5681479514
95	0,397585223658	0,396141280334	1,5352401146	1,430931127906	0,045517735183	0,111275069416	-0,000822843983769417	-0,000981115736067295	-0,00113938748836517	-0,000664572231471539	-0,000664572231471539	-0,000822843983769417	-0,00129765924066305	-0,000664572231471539	44979,671328206
96	0,397403346845	0,39604314872	1,534571204862	1,430592412277	0,045517735183	0,111275069416	-0,000981115736067295	-0,000664572231471539	-0,00113938748836517	-0,000664572231471539	-0,000981115736067295	-0,000981115736067295	-0,00113938748836517	-0,000664572231471539	44979,77445375
97	0,397352261417	0,395833622214	1,534365111119	1,429904475374	0,045517735183	0,111275069416	-0,000981115736067295	-0,000981115736067295	-0,00113938748836517	-0,000664572231471539	-0,000981115736067295	-0,000981115736067295	-0,00113938748836517	-0,00050630047917366	44979,8779113889
98	0,397309960317	0,395725353732	1,534223263682	1,429412130194	0,045517735183	0,111275069416	-0,000981115736067295	-0,000981115736067295	-0,00113938748836517	-0,00050630047917366	-0,000981115736067295	-0,000822843983769417	-0,00113938748836517	-0,00050630047917366	44979,9811713773
99	0,397099591295	0,395549703316	1,533444619673	1,428747823306	0,045517735183	0,111275069416	-0,000981115736067295	-0,000981115736067295	-0,00113938748836517	-0,00050630047917366	-0,000664572231471539	-0,000981115736067295	-0,00113938748836517	-0,000664572231471539	44980,0842947685
100	0,397064804943	0,395421785242	1,533348274902	1,428273879425	0,045517735183	0,111275069416	-0,000981115736067295	-0,000981115736067295	-0,00113938748836517	-0,000664572231471539	-0,000822843983769417	-0,000822843983769417	-0,00113938748836517	-0,000664572231471539	44980,1876830787
101	0,396851370927	0,395300430031	1,532481271128	1,427851949598	0,045517735183	0,111275069416	-0,000981115736067295	-0,000822843983769417	-0,00113938748836517	-0,000664572231471539	-0,000981115736067295	-0,000822843983769417	-0,00113938748836517	-0,000664572231471539	44980,2907849074
102	0,396714398179	0,395208772687	1,531985475252	1,427514773711	0,045517735183	0,111275069416	-0,000981115736067295	-0,000822843983769417	-0,00113938748836517	-0,000664572231471539	-0,000981115736067295	-0,000822843983769417	-0,00129765924066305	-0,00050630047917366	44980,3939399421
103	0,396538028063	0,39504597948	1,531285318406	1,426920579893	0,045517735183	0,111275069416	-0,000822843983769417	-0,000981115736067295	-0,00113938748836517	-0,000664572231471539	-0,000981115736067295	-0,000981115736067295	-0,00113938748836517	-0,000664572231471539	44980,4968908681
104	0,396472367324	0,395038273251	1,531062761751	1,426911196985	0,045517735183	0,111275069416	-0,000981115736067295	-0,000981115736067295	-0,00113938748836517	-0,000664572231471539	-0,000981115736067295	-0,000822843983769417	-0,00129765924066305	-0,00050630047917366	44980,6001323495
105	0,396215125504	0,394755429902	1,530072998431	1,425871874866	0,045517735183	0,111275069416	-0,000822843983769417	-0,000822843983769417	-0,00113938748836517	-0,000664572231471539	-0,000822843983769417	-0,000822843983769417	-0,00113938748836517	-0,000664572231471539	44980,7030525347
106	0,396023201024	0,394596499347	1,529372157692	1,425280266272	0,045517735183	0,111275069416	-0,000822843983769417	-0,000981115736067295	-0,00113938748836517	-0,000664572231471539	-0,000822843983769417	-0,000822843983769417	-0,00113938748836517	-0,000664572231471539	44980,8058808333
107	0,395963532735	0,394489347743	1,529135390646	1,424863148132	0,045517735183	0,111275069416	-0,000664572231471539	-0,000981115736067295	-0,00113938748836517	-0,000664572231471539	-0,000822843983769417	-0,000822843983769417	-0,00113938748836517	-0,000664572231471539	44980,9087188657
108	0,39588904907	0,394451792959	1,528893382025	1,424731608106	0,045517735183	0,111275069416	-0,000822843983769417	-0,000981115736067295	-0,00113938748836517	-0,000664572231471539	-0,000822843983769417	-0,000822843983769417	-0,00113938748836517	-0,000664572231471539	44981,0117418866
109	0,395731906547	0,394249043791	1,528318592059	1,423995408513	0,045517735183	0,111275069416	-0,000822843983769417	-0,00113938748836517	-0,00113938748836517	-0,000664572231471539	-0,000822843983769417	-0,000822843983769417	-0,00113938748836517	-0,000664572231471539	44981,1147495718
110	0,395591582216	0,394180610258	1,527779872285	1,423722655074	0,045517735183	0,111275069416	-0,000822843983769417	-0,000981115736067295	-0,00113938748836517	-0,000664572231471539	-0,000822843983769417	-0,000664572231471539	-0,00113938748836517	-0,000664572231471539	44981,2176461227
111	0,395501356081	0,394024297685	1,527423734778	1,423172117249	0,045517735183	0,111275069416	-0,000981115736067295	-0,000822843983769417	-0,00129765924066305	-0,000664572231471539	-0,000981115736067295	-0,000981115736067295	-0,00113938748836517	-0,000664572231471539	44981,3205222338
112	0,395355481512	0,393940358231	1,526879370297	1,422854909447	0,045517735183	0,111275069416	-0,000822843983769417	-0,000981115736067295	-0,00113938748836517	-0,000664572231471539	-0,000981115736067295	-0,000822843983769417	-0,00129765924066305	-0,000664572231471539	44981,4232309491
113	0,395291064992	0,393716880528	1,526660428405	1,422007720646	0,045517735183	0,111275069416	-0,000981115736067295	-0,000822843983769417	-0,00113938748836517	-0,000664572231471539	-0,000822843983769417	-0,000664572231471539	-0,00113938748836517	-0,000664572231471539	44981,5261413542
114	0,395109811947	0,393666491001	1,52598430663	1,421836702221	0,045517735183	0,111275069416	-0,000822843983769417	-0,000822843983769417	-0,00113938748836517	-0,000664572231471539	-0,000822843983769417	-0,000822843983769417	-0,00113938748836517	-0,000664572231471539	44981,6290118519
115	0,395062635653	0,39367942154	1,525805422407	1,421895451365	0,045517735183	0,111275069416	-0,000822843983769417	-0,000981115736067295	-0,00113938748836517	-0,00050630047917366	-0,000822843983769417	-0,000822843983769417	-0,00113938748836517	-0,000664572231471539	44981,7319130671
116	0,394775206202	0,393567019559	1,524737532614	1,42144910311	0,045517735183	0,111275069416	-0,000981115736067295	-0,000822843983769417	-0,00113938748836517	-0,000664572231471539	-0,000981115736067295	-0,000822843983769417	-0,00113938748836517	-0,000664572231471539	44981,8346656019
117	0,394578600642	0,3933449139	1,523995958609	1,420616711056	0,045517735183	0,111275069416	-0,000822843983769417	-0,000981115736067295	-0,00113938748836517	-0,000664572231471539	-0,000981115736067295	-0,000981115736067295	-0,00113938748836517	-0,000664572231471539	44981,9372920602
118	0,394523456925	0,393251893419	1,523750237514	1,420293504772	0,045517735183	0,111275069416	-0,000981115736067295	-0,000981115736067295	-0,00113938748836517	-0,000664572231471539	-0,000981115736067295	-0,000822843983769417	-0,00113938748836517	-0,000664572231471539	44982,0399477199
119	0,394486570449	0,393147282229	1,523605005437	1,419912955015	0,045517735183	0,111275069416	-0,000822843983769417	-0,000822843983769417	-0,00113938748836517	-0,000664572231471539	-0,000822843983769417	-0,000981115736067295	-0,00113938748836517	-0,000664572231471539	44982,142610706
120	0,394312146796	0,393047770304	1,522950245652	1,419509776485	0,045517735183	0,111275069416	-0,000822843983769417	-0,000822843983769417	-0,00113938748836517	-0,000664572231471539	-0,000822843983769417	-0,000981115736067295	-0,00113938748836517	-0,00050630047917366	44982,2451576505
121	0,394237328736	0,392927666967	1,522660436731	1,419071656285	0,045517735183	0,111275069416	-0,000981115736067295	-0,000981115736067295	-0,00113938748836517	-0,000664572231471539	-0,000981115736067295	-0,000822843983769417	-0,00113938748836517	-0,000664572231471539	44982,3477902199
122	0,394091033697	0,39270809494	1,522099828207	1,418273389967	0,045517735183	0,111275069416	-0,000981115736067295	-0,000981115736067295	-0,00113938748836517	-0,000664572231471539	-0,000981115736067295	-0,000981115736067295	-0,00113938748836517	-0,00050630047917366	44982,4503756944
123	0,393961546839	0,392595785784	1,521593269605	1,417833522735	0,045517735183	0,111275069416	-0,000822843983769417	-0,000981115736067295	-0,00113938748836517	-0,000664572231471539	-0,000981115736067295	-0,000981115736067295	-0,00129765924066305	-0,000664572231471539	44982,5527388079
124	0,393935442126	9,05E-8	1,521543935037	2,89932E-7	0,045517735183	0,111275069416	-0,000664572231471539	-0,000822843983769417	-0,00113938748836517	-0,000664572231471539	-0,000981115736067295	-0,000981115736067295	-0,00113938748836517	-0,000664572231471539	44982,6622944329
125	2,67032883192187E-13	0,225298893133	9,99489023977082E-13	0,790151255758	0,048770856112	0,113792903721	-0,000822843983769417	-0,000822843983769417	-0,00113938748836517	-0,000664572231471539	-0,000981115736067295	-0,000822843983769417	-0,00113938748836517	-0,000664572231471539	44982,923001088
126	0,400637921781	0,393189898344	1,544447775466	1,419922030786	0,048770856112	0,113792903721	-0,00113938748836517	-0,000822843983769417	-0,00113938748836517	-0,000664572231471539	-0,000822843983769417	-0,000822843983769417	-0,00113938748836517	-0,000664572231471539	44983,0263002083
127	0,394306716827	0,392874748256	1,522813753192	1,418809048482	0,048770856112	0,113792903721	-0,000981115736067295	-0,000822843983769417	-0,00113938748836517	-0,000664572231471539	-0,000981115736067295	-0,000981115736067295	-0,00113938748836517	-0,00050630047917366	44983,1288280556
128	0,393974886431	0,392732705625	1,521537336353	1,418300179968	0,048770856112	0,113792903721	-0,000981115736067295	-0,000981115736067295	-0,00113938748836517	-0,000664572231471539	-0,000981115736067295	-0,000981115736067295	-0,00113938748836517	-0,000664572231471539	44983,2312755324
129	0,393730155646	0,392538902482	1,520617849139	1,417618665087	0,048770856112	0,113792903721	-0,000981115736067295	-0,000981115736067295	-0,00113938748836517	-0,000664572231471539	-0,000981115736067295	-0,000981115736067295	-0,00113938748836517	-0,000664572231471539	44983,3336803125
130	0,383196330788	0,382382100454	1,476445996442	1,376867534935	0,048770856112	0,113792903721	-0,000822843983769417	-0,000822843983769417	-0,00113938748836517	-0,000664572231471539	-0,000822843983769417	-0,000981115736067295	-0,00113938748836517	-0,00050630047917366	44983,4217398958
131	0,393556753143	0,392284499196	1,519986044354	1,416618469559	0,048770856112	0,113792903721	-0,000822843983769417	-0,000822843983769417	-0,00113938748836517	-0,000664572231471539	-0,000981115736067295	-0,000822843983769417	-0,00113938748836517	-0,000664572231471539	44983,5241165162
132	0,392058858604	0,391025089681	1,513811029203	1,411626580129	0,048770856112	0,113792903721	-0,000822843983769417	-0,00113938748836517	-0,00113938748836517	-0,000664572231471539	-0,000822843983769417	-0,000981115736067295	-0,00113938748836517	-0,000664572231471539	44983,622423831
133	0,393163429331	0,391982242982	1,518309983752	1,41552338818	0,048770856112	0,113792903721	-0,000981115736067295	-0,000981115736067295	-0,00113938748836517	-0,000664572231471539	-0,000822843983769417	-0,000822843983769417	-0,00113938748836517	-0,000664572231471539	44983,7248783102
134	0,393061918652	0,391822019013	1,518074534789	1,414919781574	0,048770856112	0,113792903721	-0,000822843983769417	-0,000981115736067295	-0,00113938748836517	-0,000664572231471539	-0,000981115736067295	-0,000822843983769417	-0,00113938748836517	-0,000664572231471539	44983,8269681597
135	0,392801229687	0,391723840135	1,517081966893	1,414571453118	0,048770856112	0,113792903721	-0,000981115736067295	-0,000822843983769417	-0,00113938748836517	-0,000664572231471539	-0,000822843983769417	-0,000822843983769417	-0,00113938748836517	-0,000664572231471539	44983,9289359375
136	0,392676979346	0,391528873918	1,516642708663	1,413860378972	0,048770856112	0,113792903721	-0,000981115736067295	-0,000822843983769417	-0,00113938748836517	-0,000664572231471539	-0,000981115736067295	-0,000981115736067295	-0,00113938748836517	-0,000664572231471539	44984,0309828588
137	0,392760061478	0,391355720896	1,517021677818	1,413210000276	0,048770856112	0,113792903721	-0,000981115736067295	-0,000822843983769417	-0,00113938748836517	-0,000664572231471539	-0,000981115736067295	-0,000822843983769417	-0,00113938748836517	-0,000664572231471539	44984,1333021991
138	0,392376365032	0,391205991957	1,515584669977	1,412664073825	0,048770856112	0,113792903721	-0,000981115736067295	-0,000822843983769417	-0,00113938748836517	-0,00050630047917366	-0,000822843983769417	-0,000822843983769417	-0,00113938748836517	-0,000664572231471539	44984,2353465162
139	0,392056019009	0,391007054789	1,514359783046	1,411911857522	0,048770856112	0,113792903721	-0,000981115736067295	-0,000981115736067295	-0,00113938748836517	-0,00050630047917366	-0,000981115736067295	-0,000822843983769417	-0,00113938748836517	-0,000664572231471539	44984,3373866435
140	0,391940344554	0,390813282803	1,51393795565	1,411201165606	0,048770856112	0,113792903721	-0,000981115736067295	-0,000981115736067295	-0,00113938748836517	-0,000664572231471539	-0,000981115736067295	-0,000981115736067295	-0,00113938748836517	-0,000664572231471539	44984,4395125926
141	0,391635872645	0,392431478122	1,512779882975	1,417553999564	0,048770856112	0,113792903721	-0,000664572231471539	-0,000981115736067295	-0,00129765924066305	-0,00050630047917366	-0,000822843983769417	-0,000981115736067295	-0,00113938748836517	-0,000664572231471539	44984,7327798611
142	0,393658459763	0,39149905186	1,521370282683	1,413158460978	0,048770856112	0,113792903721	-0,000981115736067295	-0,000981115736067295	-0,00113938748836517	-0,000664572231471539	-0,000981115736067295	-0,000822843983769417	-0,00113938748836517	-0,000664572231471539	44984,8354540741
143	0,392615207103	0,39124081326	1,516693553045	1,412269371659	0,048770856112	0,113792903721	-0,000822843983769417	-0,000822843983769417	-0,00113938748836517	-0,000664572231471539	-0,000822843983769417	-0,000822843983769417	-0,00113938748836517	-0,00050630047917366	44984,9381143287
144	0,391954493907	0,390820957457	1,514107112679	1,410757394722	0,048770856112	0,113792903721	-0,000981115736067295	-0,000822843983769417	-0,00113938748836517	-0,00050630047917366	-0,000822843983769417	-0,000822843983769417	-0,00113938748836517	-0,000664572231471539	44985,0404137731
145	0,391547661747	0,390417983435	1,512533646111	1,409301971769	0,048770856112	0,113792903721	-0,000822843983769417	-0,000822843983769417	-0,00113938748836517	-0,000664572231471539	-0,000822843983769417	-0,000822843983769417	-0,00113938748836517	-0,000664572231471539	44985,1423928125
146	0,391340391667	0,390151967818	1,511806255445	1,408323741481	0,048770856112	0,113792903721	-0,000981115736067295	-0,000822843983769417	-0,00113938748836517	-0,000664572231471539	-0,000822843983769417	-0,000981115736067295	-0,00113938748836517	-0,000664572231471539	44985,2446262847
147	0,391088364857	0,389827715301	1,51088752527	1,407135096276	0,048770856112	0,113792903721	-0,000822843983769417	-0,000981115736067295	-0,00113938748836517	-0,00050630047917366	-0,000981115736067295	-0,000981115736067295	-0,00113938748836517	-0,000664572231471539	44985,3467252315
148	0,390793897533	0,389627544909	1,509761514822	1,406418442747	0,048770856112	0,113792903721	-0,000822843983769417	-0,000981115736067295	-0,00113938748836517	-0,000664572231471539	-0,000981115736067295	-0,000981115736067295	-0,00113938748836517	-0,000664572231471539	44985,4488463773
149	0,390477615344	0,389420876505	1,508573223298	1,405655246695	0,048770856112	0,113792903721	-0,00113938748836517	-0,000822843983769417	-0,00113938748836517	-0,000664572231471539	-0,000822843983769417	-0,000981115736067295	-0,00113938748836517	-0,000664572231471539	44985,550913588
150	0,390195797314	0,389193498006	1,507503047563	1,404825177617	0,048770856112	0,113792903721	-0,000822843983769417	-0,000981115736067295	-0,00113938748836517	-0,000664572231471539	-0,000981115736067295	-0,000981115736067295	-0,00113938748836517	-0,000664572231471539	44985,6527283218
151	0,389949188294	0,389043690227	1,506577970207	1,404269879669	0,048770856112	0,113792903721	-0,000981115736067295	-0,000822843983769417	-0,00113938748836517	-0,000664572231471539	-0,000981115736067295	-0,000981115736067295	-0,00129765924066305	-0,00050630047917366	44985,7546796065
152	0,38983786309	0,388870605024	1,506199913379	1,403629343774	0,048770856112	0,113792903721	-0,000822843983769417	-0,000822843983769417	-0,00113938748836517	-0,000664572231471539	-0,000822843983769417	-0,000822843983769417	-0,00113938748836517	-0,000664572231471539	44985,8566640972
153	0,389605587601	0,388664029445	1,505349031051	1,402853544858	0,048770856112	0,113792903721	-0,000981115736067295	-0,000981115736067295	-0,00113938748836517	-0,000664572231471539	-0,000981115736067295	-0,000981115736067295	-0,00129765924066305	-0,000664572231471539	44985,9586788889
154	0,389367858198	0,388493441635	1,504440776279	1,40223182398	0,048770856112	0,113792903721	-0,000822843983769417	-0,000822843983769417	-0,00113938748836517	-0,000664572231471539	-0,000822843983769417	-0,00113938748836517	-0,00113938748836517	-0,00050630047917366	44986,0605887037
155	0,389106036789	0,388257091678	1,503468480207	1,401321120515	0,048770856112	0,113792903721	-0,000822843983769417	-0,000822843983769417	-0,00113938748836517	-0,000664572231471539	-0,000664572231471539	-0,000822843983769417	-0,00113938748836517	-0,000664572231471539	44986,1622883218
156	0,388890964539	0,388121445332	1,502656512278	1,400811826125	0,048770856112	0,113792903721	-0,000822843983769417	-0,000981115736067295	-0,00113938748836517	-0,000664572231471539	-0,000822843983769417	-0,000981115736067295	-0,00113938748836517	-0,00050630047917366	44986,2638936343
157	0,388780848925	0,388009135751	1,502293122987	1,400390996267	0,048770856112	0,113792903721	-0,000981115736067295	-0,000981115736067295	-0,00113938748836517	-0,000664572231471539	-0,000981115736067295	-0,000981115736067295	-0,00113938748836517	-0,000664572231471539	44986,3658031481
158	0,388533279967	0,387792159455	1,501364239436	1,399576978998	0,048770856112	0,113792903721	-0,00113938748836517	-0,000822843983769417	-0,00113938748836517	-0,000664572231471539	-0,000981115736067295	-0,000981115736067295	-0,00113938748836517	-0,000664572231471539	44986,4674130903
159	0,388372067946	0,387704323862	1,500774608814	1,399256230411	0,048770856112	0,113792903721	-0,000981115736067295	-0,00113938748836517	-0,00113938748836517	-0,000664572231471539	-0,000822843983769417	-0,000981115736067295	-0,00113938748836517	-0,000664572231471539	44986,5691419444
160	0,388205179937	0,38749243539	1,500161497847	1,39849724902	0,048770856112	0,113792903721	-0,000822843983769417	-0,000822843983769417	-0,00113938748836517	-0,000664572231471539	-0,000981115736067295	-0,000981115736067295	-0,00113938748836517	-0,000664572231471539	44986,6707876273
161	0,387993339729	0,387365922629	1,499519346493	1,398055443672	0,048770856112	0,113792903721	-0,000981115736067295	-0,000664572231471539	-0,00113938748836517	-0,000664572231471539	-0,000981115736067295	-0,000822843983769417	-0,00113938748836517	-0,00050630047917366	44986,7720888542
162	0,387863891842	0,387151481446	1,498904357838	1,397235922122	0,048770856112	0,113792903721	-0,000822843983769417	-0,000822843983769417	-0,00113938748836517	-0,000664572231471539	-0,000822843983769417	-0,000822843983769417	-0,00113938748836517	-0,000664572231471539	44986,8735633102
163	0,387847697656	0,387050695606	1,498910567671	1,396830310043	0,048770856112	0,113792903721	-0,000822843983769417	-0,000981115736067295	-0,00113938748836517	-0,000664572231471539	-0,000822843983769417	-0,000664572231471539	-0,00113938748836517	-0,000664572231471539	44986,9751548495
164	0,387649984663	0,386997759728	1,498161265838	1,39663327456	0,048770856112	0,113792903721	-0,000822843983769417	-0,000822843983769417	-0,00113938748836517	-0,000664572231471539	-0,000981115736067295	-0,000981115736067295	-0,00113938748836517	-0,000664572231471539	44987,0767025926
165	0,387442128572	0,38684277448	1,497347626708	1,396060612196	0,048770856112	0,113792903721	-0,000822843983769417	-0,000981115736067295	-0,00113938748836517	-0,000664572231471539	-0,000981115736067295	-0,000664572231471539	-0,00113938748836517	-0,00050630047917366	44987,1781160301
166	0,387407179637	0,386778140866	1,497290185776	1,395803443909	0,048770856112	0,113792903721	-0,000822843983769417	-0,000981115736067295	-0,00113938748836517	-0,00050630047917366	-0,000822843983769417	-0,000981115736067295	-0,00113938748836517	-0,000664572231471539	44987,2798528009
167	0,387199261172	0,386566316183	1,496491298544	1,394987018695	0,048770856112	0,113792903721	-0,000822843983769417	-0,000822843983769417	-0,00113938748836517	-0,00050630047917366	-0,000981115736067295	-0,000822843983769417	-0,00113938748836517	-0,00050630047917366	44987,3812165046
168	0,387204368855	0,386443638309	1,49655195742	1,394500101129	0,048770856112	0,113792903721	-0,000664572231471539	-0,000981115736067295	-0,00113938748836517	-0,000664572231471539	-0,000981115736067295	-0,000822843983769417	-0,00113938748836517	-0,000664572231471539	44987,482726412
169	0,387046619393	0,386360965777	1,495940795839	1,394205995173	0,048770856112	0,113792903721	-0,000822843983769417	-0,000822843983769417	-0,00113938748836517	-0,000664572231471539	-0,000981115736067295	-0,00113938748836517	-0,00113938748836517	-0,000664572231471539	44987,584104294
170	0,386974554387	0,386211168171	1,495699237288	1,393628809732	0,048770856112	0,113792903721	-0,000981115736067295	-0,000981115736067295	-0,00113938748836517	-0,000664572231471539	-0,000822843983769417	-0,000981115736067295	-0,00113938748836517	-0,000664572231471539	44987,6854262269
171	0,386786315344	0,386110363897	1,495008195244	1,393241223276	0,048770856112	0,113792903721	-0,000822843983769417	-0,000822843983769417	-0,00113938748836517	-0,00050630047917366	-0,000981115736067295	-0,000822843983769417	-0,00113938748836517	-0,00050630047917366	44987,7867225231
172	0,386746936745	0,385928280532	1,49491682785	1,392555044775	0,048770856112	0,113792903721	-0,000822843983769417	-0,000822843983769417	-0,00113938748836517	-0,00050630047917366	-0,000981115736067295	-0,000981115736067295	-0,00129765924066305	-0,000664572231471539	44987,888093669
173	0,386557417429	0,385901206576	1,494202271195	1,392471171207	0,048770856112	0,113792903721	-0,000822843983769417	-0,000822843983769417	-0,00113938748836517	-0,000664572231471539	-0,000981115736067295	-0,000664572231471539	-0,00113938748836517	-0,00050630047917366	44987,9894777546
174	0,386514622134	0,385795243476	1,494032552537	1,392075507878	0,048770856112	0,113792903721	-0,000981115736067295	-0,000822843983769417	-0,00113938748836517	-0,000664572231471539	-0,000981115736067295	-0,000822843983769417	-0,00113938748836517	-0,00050630047917366	44988,0908369676
175	0,386340708508	3,8366E-8	1,493390837116	1,22545E-7	0,048770856112	0,113792903721	-0,000822843983769417	-0,000981115736067295	-0,00113938748836517	-0,000664572231471539	-0,000822843983769417	-0,000822843983769417	-0,00113938748836517	-0,00050630047917366	44988,1992738426
176	3,11538363724219E-13	0,221178086865	1,16669078186639E-12	0,775637733978	0,050814453512	0,117126502097	-0,000822843983769417	-0,00113938748836517	-0,00113938748836517	-0,000664572231471539	-0,000981115736067295	-0,000981115736067295	-0,00113938748836517	-0,000664572231471539	44988,4558726273
177	0,392574878949	0,385831374299	1,51479480707	1,392076849014	0,050814453512	0,117126502097	-0,000981115736067295	-0,000822843983769417	-0,00113938748836517	-0,000664572231471539	-0,000981115736067295	-0,000822843983769417	-0,00113938748836517	-0,00050630047917366	44988,5581777431
178	0,386478144547	0,385666065472	1,493834415146	1,391612184063	0,050814453512	0,117126502097	-0,000822843983769417	-0,000822843983769417	-0,00113938748836517	-0,00050630047917366	-0,000664572231471539	-0,000981115736067295	-0,00113938748836517	-0,00050630047917366	44988,6595729398
179	0,386225386704	0,385500807937	1,492838333514	1,390926557546	0,050814453512	0,117126502097	-0,000822843983769417	-0,000822843983769417	-0,00113938748836517	-0,000664572231471539	-0,000822843983769417	-0,000822843983769417	-0,00113938748836517	-0,00050630047917366	44988,7606568866
180	0,386093766404	0,385352223209	1,492361032215	1,390367991272	0,050814453512	0,117126502097	-0,000981115736067295	-0,000981115736067295	-0,00113938748836517	-0,000664572231471539	-0,000822843983769417	-0,000664572231471539	-0,00113938748836517	-0,000664572231471539	44988,861764919
181	0,386019706943	0,385243684728	1,492142294583	1,389960666212	0,050814453512	0,117126502097	-0,000981115736067295	-0,000822843983769417	-0,00113938748836517	-0,000664572231471539	-0,000822843983769417	-0,000981115736067295	-0,00113938748836517	-0,00050630047917366	44988,9630421181
182	0,38583837397	0,385137786057	1,491466536352	1,389572279512	0,050814453512	0,117126502097	-0,000664572231471539	-0,000981115736067295	-0,00113938748836517	-0,000664572231471539	-0,000822843983769417	-0,000822843983769417	-0,00113938748836517	-0,00050630047917366	44989,0643376852
183	0,385751521854	0,385066745135	1,491166640553	1,389319596471	0,050814453512	0,117126502097	-0,000822843983769417	-0,000822843983769417	-0,00113938748836517	-0,00050630047917366	-0,000664572231471539	-0,000981115736067295	-0,00113938748836517	-0,00050630047917366	44989,1656656944
184	0,385708236466	0,384945415567	1,491038551479	1,388847257255	0,050814453512	0,117126502097	-0,000981115736067295	-0,000981115736067295	-0,00113938748836517	-0,00050630047917366	-0,000981115736067295	-0,000822843983769417	-0,00113938748836517	-0,00050630047917366	44989,2670022338
185	0,38547358417	0,384896264775	1,490117457066	1,388677651335	0,050814453512	0,117126502097	-0,000822843983769417	-0,000822843983769417	-0,00113938748836517	-0,000664572231471539	-0,000981115736067295	-0,000664572231471539	-0,00113938748836517	-0,000664572231471539	44989,3681640972
186	0,385327684609	0,384760683281	1,489589290835	1,388153617826	0,050814453512	0,117126502097	-0,000822843983769417	-0,000664572231471539	-0,00113938748836517	-0,000664572231471539	-0,00113938748836517	-0,000822843983769417	-0,00113938748836517	-0,000664572231471539	44989,4692745718
187	0,385276657234	0,384712811067	1,489435218723	1,387973535227	0,050814453512	0,117126502097	-0,000981115736067295	-0,000822843983769417	-0,00113938748836517	-0,000664572231471539	-0,000822843983769417	-0,000981115736067295	-0,00113938748836517	-0,00050630047917366	44989,5704893056
188	0,385123036517	0,384636688467	1,488845893835	1,38769296522	0,050814453512	0,117126502097	-0,000981115736067295	-0,000822843983769417	-0,00113938748836517	-0,000664572231471539	-0,000981115736067295	-0,000822843983769417	-0,00113938748836517	-0,000664572231471539	44989,6715377431
189	0,385095743103	0,384498431557	1,488808743481	1,387160834059	0,050814453512	0,117126502097	-0,000822843983769417	-0,000981115736067295	-0,00113938748836517	-0,00050630047917366	-0,000981115736067295	-0,000822843983769417	-0,00113938748836517	-0,000664572231471539	44989,7727938657
190	0,385024654919	0,384366701271	1,488585678802	1,386675189835	0,050814453512	0,117126502097	-0,000822843983769417	-0,000822843983769417	-0,00113938748836517	-0,00050630047917366	-0,000664572231471539	-0,000822843983769417	-0,00113938748836517	-0,000664572231471539	44989,8739762384
191	0,384902339337	0,384127742233	1,488123467332	1,385746571125	0,050814453512	0,117126502097	-0,000822843983769417	-0,000822843983769417	-0,00113938748836517	-0,00050630047917366	-0,000822843983769417	-0,000822843983769417	-0,00113938748836517	-0,000664572231471539	44989,9748679051
192	0,38498358491	0,383958611021	1,488518981468	1,385130992321	0,050814453512	0,117126502097	-0,000981115736067295	-0,000981115736067295	-0,00113938748836517	-0,00050630047917366	-0,000981115736067295	-0,000664572231471539	-0,00113938748836517	-0,00050630047917366	44990,0761170833
193	0,384749664211	0,384073570585	1,487564373846	1,385551955994	0,050814453512	0,117126502097	-0,000664572231471539	-0,000822843983769417	-0,00113938748836517	-0,000664572231471539	-0,000822843983769417	-0,000822843983769417	-0,00113938748836517	-0,000664572231471539	44990,1772400579
194	0,38467694222	0,383943013758	1,487324042214	1,385068843483	0,050814453512	0,117126502097	-0,000822843983769417	-0,000822843983769417	-0,00113938748836517	-0,000664572231471539	-0,000822843983769417	-0,000822843983769417	-0,00113938748836517	-0,00050630047917366	44990,2783578125
195	0,384567633985	0,383859098252	1,486894646567	1,384757534743	0,050814453512	0,117126502097	-0,000822843983769417	-0,000822843983769417	-0,00113938748836517	-0,000664572231471539	-0,000981115736067295	-0,000664572231471539	-0,00113938748836517	-0,000664572231471539	44990,3793965046
196	0,384402690771	0,383810016549	1,486260109006	1,384546829137	0,050814453512	0,117126502097	-0,000822843983769417	-0,000822843983769417	-0,00113938748836517	-0,00050630047917366	-0,000664572231471539	-0,000822843983769417	-0,00113938748836517	-0,00050630047917366	44990,4803499653
197	0,384279636357	0,383784172004	1,485802012806	1,384443047927	0,050814453512	0,117126502097	-0,000981115736067295	-0,000822843983769417	-0,00113938748836517	-0,000664572231471539	-0,000822843983769417	-0,000981115736067295	-0,00113938748836517	-0,00050630047917366	44990,5812904977
198	0,384137390619	0,383540077032	1,485244643749	1,383550602286	0,050814453512	0,117126502097	-0,000822843983769417	-0,000981115736067295	-0,00113938748836517	-0,00050630047917366	-0,000822843983769417	-0,000822843983769417	-0,00113938748836517	-0,00050630047917366	44990,6820767361
199	0,384116710055	0,383620117384	1,48519546034	1,383831901581	0,050814453512	0,117126502097	-0,000981115736067295	-0,000822843983769417	-0,00113938748836517	-0,000664572231471539	-0,000822843983769417	-0,000981115736067295	-0,00113938748836517	-0,00050630047917366	44990,7830295949
200	0,383992509111	0,383565898477	1,484781129808	1,383624462769	0,050814453512	0,117126502097	-0,000822843983769417	-0,000981115736067295	-0,00113938748836517	-0,000664572231471539	-0,000981115736067295	-0,000981115736067295	-0,00113938748836517	-0,000664572231471539	44990,8840050926
201	0,383950622552	0,383376005884	1,484635506879	1,382914176927	0,050814453512	0,117126502097	-0,000822843983769417	-0,000664572231471539	-0,00113938748836517	-0,000664572231471539	-0,000981115736067295	-0,000822843983769417	-0,00113938748836517	-0,000664572231471539	44990,9850407755
202	0,383795487697	0,383231343788	1,484013288813	1,38233172923	0,050814453512	0,117126502097	-0,000664572231471539	-0,000981115736067295	-0,00129765924066305	-0,000664572231471539	-0,000822843983769417	-0,000822843983769417	-0,00113938748836517	-0,000664572231471539	44991,0858241667
203	0,383727634505	0,383068522817	1,483761539208	1,381715885806	0,050814453512	0,117126502097	-0,000822843983769417	-0,000822843983769417	-0,00113938748836517	-0,000664572231471539	-0,000981115736067295	-0,000664572231471539	-0,00113938748836517	-0,00050630047917366	44991,1866391088
204	0,38362051914	0,383004015092	1,483397732048	1,381466417848	0,050814453512	0,117126502097	-0,000822843983769417	-0,00113938748836517	-0,00113938748836517	-0,000664572231471539	-0,000664572231471539	-0,000822843983769417	-0,00113938748836517	-0,00050630047917366	44991,2873876273
205	0,383381968393	0,382971699451	1,482469144115	1,381339273993	0,050814453512	0,117126502097	-0,000981115736067295	-0,000981115736067295	-0,00113938748836517	-0,000664572231471539	-0,000822843983769417	-0,000981115736067295	-0,00113938748836517	-0,000664572231471539	44991,3879551852
206	0,383351502715	0,382984582729	1,482393138577	1,381345484623	0,050814453512	0,117126502097	-0,000981115736067295	-0,000822843983769417	-0,00113938748836517	-0,00050630047917366	-0,000981115736067295	-0,000822843983769417	-0,00113938748836517	-0,00050630047917366	44991,4886244097
207	0,383331163647	0,38296657263	1,482348535393	1,381287091674	0,050814453512	0,117126502097	-0,000822843983769417	-0,000981115736067295	-0,00113938748836517	-0,000664572231471539	-0,000822843983769417	-0,000822843983769417	-0,00113938748836517	-0,00050630047917366	44991,5894911227
208	0,383378752024	0,382806410971	1,48258907658	1,380679637879	0,050814453512	0,117126502097	-0,000822843983769417	-0,000981115736067295	-0,00113938748836517	-0,00050630047917366	-0,000822843983769417	-0,000981115736067295	-0,00113938748836517	-0,00050630047917366	44991,6904490046
209	0,383219627733	0,382793452884	1,481968722421	1,380628470344	0,050814453512	0,117126502097	-0,000981115736067295	-0,000981115736067295	-0,00113938748836517	-0,000664572231471539	-0,000822843983769417	-0,000822843983769417	-0,00113938748836517	-0,00050630047917366	44991,7912096643
210	0,383048668374	0,382629408862	1,481313365918	1,379997744204	0,050814453512	0,117126502097	-0,000981115736067295	-0,000981115736067295	-0,00113938748836517	-0,00050630047917366	-0,000664572231471539	-0,000822843983769417	-0,00113938748836517	-0,000664572231471539	44991,891829375
211	0,382977322481	0,382610027997	1,481057272981	1,379931391846	0,050814453512	0,117126502097	-0,000822843983769417	-0,000981115736067295	-0,00113938748836517	-0,000664572231471539	-0,000981115736067295	-0,000822843983769417	-0,00113938748836517	-0,00050630047917366	44991,9925520139
212	0,382858399758	0,382531312002	1,480610359003	1,379609872069	0,050814453512	0,117126502097	-0,000822843983769417	-0,000822843983769417	-0,00113938748836517	-0,000664572231471539	-0,000981115736067295	-0,000822843983769417	-0,00113938748836517	-0,000664572231471539	44992,0931633218
213	0,382776018219	0,382402106657	1,480319354174	1,379146465289	0,050814453512	0,117126502097	-0,000822843983769417	-0,000981115736067295	-0,00113938748836517	-0,00050630047917366	-0,000981115736067295	-0,000981115736067295	-0,00129765924066305	-0,000664572231471539	44992,1938751157
214	0,382705542149	0,382368551856	1,480069992616	1,379028620716	0,050814453512	0,117126502097	-0,000822843983769417	-0,000981115736067295	-0,00113938748836517	-0,000664572231471539	-0,000981115736067295	-0,000822843983769417	-0,00113938748836517	-0,000664572231471539	44992,2945527199
215	0,38253668475	0,382203220141	1,479408037038	1,378387995833	0,050814453512	0,117126502097	-0,000822843983769417	-0,000822843983769417	-0,00113938748836517	-0,000664572231471539	-0,000822843983769417	-0,000822843983769417	-0,00113938748836517	-0,00050630047917366	44992,3950513194
216	0,382441209699	0,382185121882	1,479035451971	1,378334398314	0,050814453512	0,117126502097	-0,000822843983769417	-0,000822843983769417	-0,00113938748836517	-0,000664572231471539	-0,000822843983769417	-0,000664572231471539	-0,00113938748836517	-0,000664572231471539	44992,4955331944
217	0,382384612278	0,382093435506	1,478856994563	1,377987137543	0,050814453512	0,117126502097	-0,000981115736067295	-0,000822843983769417	-0,00113938748836517	-0,000664572231471539	-0,000981115736067295	-0,000822843983769417	-0,00113938748836517	-0,000664572231471539	44992,5960770833
218	0,382294287411	0,382040450251	1,478538686085	1,377772171619	0,050814453512	0,117126502097	-0,000822843983769417	-0,000981115736067295	-0,00113938748836517	-0,000664572231471539	-0,000981115736067295	-0,000981115736067295	-0,00113938748836517	-0,000664572231471539	44992,6966016898
219	0,38222798172	0,38195266997	1,478279350278	1,377456053737	0,050814453512	0,117126502097	-0,000981115736067295	-0,000822843983769417	-0,00113938748836517	-0,000664572231471539	-0,000822843983769417	-0,000822843983769417	-0,00113938748836517	-0,00050630047917366	44992,7970990046
220	0,382136675131	0,381864807675	1,477979612315	1,37712235149	0,050814453512	0,117126502097	-0,000822843983769417	-0,000981115736067295	-0,00129765924066305	-0,000664572231471539	-0,000822843983769417	-0,000981115736067295	-0,00113938748836517	-0,000664572231471539	44992,8976426273
221	0,382024849321	0,381783392739	1,477543631103	1,376812265044	0,050814453512	0,117126502097	-0,000981115736067295	-0,000822843983769417	-0,00113938748836517	-0,00050630047917366	-0,000822843983769417	-0,000822843983769417	-0,00113938748836517	-0,000664572231471539	44992,9980762732
222	0,381902882068	0,381651732179	1,477073088725	1,376284922493	0,050814453512	0,117126502097	-0,000981115736067295	-0,000822843983769417	-0,00129765924066305	-0,000664572231471539	-0,000981115736067295	-0,000822843983769417	-0,00113938748836517	-0,000664572231471539	44993,0983553935
223	0,381836852892	0,381609039342	1,476853613174	1,376151055814	0,050814453512	0,117126502097	-0,000822843983769417	-0,000822843983769417	-0,00113938748836517	-0,000664572231471539	-0,000822843983769417	-0,000822843983769417	-0,00113938748836517	-0,00050630047917366	44993,1987842824
224	0,381740912411	0,381525092892	1,476490900875	1,375832105487	0,050814453512	0,117126502097	-0,000981115736067295	-0,000981115736067295	-0,00129765924066305	-0,00050630047917366	-0,000822843983769417	-0,000981115736067295	-0,00113938748836517	-0,00050630047917366	44993,2991482407
225	0,381663390351	0,381411420385	1,47620007803	1,37539794745	0,050814453512	0,117126502097	-0,000822843983769417	-0,000822843983769417	-0,00113938748836517	-0,000664572231471539	-0,000981115736067295	-0,000822843983769417	-0,00113938748836517	-0,00050630047917366	44993,3994565278
226	0,381547261496	5,7651E-8	1,475754233603	1,84099E-7	0,050814453512	0,117126502097	-0,000822843983769417	-0,000981115736067295	-0,00113938748836517	-0,00050630047917366	-0,000981115736067295	-0,000822843983769417	-0,00113938748836517	-0,000664572231471539	44993,5066247222
227	3,17896289514509E-13	0,21866657671	1,19099516225829E-12	0,766720180183	0,051895819604	0,120690114796	-0,000822843983769417	-0,000822843983769417	-0,000981115736067295	-0,000664572231471539	-0,000822843983769417	-0,000981115736067295	-0,00113938748836517	-0,000664572231471539	44993,7605590509
228	0,388005170706	0,381474745115	1,498318470416	1,375546916088	0,051895819604	0,120690114796	-0,000822843983769417	-0,000822843983769417	-0,00113938748836517	-0,000664572231471539	-0,00113938748836517	-0,000822843983769417	-0,00113938748836517	-0,000664572231471539	44993,8622661343
229	0,382000215016	0,381226724123	1,477542208129	1,374679054993	0,051895819604	0,120690114796	-0,000822843983769417	-0,000822843983769417	-0,00113938748836517	-0,000664572231471539	-0,000981115736067295	-0,000822843983769417	-0,00113938748836517	-0,000664572231471539	44993,9631185069
230	0,381900737365	0,381071740995	1,477213165898	1,374118620331	0,051895819604	0,120690114796	-0,000822843983769417	-0,000981115736067295	-0,00113938748836517	-0,000664572231471539	-0,000822843983769417	-0,000822843983769417	-0,00113938748836517	-0,000664572231471539	44994,0640718171
231	0,381698971627	0,380994266913	1,476420357954	1,373825674409	0,051895819604	0,120690114796	-0,000822843983769417	-0,000981115736067295	-0,00113938748836517	-0,000664572231471539	-0,000981115736067295	-0,000822843983769417	-0,00113938748836517	-0,000664572231471539	44994,1648140972
232	0,381555839202	0,380883200944	1,475851360222	1,373425733302	0,051895819604	0,120690114796	-0,000822843983769417	-0,000981115736067295	-0,00113938748836517	-0,00050630047917366	-0,000822843983769417	-0,000822843983769417	-0,00113938748836517	-0,000664572231471539	44994,265464537
233	0,381612813391	0,380763017073	1,476143147054	1,37296366684	0,051895819604	0,120690114796	-0,000981115736067295	-0,000822843983769417	-0,00113938748836517	-0,00050630047917366	-0,000664572231471539	-0,000822843983769417	-0,00113938748836517	-0,000664572231471539	44994,3662675463
234	0,381364065511	0,380707514077	1,475165846808	1,372764592262	0,051895819604	0,120690114796	-0,000822843983769417	-0,000981115736067295	-0,00113938748836517	-0,000664572231471539	-0,000981115736067295	-0,000981115736067295	-0,00113938748836517	-0,00050630047917366	44994,4668847569
235	0,381360735273	0,207046609722	1,475209111331	0,786243474586	0,051895819604	0,120690114796	-0,00113938748836517	-0,000822843983769417	-0,00113938748836517	-0,000664572231471539	-0,000822843983769417	-0,000664572231471539	-0,00113938748836517	-0,000664572231471539	44994,5520603472
