TesterID:	Maccor#2						
Channel Number:	39						
TestName:	KAI_Zelltest_regulaer_fix_no_degass.000						
TestDesc:	Regular cycling: formation, followed by pulse, C-rate quick charge and cycling t						
StartDateTime:	44776,6630190509						
Comment:							
							
							
Cycle	AH-IN	AH-OUT	WH-IN	WH-OUT	ACR	DCIR	Date
0		5,44037E-7		1,22868E-7	0	0	44778,6645784259
1	0,522702177755	0,447722100582	1,939289579322	1,642673921655	0	0	44779,1063810301
2	0,444275947318	0,440881705138	1,66837967296	1,614820911146	0	0	44779,5180901157
3	0,453471805999	1,63198E-7	1,7089312651	5,32055E-7	0	0	44780,0042737731
4	7,62951094834821E-14	1,06176E-7	2,87569172675496E-13	3,48106E-7	0,055069185793	0,153202712536	44780,3222947106
5	0,446442006388	0,44581916196	1,696278279141	1,629783503276	0,055069185793	0,153202712536	44780,5935935301
6	0,447413321153	0,445862521957	1,698764241886	1,629621404718	0,055069185793	0,153202712536	44780,8712890972
7	0,446494046096	0,44507909008	1,695473280283	1,626139133094	0,055069185793	0,153202712536	44781,1499604398
8	0,445915326166	0,40907199498	1,693334420021	1,463555971283	0,055069185793	0,153202712536	44781,3437381829
9	0,399175264921	0,398407441799	1,521361361749	1,421678792322	0,055069185793	0,153202712536	44781,5056415972
10	0,410215263595	0,405987627435	1,567649498575	1,4514983599	0,055069185793	0,153202712536	44781,6898684722
11	0,407002219431	0,335081878517	1,556325207795	1,162504494659	0,055069185793	0,153202712536	44781,8522116782
12	0,335703337411	0,327089021024	1,300113772401	1,133192494653	0,055069185793	0,153202712536	44781,9947687153
13	0,327466324624	0,325383993391	1,270163689772	1,126573539808	0,055069185793	0,153202712536	44782,1354228704
14	0,325844315967	0,437192158027	1,264140129704	1,594632472509	0,055069185793	0,153202712536	44782,3791306134
15	0,438817260635	0,440061689341	1,668160681834	1,605719612788	0,055069185793	0,153202712536	44782,6538694329
16	0,441317202162	3,12172E-7	1,676822951388	1,003587E-6	0,055069185793	0,153202712536	44782,9362440741
17	0,376735843938	0,370435271328	1,443501504043	1,331621150756	0,055069185793	0,153202712536	44783,0767013542
18	0,369310164303	0,367397719965	1,415597182969	1,320250195018	0,055069185793	0,153202712536	44783,2225571991
19	0,367135060252	0,366099464802	1,405819472196	1,31559528831	0,055069185793	0,153202712536	44783,3678637963
20	0,342666674374	0,316473305589	1,34475545549	1,131899233461	0,055069185793	0,153202712536	44783,4822747685
21	0,317264480295	0,293434206895	1,244960886073	1,051396256771	0,055069185793	0,153202712536	44783,5893489005
22	0,291944959385	4,52907E-7	1,14856097215	1,374633E-6	0,055069185793	0,153202712536	44783,6959043171
23	1,65306070547545E-13	0,202968109277	6,22855531586656E-13	0,711236924463	0,059739910066	0,151380673051	44783,9445948148
24	0,363442879171	0,357083526943	1,422308934788	1,274045283053	0,059739910066	0,151380673051	44784,0498778588
25	0,357848706644	0,356590117147	1,403286099637	1,272345741943	0,059739910066	0,151380673051	44784,1542639005
26	0,357102214486	0,356307238619	1,400090269115	1,272300462681	0,059739910066	0,151380673051	44784,2582237269
27	0,356806800456	0,355999846258	1,398239672662	1,271625449184	0,059739910066	0,151380673051	44784,3617379167
28	0,356524348712	0,355753187983	1,396950531769	1,271026188353	0,059739910066	0,151380673051	44784,464950544
29	0,356309572981	0,355645928506	1,396005109463	1,270890926647	0,059739910066	0,151380673051	44784,5677276042
30	0,356132753744	0,355605953049	1,395191173173	1,271180457056	0,059739910066	0,151380673051	44784,6707634375
31	0,356119572238	0,355644662219	1,394118429757	1,272598919294	0,059739910066	0,151380673051	44784,7729633102
32	0,356093833719	0,355700199548	1,393497135463	1,273640742922	0,059739910066	0,151380673051	44784,8749541667
33	0,35598142449	0,355335905872	1,3924425539	1,271919267407	0,059739910066	0,151380673051	44784,9765117361
34	0,355531054279	0,354681107123	1,39137909572	1,267683302382	0,059739910066	0,151380673051	44785,0785086921
35	0,35475638992	0,353952599882	1,389770831587	1,263536911526	0,059739910066	0,151380673051	44785,1808627083
36	0,354280276199	0,353798944922	1,388157564357	1,263894820482	0,059739910066	0,151380673051	44785,2832451157
37	0,354157742006	0,35366708875	1,387444577429	1,263909086598	0,059739910066	0,151380673051	44785,3855697917
38	0,354059417144	0,353632307929	1,386740173388	1,264137543999	0,059739910066	0,151380673051	44785,4877790046
39	0,354029933374	0,353466940611	1,386402759512	1,263136201807	0,059739910066	0,151380673051	44785,5898863657
40	0,353915265216	0,353597352688	1,385862282682	1,264917743546	0,059739910066	0,151380673051	44785,6916261574
41	0,353916418157	0,353536736011	1,385269640277	1,26488224056	0,059739910066	0,151380673051	44785,7929739352
42	0,35389639473	0,353443753678	1,384958656281	1,264792354313	0,059739910066	0,151380673051	44785,8941886458
43	0,353630594309	0,352973572351	1,383972007973	1,261975158424	0,059739910066	0,151380673051	44785,9954615741
44	0,35308406567	0,352347098163	1,382945777941	1,258044596543	0,059739910066	0,151380673051	44786,0974568056
45	0,352548452253	0,35206163556	1,381282154102	1,257248095715	0,059739910066	0,151380673051	44786,1993617477
46	0,352375135806	0,352008670647	1,38065187846	1,257976719785	0,059739910066	0,151380673051	44786,3011815509
47	0,352278929574	0,351849825501	1,379910699682	1,257550922266	0,059739910066	0,151380673051	44786,4027035301
48	0,352266753391	0,351856262056	1,379781590611	1,257657034595	0,059739910066	0,151380673051	44786,5041908218
49	0,352313416327	0,351936372767	1,379766934863	1,25833047684	0,059739910066	0,151380673051	44786,6055672569
50	0,352206832809	0,351867978653	1,379321511121	1,258154702276	0,059739910066	0,151380673051	44786,7070178357
51	0,352220768204	0,351990637875	1,378977710396	1,259566841733	0,059739910066	0,151380673051	44786,8081113889
52	0,352272892763	0,351916953542	1,378509950836	1,259928007284	0,059739910066	0,151380673051	44786,9087269097
53	0,352144148709	0,351654779597	1,377771238991	1,258576652214	0,059739910066	0,151380673051	44787,0092312384
54	0,351730783908	0,351005042183	1,376973390075	1,253943917356	0,059739910066	0,151380673051	44787,1102560069
55	0,351222322748	0,350846222045	1,376446004722	1,253631222201	0,059739910066	0,151380673051	44787,2119312847
56	0,351036455346	0,350568544724	1,375341920872	1,252442846229	0,059739910066	0,151380673051	44787,3135794907
57	0,350856154056	0,350408366533	1,375030639728	1,251770944488	0,059739910066	0,151380673051	44787,414933044
58	0,350721875749	0,350395420313	1,373873330515	1,251961302868	0,059739910066	0,151380673051	44787,5158215972
59	0,350826301533	0,350741614881	1,374374232602	1,254620771324	0,059739910066	0,151380673051	44787,6170436574
60	0,351122328361	0,350897825515	1,374206784997	1,256303930557	0,059739910066	0,151380673051	44787,7175655093
61	0,351254423256	0,35108128982	1,37409757031	1,25829487096	0,059739910066	0,151380673051	44787,817776875
62	0,351425896523	0,351223378019	1,373872763028	1,25991177565	0,059739910066	0,151380673051	44787,9174920486
63	0,351412864157	0,350906976264	1,373272379847	1,258143782032	0,059739910066	0,151380673051	44788,0169976852
64	0,351044300456	0,35050137578	1,37243463613	1,255118045944	0,059739910066	0,151380673051	44788,1172478935
65	0,350626615156	0,350153695789	1,372169217599	1,252956812532	0,059739910066	0,151380673051	44788,2179348727
66	0,35036943443	0,349721207001	1,371620900032	1,249626145212	0,059739910066	0,151380673051	44788,3187821875
67	0,349829534524	0,349505444647	1,370824978082	1,248575888714	0,059739910066	0,151380673051	44788,4200261458
68	0,349826654212	0,349421546303	1,370234413811	1,248288710464	0,059739910066	0,151380673051	44788,5208215741
69	0,349680414752	0,349424115118	1,370112220091	1,248708351418	0,059739910066	0,151380673051	44788,621883588
70	0,349790960771	0,349603643021	1,369721801727	1,250718143594	0,059739910066	0,151380673051	44788,7223320486
71	0,349903697796	0,349666954187	1,369688659273	1,251291436566	0,059739910066	0,151380673051	44788,8226237384
72	0,349856065776	0,349420230638	1,369283814314	1,249945196792	0,059739910066	0,151380673051	44788,9228179745
73	0,349498888542	2,47334E-7	1,368410257451	7,80349E-7	0,059739910066	0,151380673051	44789,0302655671
74	3,17896289514509E-14	0,196152537721	1,19981292185361E-13	0,68714538974	0,051076963544	0,141871288419	44789,2697457523
75	0,35249588687	0,348275874359	1,379943297601	1,244324846449	0,051076963544	0,141871288419	44789,3717138079
76	0,341431298872	0,341384967912	1,336103278218	1,217476168527	0,051076963544	0,141871288419	44789,4593953009
77	0,348868380052	0,348228014438	1,366743391151	1,243825634743	0,051076963544	0,141871288419	44789,5600257523
78	0,348611124933	0,348389524613	1,366064936781	1,245368047758	0,051076963544	0,141871288419	44789,660701088
79	0,34867042573	0,348432120175	1,365870685793	1,245532514058	0,051076963544	0,141871288419	44789,761298588
80	0,348769962146	0,348566516343	1,36586775316	1,24698176244	0,051076963544	0,141871288419	44789,861657338
81	0,348737202822	0,34833523259	1,365068990057	1,246194579246	0,051076963544	0,141871288419	44789,9614255324
82	0,348414319778	0,347739797373	1,364349224933	1,241859260078	0,051076963544	0,141871288419	44790,0617935764
83	0,347800652274	0,347431114354	1,363632635333	1,240449412506	0,051076963544	0,141871288419	44790,1629290162
84	0,347670451145	0,347351008302	1,363188862723	1,240426526088	0,051076963544	0,141871288419	44790,264103831
85	0,347534763779	0,347259341849	1,362062299797	1,240517420894	0,051076963544	0,141871288419	44790,3646750694
86	0,348602268354	0,341858981586	1,366401723899	1,219314666626	0,051076963544	0,141871288419	44791,3596544213
87	0,342069019517	0,344499058126	1,341874503835	1,230199087081	0,051076963544	0,141871288419	44791,4584072685
88	0,34482066799	0,345216068329	1,351793735618	1,233495516913	0,051076963544	0,141871288419	44791,5583988889
89	0,345490450151	0,345620312032	1,354456615443	1,234994469948	0,051076963544	0,141871288419	44791,6584765856
90	0,345851946801	0,345897911363	1,355722924475	1,236326165508	0,051076963544	0,141871288419	44791,7587924421
91	0,346090834277	0,345770113239	1,35588879488	1,235001332251	0,051076963544	0,141871288419	44791,8586722917
92	0,345902583066	0,345783001604	1,356066548031	1,23530584407	0,051076963544	0,141871288419	44791,9590098611
93	0,345916196726	0,345633171784	1,356087530951	1,234379274589	0,051076963544	0,141871288419	44792,0595657639
94	0,345858083138	0,345482056603	1,356106733877	1,233566624113	0,051076963544	0,141871288419	44792,159945625
95	0,345628558901	0,345484591721	1,355164870821	1,233766592308	0,051076963544	0,141871288419	44792,2603969329
96	0,345678391025	0,345504032563	1,355084213082	1,234227173522	0,051076963544	0,141871288419	44792,3605372454
97	0,345769925451	0,345553088621	1,355313853559	1,234464607856	0,051076963544	0,141871288419	44792,4606320255
98	0,34576640421	0,345493648586	1,355116605952	1,234195138298	0,051076963544	0,141871288419	44792,5609329514
99	0,34573954213	0,345426467353	1,355392768811	1,233972442268	0,051076963544	0,141871288419	44792,6612781366
100	0,345648410304	0,345436801524	1,355233240537	1,234116624487	0,051076963544	0,141871288419	44792,7617615046
101	0,345588899969	0,345274077197	1,354751349459	1,232900516611	0,051076963544	0,141871288419	44792,8621723032
102	0,34543177291	0,345126848193	1,354026911758	1,232076645439	0,051076963544	0,141871288419	44792,9623148611
103	0,345316254336	0,345089413786	1,353774321855	1,232141390253	0,051076963544	0,141871288419	44793,0627102778
104	0,34527456187	0,344843889343	1,353778752409	1,230834084635	0,051076963544	0,141871288419	44793,1630370023
105	0,345009870602	0,344840117607	1,35302511264	1,231279289901	0,051076963544	0,141871288419	44793,2633080903
106	0,344983629363	0,344752233697	1,352618700227	1,23109551318	0,051076963544	0,141871288419	44793,3633509144
107	0,345027077082	0,34478972172	1,352686354856	1,231456800439	0,051076963544	0,141871288419	44793,4635130556
108	0,345027486294	0,344714798439	1,352492363573	1,230898704197	0,051076963544	0,141871288419	44793,5637072801
109	0,344873609991	0,344595988941	1,351942045753	1,230368542998	0,051076963544	0,141871288419	44793,6636135185
110	0,344877348335	0,344590802782	1,352518283536	1,2303690888	0,051076963544	0,141871288419	44793,7639021991
111	0,344691024882	0,34437375252	1,351356923908	1,229290581901	0,051076963544	0,141871288419	44793,8640327315
112	0,344579698843	0,344318288519	1,35123477469	1,229267189719	0,051076963544	0,141871288419	44793,9642418056
113	0,344532551756	0,344274403361	1,35099342355	1,229260089132	0,051076963544	0,141871288419	44794,0645763889
114	0,344373357456	0,344062514042	1,350362693876	1,22839131101	0,051076963544	0,141871288419	44794,1646984259
115	0,344242857903	0,343976024421	1,349971637368	1,227980107944	0,051076963544	0,141871288419	44794,2649163194
116	0,344180707074	0,343925592719	1,349794070403	1,227735089491	0,051076963544	0,141871288419	44794,3652980093
117	0,344087469451	0,343859716554	1,349456393063	1,227495209978	0,051076963544	0,141871288419	44794,465494919
118	0,344139914232	0,343920435169	1,349554537719	1,22802764764	0,051076963544	0,141871288419	44794,5655804745
119	0,344167481397	0,343965661637	1,349459271116	1,228261002346	0,051076963544	0,141871288419	44794,6655149537
120	0,344264625411	0,34389851601	1,350204733211	1,227736976769	0,051076963544	0,141871288419	44794,7657617708
121	0,344081738662	0,343864946795	1,349574458266	1,227768968309	0,051076963544	0,141871288419	44794,8661397222
122	0,343935749737	0,343492925909	1,348737283571	1,225706803933	0,051076963544	0,141871288419	44794,9665952546
123	0,34355121018	0,343312099084	1,347606399054	1,225135467284	0,051076963544	0,141871288419	44795,066542963
124	0,343488208263	9,2625E-8	1,347331908475	2,92515E-7	0,051076963544	0,141871288419	44795,1736640741
125	0	0,19219566908	0	0,673060936004	0,051866400987	0,144755601883	44795,4098280787
126	0,347273277649	0,343170054967	1,360617438048	1,225171983717	0,051866400987	0,144755601883	44795,5109023264
127	0,343619680092	0,34321520175	1,347491880257	1,225127496492	0,051866400987	0,144755601883	44795,6109586806
128	0,343439621842	0,343171318711	1,346909539081	1,224514321515	0,051866400987	0,144755601883	44795,7108720255
129	0,343453460048	0,343231995577	1,347056104421	1,225428687623	0,051866400987	0,144755601883	44795,8107857755
130	0,343383864016	0,34306665157	1,346849435182	1,224258429137	0,051866400987	0,144755601883	44795,9110116319
131	0,343130942269	0,342732192461	1,345739070721	1,222249777317	0,051866400987	0,144755601883	44796,010955787
132	0,342862714507	0,342688222741	1,345111387836	1,22288192804	0,051866400987	0,144755601883	44796,1110314815
133	0,342902040437	0,342635307845	1,345121822353	1,222842453777	0,051866400987	0,144755601883	44796,2112277315
134	0,342728857423	0,342467279525	1,344406757032	1,22214359752	0,051866400987	0,144755601883	44796,3111008218
135	0,342675291423	0,342431157179	1,34427219	1,222033626597	0,051866400987	0,144755601883	44796,4111102546
136	0,342713825796	0,342543575056	1,344374103383	1,222650421186	0,051866400987	0,144755601883	44796,5111088079
137	0,342886787098	0,342655933379	1,344731852202	1,222792736993	0,051866400987	0,144755601883	44796,6110000347
138	0,34287344941	0,3425551024	1,344575651396	1,222260599476	0,051866400987	0,144755601883	44796,7108578704
139	0,342775895406	0,342667548039	1,344708429806	1,223638784172	0,051866400987	0,144755601883	44796,8108738194
140	0,342863215363	0,342466059225	1,344399013799	1,222208003714	0,051866400987	0,144755601883	44796,9106696875
141	0,342556304273	0,342252967619	1,343891439643	1,22096566714	0,051866400987	0,144755601883	44797,0108607176
142	0,342321670513	0,342025577675	1,342853595393	1,219791435003	0,051866400987	0,144755601883	44797,1107696875
143	0,342179435268	0,341901682263	1,342668126288	1,219639748714	0,051866400987	0,144755601883	44797,210788125
144	0,342074034442	0,341871891564	1,34218488682	1,219760714018	0,051866400987	0,144755601883	44797,3107904398
145	0,342078500497	0,341840923591	1,342110346831	1,219816235458	0,051866400987	0,144755601883	44797,4108141667
146	0,342154294188	0,341869302616	1,342300015544	1,219755989724	0,051866400987	0,144755601883	44797,5108367245
147	0,342167788884	0,34195846744	1,342278540268	1,219967210008	0,051866400987	0,144755601883	44797,6106939815
148	0,342194067576	0,34209144579	1,342489852692	1,221467590502	0,051866400987	0,144755601883	44797,7105875463
149	0,342321294952	0,341994631111	1,342538005655	1,220596138103	0,051866400987	0,144755601883	44797,810532662
150	0,342172279056	0,341904221193	1,342160818433	1,220311215468	0,051866400987	0,144755601883	44797,9103909606
151	0,341977336429	0,341514115611	1,341569322742	1,217843370611	0,051866400987	0,144755601883	44798,010339456
152	0,341627402495	0,341297105192	1,340734296089	1,216790225616	0,051866400987	0,144755601883	44798,1103557755
153	0,341352191149	0,341182189501	1,339977345086	1,216385103119	0,051866400987	0,144755601883	44798,2104239815
154	0,341374208499	0,341173104661	1,339793714502	1,217016409626	0,051866400987	0,144755601883	44798,3104228819
155	0,341375614522	0,341173100209	1,339632349495	1,217138912216	0,051866400987	0,144755601883	44798,4103884954
156	0,341497343265	0,341275174798	1,339947885909	1,217753700496	0,051866400987	0,144755601883	44798,5102798148
157	0,341482720591	0,341197640741	1,339812513495	1,216904487209	0,051866400987	0,144755601883	44798,6099626736
158	0,341491645943	0,341537351286	1,340067344967	1,21954784341	0,051866400987	0,144755601883	44798,7098142708
159	0,341756983761	0,341595483284	1,340193520587	1,219754176214	0,051866400987	0,144755601883	44798,8092239352
160	0,341825039966	0,341564510438	1,34030549894	1,219826202039	0,051866400987	0,144755601883	44798,908595463
161	0,341651029022	0,341196395436	1,339665913636	1,217479097991	0,051866400987	0,144755601883	44799,0079868519
162	0,341225523963	0,340709473691	1,338979221969	1,214044001628	0,051866400987	0,144755601883	44799,1079706713
163	0,340823056427	0,34066292223	1,33796670257	1,214184022647	0,051866400987	0,144755601883	44799,2078046875
164	0,34083731158	0,340648734518	1,337783462372	1,214824071243	0,051866400987	0,144755601883	44799,3077405556
165	0,340806628307	0,340585390928	1,33757305144	1,214687352463	0,051866400987	0,144755601883	44799,4075266667
166	0,340909628009	0,340635811402	1,337910323103	1,21479306276	0,051866400987	0,144755601883	44799,5074414699
167	0,340939846177	0,340709445504	1,338015961257	1,215068742221	0,051866400987	0,144755601883	44799,6073092245
168	0,34079112587	0,340559633064	1,337535709449	1,214509084885	0,051866400987	0,144755601883	44799,7073511111
169	0,340732045412	0,340325821401	1,337097359026	1,213040792808	0,051866400987	0,144755601883	44799,8071665046
170	0,340500175925	0,340252135376	1,33688139396	1,213108568783	0,051866400987	0,144755601883	44799,9072557986
171	0,34030334544	0,340090767617	1,336087635228	1,212095573008	0,051866400987	0,144755601883	44800,0070645139
172	0,340250469528	0,340051980455	1,335791300315	1,212348383977	0,051866400987	0,144755601883	44800,1069013657
173	0,340254572976	0,340062285805	1,335588859056	1,212704725144	0,051866400987	0,144755601883	44800,2067972917
174	0,340258998885	0,340008098263	1,335510428221	1,212476164989	0,051866400987	0,144755601883	44800,3067334028
175	0,340172519447	1,34164E-7	1,335201658274	4,24155E-7	0,051866400987	0,144755601883	44800,4135306713
176	1,52590218966964E-13	0,190545644088	5,7634231054604E-13	0,667096035101	0,052088800818	0,145883977413	44800,6483608796
177	0,344019926675	0,339695449805	1,348766200012	1,211355912041	0,052088800818	0,145883977413	44800,7491575116
178	0,340025581021	0,339749758784	1,334706199298	1,211544791322	0,052088800818	0,145883977413	44800,8491315625
179	0,339856504333	0,339615458413	1,334037026877	1,210933290042	0,052088800818	0,145883977413	44800,9487302894
180	0,339806882112	0,339559878907	1,333912448812	1,21066177893	0,052088800818	0,145883977413	44801,0484805556
181	0,339754916069	0,339505557426	1,333799930648	1,210383918302	0,052088800818	0,145883977413	44801,1484464931
182	0,339599866453	0,339342915327	1,333249857747	1,209642001918	0,052088800818	0,145883977413	44801,2482951389
183	0,339523116563	0,339265313028	1,333080520824	1,209297569417	0,052088800818	0,145883977413	44801,3482134375
184	0,339479692017	0,339278317955	1,332922019647	1,209383256151	0,052088800818	0,145883977413	44801,4482329282
185	0,339498337098	0,339300310654	1,332948922358	1,209533887722	0,052088800818	0,145883977413	44801,5481982986
186	0,339502083599	0,339289914384	1,332888947854	1,209648992514	0,052088800818	0,145883977413	44801,6480265162
187	0,339498526766	0,339274398504	1,332763523063	1,20960894004	0,052088800818	0,145883977413	44801,7478094213
188	0,339458517711	0,339227914224	1,33259874323	1,209464571946	0,052088800818	0,145883977413	44801,8475980324
189	0,33937382327	0,339101350388	1,332298497284	1,208844516812	0,052088800818	0,145883977413	44801,9473551273
190	0,339217957399	0,338950282892	1,331833185575	1,208137568056	0,052088800818	0,145883977413	44802,0471872107
191	0,339060890173	0,338787444757	1,331392835756	1,207402153221	0,052088800818	0,145883977413	44802,147098912
192	0,338932352513	0,338700936912	1,331037045577	1,207019371621	0,052088800818	0,145883977413	44802,2470693981
193	0,338857509572	0,338653174901	1,330840402319	1,206774765232	0,052088800818	0,145883977413	44802,347014919
194	0,338880823301	0,33869054912	1,330838035661	1,207059520907	0,052088800818	0,145883977413	44802,4469889931
195	0,338968983258	0,338804249814	1,331117845708	1,207654373251	0,052088800818	0,145883977413	44802,5470406944
196	0,339046368735	0,338864930493	1,331255872366	1,208041531996	0,052088800818	0,145883977413	44802,6469431944
197	0,339090066993	0,338837838098	1,331312490862	1,208032269694	0,052088800818	0,145883977413	44802,7468137037
198	0,339053073279	0,338774606622	1,331476710969	1,20726531835	0,052088800818	0,145883977413	44802,8467858796
199	0,338822295404	0,338495544121	1,330772353927	1,205866538598	0,052088800818	0,145883977413	44802,9466833681
200	0,338613792937	0,338432298866	1,330020634118	1,205906828802	0,052088800818	0,145883977413	44803,046761088
201	0,338519835102	0,338294114435	1,329465333141	1,205495964221	0,052088800818	0,145883977413	44803,146584213
202	0,338483340469	0,338255357155	1,329357297001	1,205270535842	0,052088800818	0,145883977413	44803,2465623032
203	0,338337944476	0,338092588957	1,328847622252	1,204575823998	0,052088800818	0,145883977413	44803,3463079282
204	0,338298205234	0,338100313838	1,328723239049	1,204653116905	0,052088800818	0,145883977413	44803,4462006134
205	0,338397297592	0,338228154345	1,329078685935	1,205355567066	0,052088800818	0,145883977413	44803,5461848264
206	0,338509378065	0,33831862657	1,329276680505	1,205911040781	0,052088800818	0,145883977413	44803,6460523264
207	0,338534247038	0,338215287174	1,329301260934	1,204910273329	0,052088800818	0,145883977413	44803,7458576273
208	0,338424560611	0,338132594087	1,329082302969	1,204333153119	0,052088800818	0,145883977413	44803,845753206
209	0,338198986189	0,337918204829	1,328442877431	1,203225860744	0,052088800818	0,145883977413	44803,9456227431
210	0,338007741891	0,337892374695	1,327750854606	1,20372285395	0,052088800818	0,145883977413	44804,0455622685
211	0,338076240961	0,337836832069	1,327915213017	1,203678880144	0,052088800818	0,145883977413	44804,145538669
212	0,337954423189	0,337745130645	1,327433243181	1,203281575963	0,052088800818	0,145883977413	44804,2454112037
213	0,33787458409	0,337650842606	1,327200828953	1,202884364192	0,052088800818	0,145883977413	44804,3452955324
214	0,337858802902	0,337727060148	1,327178569657	1,203284476232	0,052088800818	0,145883977413	44804,4452693519
215	0,337957268477	0,337861283592	1,32708581517	1,204708332117	0,052088800818	0,145883977413	44804,5447990625
216	0,338079996751	0,3378897387	1,327324458518	1,204913619489	0,052088800818	0,145883977413	44804,6443930671
217	0,338130757237	0,337803209025	1,327384393814	1,204442075212	0,052088800818	0,145883977413	44804,7439786806
218	0,337935464919	0,337852331418	1,326963187495	1,204707194211	0,052088800818	0,145883977413	44804,8434690162
219	0,337963721761	0,33766377505	1,327138010109	1,20364497562	0,052088800818	0,145883977413	44804,9430557523
220	0,337819408008	0,33753715145	1,326440778314	1,203044050999	0,052088800818	0,145883977413	44805,0427427431
221	0,337593522959	0,337355079319	1,325826320772	1,202102223106	0,052088800818	0,145883977413	44805,1423853588
222	0,337494685926	0,337277557764	1,325555822335	1,20176389079	0,052088800818	0,145883977413	44805,242076088
223	0,337432314453	0,337118659	1,325453768858	1,200636849416	0,052088800818	0,145883977413	44805,3419670718
224	0,33720728534	0,336970169219	1,324906933517	1,199965551403	0,052088800818	0,145883977413	44805,4417446643
225	0,337234624167	0,33713542252	1,325038797275	1,200841620829	0,052088800818	0,145883977413	44805,5416447338
226	0,337431136767	1,69556E-7	1,325279675984	5,3666E-7	0,052088800818	0,145883977413	44805,6483272569
227	4,32338953739732E-12	0,188898710741	1,63292868053426E-11	0,661213734457	0,054807629436	0,148841828108	44805,8816592593
228	0,341458696044	0,337003687993	1,339191322952	1,201317260019	0,054807629436	0,148841828108	44805,982253912
229	0,33721105566	0,336900410057	1,324366592532	1,200564555789	0,054807629436	0,148841828108	44806,0819053241
230	0,337099203353	0,336827997735	1,324185415387	1,200032541887	0,054807629436	0,148841828108	44806,1817486574
231	0,336990857915	0,336702745324	1,323903234638	1,199146757347	0,054807629436	0,148841828108	44806,2815874537
232	0,336875647406	0,336700156589	1,323608900265	1,199301857685	0,054807629436	0,148841828108	44806,3815808681
233	0,336855931551	0,336673037492	1,323449521131	1,199238465736	0,054807629436	0,148841828108	44806,4814788079
234	0,336886629391	0,336738888225	1,323485591937	1,199749839245	0,054807629436	0,148841828108	44806,5812069907
235	0,336982547131	0,336825483172	1,323673521501	1,200324450293	0,054807629436	0,148841828108	44806,6809695486
236	0,337014590882	0,336843556212	1,323602977907	1,200681973094	0,054807629436	0,148841828108	44806,7804462963
237	0,336947328334	0,336696267233	1,323153636714	1,200022723004	0,054807629436	0,148841828108	44806,8796892014
238	0,336829708752	0,336549070444	1,322905571341	1,19915781522	0,054807629436	0,148841828108	44806,9792481597
239	0,33666481657	0,336372095033	1,32254925238	1,198176590692	0,054807629436	0,148841828108	44807,079046331
240	0,336522103315	0,336281762688	1,32219654783	1,197651569133	0,054807629436	0,148841828108	44807,1789743981
241	0,336418171365	0,336171902604	1,321917780208	1,197131955046	0,054807629436	0,148841828108	44807,2788227315
242	0,336351637585	0,336125398828	1,32176254469	1,19690454333	0,054807629436	0,148841828108	44807,3787707755
243	0,336294379946	0,336074998278	1,321563902605	1,196728608712	0,054807629436	0,148841828108	44807,4786328935
244	0,33629231151	0,336140890125	1,321421745216	1,197180732304	0,054807629436	0,148841828108	44807,5784068171
245	0,336388713387	0,336204181369	1,321642923095	1,197654003066	0,054807629436	0,148841828108	44807,6781889005
246	0,33646822027	0,33630752267	1,32179004286	1,198284216396	0,054807629436	0,148841828108	44807,7778977083
247	0,336441816911	0,336187368682	1,321428098237	1,197903875544	0,054807629436	0,148841828108	44807,877324537
248	0,336264401643	0,335954886888	1,32091736263	1,196589937238	0,054807629436	0,148841828108	44807,9769319907
249	0,336052609957	0,335767626054	1,320474358648	1,195582843847	0,054807629436	0,148841828108	44808,0766157755
250	0,335957689077	0,33570564666	1,32032280082	1,195188341754	0,054807629436	0,148841828108	44808,1765969097
251	0,335855037192	0,335619079686	1,3200208597	1,1947697445	0,054807629436	0,148841828108	44808,276610544
252	0,335769480784	0,335549376052	1,319815119844	1,194406403173	0,054807629436	0,148841828108	44808,3765897685
253	0,335704154715	0,335493842324	1,319559471399	1,194253254934	0,054807629436	0,148841828108	44808,4765977199
254	0,335773988426	0,335626754762	1,319744142871	1,195103247284	0,054807629436	0,148841828108	44808,576441331
255	0,335886815562	0,335753380271	1,319896300086	1,19587114012	0,054807629436	0,148841828108	44808,6763047801
256	0,335913286926	0,335721111044	1,319756524846	1,195940864777	0,054807629436	0,148841828108	44808,7759542477
257	0,335961429881	0,335745703286	1,319894874132	1,196145173503	0,054807629436	0,148841828108	44808,8756775694
258	0,335781175051	0,335464064981	1,319151032287	1,194737730207	0,054807629436	0,148841828108	44808,9752556597
259	0,335574240243	0,335267730325	1,318726768431	1,193578804692	0,054807629436	0,148841828108	44809,0750920718
260	0,335359061246	0,33469424754	1,318157549515	1,189994175893	0,054807629436	0,148841828108	44809,1749053935
261	0,334815747597	0,334806642527	1,317451054138	1,191112780448	0,054807629436	0,148841828108	44809,2753999653
262	0,334979634266	0,335019725442	1,316996388437	1,192735187117	0,054807629436	0,148841828108	44809,3750173958
263	0,335354053941	0,335313001721	1,317981305255	1,194303766759	0,054807629436	0,148841828108	44809,4747972338
264	0,335704785284	0,335890351183	1,318614591373	1,199085222263	0,054807629436	0,148841828108	44809,5741668634
265	0,336352282851	0,33657361797	1,319101253453	1,204324692188	0,054807629436	0,148841828108	44809,6725422106
266	0,336885138406	0,336955990833	1,319543793091	1,207499640208	0,054807629436	0,148841828108	44809,7700427778
267	0,337237139555	0,337214241088	1,319807733008	1,209729493888	0,054807629436	0,148841828108	44809,866922419
268	0,337341259841	0,337122545173	1,319537813161	1,20931628122	0,054807629436	0,148841828108	44809,9634985301
269	0,337169848527	0,33665367019	1,319428788607	1,206183704137	0,054807629436	0,148841828108	44810,0604448611
270	0,336734677924	0,336267452693	1,319082876929	1,202357476318	0,054807629436	0,148841828108	44810,1582740046
271	0,336286542127	0,335952299637	1,318584327644	1,19989530738	0,054807629436	0,148841828108	44810,2566003935
272	0,336106013819	0,335701693514	1,318755362601	1,197851088047	0,054807629436	0,148841828108	44810,3554393981
273	0,335883157262	0,335630659376	1,31836607695	1,197600936627	0,054807629436	0,148841828108	44810,454591412
274	0,335978467763	0,336104731542	1,318666261197	1,200701915444	0,054807629436	0,148841828108	44810,5534940162
275	0,336489215546	0,33667044367	1,319217374992	1,205084030171	0,054807629436	0,148841828108	44810,6515639468
276	0,337047600133	0,337128975158	1,319826210336	1,208858798588	0,054807629436	0,148841828108	44810,7489002315
277	0,337454529521	3,57538E-7	1,320087131623	1,120876E-6	0,054807629436	0,148841828108	44810,852543669
278	4,79387604587879E-12	0,184257004064	1,80750596219378E-11	0,645699946007	0,053048931062	0,13546743989	44811,0839555208
279	0,340136950316	0,336224891677	1,330135658797	1,203911385587	0,053048931062	0,13546743989	44811,1819565625
280	0,336455276988	0,335868365269	1,318391995523	1,200718236133	0,053048931062	0,13546743989	44811,2800159028
281	0,336037690012	0,335820583123	1,317940137126	1,199468475953	0,053048931062	0,13546743989	44811,378457662
282	0,336106422732	0,336095619787	1,318416698353	1,200974626626	0,053048931062	0,13546743989	44811,4770866435
283	0,336470942427	0,336532289121	1,319152880998	1,2045723527	0,053048931062	0,13546743989	44811,5752174768
284	0,336926319243	0,336998522599	1,319528509733	1,208303668131	0,053048931062	0,13546743989	44811,6726954398
285	0,337306877407	0,337344697036	1,31967483671	1,211090147282	0,053048931062	0,13546743989	44811,7693053819
286	0,337619401061	0,337407979802	1,319864633813	1,21196305499	0,053048931062	0,13546743989	44811,865537963
287	0,337561954872	0,337276240187	1,319550407025	1,210990732908	0,053048931062	0,13546743989	44811,9617534607
288	0,337407938295	0,337074745229	1,319436679049	1,209193307505	0,053048931062	0,13546743989	44812,058398206
289	0,337151022516	0,336837052903	1,319255210079	1,207090104729	0,053048931062	0,13546743989	44812,155427037
290	0,336932347615	0,336416075776	1,319241898959	1,204377202872	0,053048931062	0,13546743989	44812,2528549421
291	0,336526763066	0,336117644277	1,318770993907	1,201215746041	0,053048931062	0,13546743989	44812,351069375
292	0,336143883356	0,335770177065	1,318245189348	1,198884090724	0,053048931062	0,13546743989	44812,4496011574
293	0,335937597662	0,335551910322	1,318353864664	1,196958232688	0,053048931062	0,13546743989	44812,5486963773
294	0,335708433447	0,335603534771	1,317842397135	1,197368825313	0,053048931062	0,13546743989	44812,6478524884
295	0,3358656655	0,335710758644	1,318133853035	1,198615556583	0,053048931062	0,13546743989	44812,7468648958
296	0,335881252706	0,335700418539	1,31773488057	1,198474925987	0,053048931062	0,13546743989	44812,8455362616
297	0,335777576634	0,335443494759	1,317530584979	1,196891987231	0,053048931062	0,13546743989	44812,944429456
298	0,335497988961	0,334915180798	1,317306689378	1,192760568396	0,053048931062	0,13546743989	44813,0438948032
299	0,334862111792	0,33405364943	1,316302429065	1,186982927669	0,053048931062	0,13546743989	44813,144198669
300	0,334060150628	0,333396163824	1,314685925524	1,18289173157	0,053048931062	0,13546743989	44813,2450395023
301	0,333521600192	0,332953183821	1,313612792523	1,180257751481	0,053048931062	0,13546743989	44813,3465448264
302	0,333074240634	0,332769702773	1,31244079942	1,179609905841	0,053048931062	0,13546743989	44813,4480476852
303	0,158742030631		0,593946402322		0,053048931062	0,13546743989	44813,4692301042
