TesterID:	Maccor#2						
Channel Number:	60						
TestName:	KAI_Zelltest_regulaer_fix_no_degass.000						
TestDesc:	Regular cycling: formation, followed by pulse, C-rate quick charge and cycling t						
StartDateTime:	44776,6654743519						
Comment:							
							
							
Cycle	AH-IN	AH-OUT	WH-IN	WH-OUT	ACR	DCIR	Date
0		4,25992E-7		9,5139E-8	0	0	44778,6673572801
1	0,498199055085	0,412157423215	1,874635433427	1,489583239461	0	0	44779,0822474421
2	0,416727862923	0,416110427564	1,575740526278	1,504380885885	0	0	44779,4707532986
3	0,448172487768	2,93111E-7	1,70401696569	9,43762E-7	0	0	44779,9629256134
4	1,97095699498995E-13	2,60673E-7	7,48976949251035E-13	8,47801E-7	0,106349252164	0,26367649436	44780,2874726042
5	0,436357002037	0,435256484643	1,674425928648	1,573538654921	0,106349252164	0,26367649436	44780,5657438079
6	0,435572072053	0,434423772066	1,669993777134	1,570781305107	0,106349252164	0,26367649436	44780,8485244444
7	0,425948063347	0,425022588545	1,629976887939	1,533928999518	0,106349252164	0,26367649436	44781,1091554861
8	0,432762489847	0,387825766823	1,658692725989	1,351444636936	0,106349252164	0,26367649436	44781,3077733912
9	0,387069372904	0,387832981797	1,495279474505	1,352682503072	0,106349252164	0,26367649436	44781,4887868403
10	0,389034147222	0,388523207752	1,502372570315	1,354678153095	0,106349252164	0,26367649436	44781,6729229398
11	0,38852590825	0,268934916866	1,500391401444	0,907532151891	0,106349252164	0,26367649436	44781,8340971296
12	0,269200304168	0,266609903095	1,06192348205	0,901299480509	0,106349252164	0,26367649436	44781,9603175
13	0,266580941688	0,265902065045	1,05203196786	0,898732934736	0,106349252164	0,26367649436	44782,0858510995
14	0,265830928586	0,427516538928	1,0490962978	1,547840358336	0,106349252164	0,26367649436	44782,3139126273
15	0,427450517591	0,428872858906	1,636289762804	1,553233637885	0,106349252164	0,26367649436	44782,5877577083
16	0,428729845746	3,76599E-7	1,640211384111	1,183925E-6	0,106349252164	0,26367649436	44782,8691296875
17	0,360684516046	0,324636453968	1,398977171311	1,160327461188	0,106349252164	0,26367649436	44782,9958235069
18	0,32346077673	0,298467181429	1,257208214029	1,06847000115	0,106349252164	0,26367649436	44783,1190222106
19	0,297466527556	0,275647451725	1,159686647837	0,988141536984	0,106349252164	0,26367649436	44783,2337504977
20	0,237113103088	0,194461032585	0,947581710937	0,692199285382	0,106349252164	0,26367649436	44783,3105980787
21	0,189377828758	0,161123430851	0,759970001369	0,571995314676	0,106349252164	0,26367649436	44783,3763385301
22	0,156641539042	2,95655E-7	0,631020970387	9,14724E-7	0,106349252164	0,26367649436	44783,4412441088
23	2,54317031611607E-14	0,135479534708	9,73281194985109E-14	0,472926077877	0,078701063991	0,2498768121	44783,6454507176
24	0,263139116368	0,245487151345	1,060885313691	0,86256696106	0,078701063991	0,2498768121	44783,7490964815
25	0,246781888447	0,242498287473	0,998441154879	0,853669724424	0,078701063991	0,2498768121	44783,8471702083
26	0,243324403372	0,239375047357	0,984283278947	0,842726165913	0,078701063991	0,2498768121	44783,943244537
27	0,239989981936	0,236024573914	0,971634806315	0,829785745418	0,078701063991	0,2498768121	44784,038983669
28	0,236580793176	0,233181707303	0,959284236368	0,819600989812	0,078701063991	0,2498768121	44784,1346808333
29	0,233777758026	0,230867071156	0,948521892643	0,811736810417	0,078701063991	0,2498768121	44784,2297118519
30	0,231550021129	0,229056183425	0,939680681543	0,805741431796	0,078701063991	0,2498768121	44784,3237385301
31	0,229794565944	0,227411884157	0,932760838185	0,800044699759	0,078701063991	0,2498768121	44784,4173108102
32	0,22822923276	0,226113856178	0,926649142475	0,795641085731	0,078701063991	0,2498768121	44784,5103844213
33	0,226849526026	0,224558737627	0,921179309723	0,790090588125	0,078701063991	0,2498768121	44784,6030010417
34	0,225302205269	0,223522812595	0,915399201379	0,78680208327	0,078701063991	0,2498768121	44784,6955073148
35	0,224256599757	0,222834370881	0,911001036633	0,784659905203	0,078701063991	0,2498768121	44784,7873927199
36	0,223495626014	0,221919885412	0,907906237719	0,781964534822	0,078701063991	0,2498768121	44784,8786056597
37	0,222534716614	0,220700554991	0,903985472453	0,777258001046	0,078701063991	0,2498768121	44784,9696462384
38	0,221157371557	0,218534487034	0,898959255616	0,768988193951	0,078701063991	0,2498768121	44785,0606175232
39	0,219007388938	0,216245708994	0,891305895836	0,760139600566	0,078701063991	0,2498768121	44785,1521876273
40	0,216746229596	0,21522791168	0,88311993443	0,756743258858	0,078701063991	0,2498768121	44785,243782419
41	0,215802313807	0,214460674921	0,879298871271	0,754334106511	0,078701063991	0,2498768121	44785,3350375231
42	0,215130904102	0,213770917541	0,876523837356	0,752102646887	0,078701063991	0,2498768121	44785,4259762963
43	0,21449952458	0,212808669	0,874065863452	0,748892231313	0,078701063991	0,2498768121	44785,516674294
44	0,213400106123	0,211759847549	0,869750962214	0,745039098457	0,078701063991	0,2498768121	44785,6069900463
45	0,212546311563	0,211148859361	0,866571822427	0,743130369793	0,078701063991	0,2498768121	44785,6973993866
46	0,211748967074	0,21057026332	0,863277768847	0,741140923744	0,078701063991	0,2498768121	44785,7874019444
47	0,211177948462	0,209753903955	0,861045929883	0,738633197263	0,078701063991	0,2498768121	44785,8770853472
48	0,210247557731	0,208253048396	0,85737203185	0,732950415229	0,078701063991	0,2498768121	44785,966580081
49	0,208695581327	0,205805385366	0,851751881989	0,723819446007	0,078701063991	0,2498768121	44786,0563593519
50	0,206254110221	0,204385865479	0,842920322546	0,71871656768	0,078701063991	0,2498768121	44786,1466575463
51	0,204894759904	0,203475290132	0,837695329635	0,715615709772	0,078701063991	0,2498768121	44786,2368561921
52	0,204044589362	0,202825590228	0,834281730965	0,71358878108	0,078701063991	0,2498768121	44786,3265165509
53	0,203422320836	0,201930480747	0,831796544437	0,710487877254	0,078701063991	0,2498768121	44786,4160094792
54	0,202661875477	0,201240719976	0,828878268711	0,708096339376	0,078701063991	0,2498768121	44786,505326713
55	0,20192587768	0,200530322861	0,826000145295	0,705601321854	0,078701063991	0,2498768121	44786,5944483565
56	0,201142280855	0,19951253911	0,82299660397	0,70200534816	0,078701063991	0,2498768121	44786,683654838
57	0,200132651278	0,198982960133	0,819057935279	0,700450495707	0,078701063991	0,2498768121	44786,7725492361
58	0,199579003557	0,198586415243	0,816731787827	0,699375323067	0,078701063991	0,2498768121	44786,860870706
59	0,199139002424	0,197582822172	0,814859045599	0,695744231219	0,078701063991	0,2498768121	44786,949051956
60	0,198008228772	0,195377970657	0,810560477789	0,687587544584	0,078701063991	0,2498768121	44787,0372095255
61	0,195810737556	0,192860579194	0,802494411138	0,678127254355	0,078701063991	0,2498768121	44787,1258181597
62	0,193353636363	0,192006756391	0,793219641946	0,675112975798	0,078701063991	0,2498768121	44787,2146473264
63	0,192481956988	0,19078491607	0,789779365155	0,670775095143	0,078701063991	0,2498768121	44787,3032886458
64	0,191348169929	0,190025387663	0,785337295101	0,668073899546	0,078701063991	0,2498768121	44787,3919621065
65	0,190654191407	0,189299511753	0,782648919044	0,665722834047	0,078701063991	0,2498768121	44787,4803186343
66	0,189858189008	0,188550376009	0,779492225766	0,662917568684	0,078701063991	0,2498768121	44787,5683088194
67	0,189248829764	0,188410879301	0,777078821797	0,662909239368	0,078701063991	0,2498768121	44787,6562149074
68	0,189077722198	0,188346274299	0,776188983869	0,662897357638	0,078701063991	0,2498768121	44787,7438838426
69	0,188943355847	0,18850126294	0,775409273216	0,663806499799	0,078701063991	0,2498768121	44787,8310079167
70	0,189142739644	0,188762222094	0,775980387705	0,665187100885	0,078701063991	0,2498768121	44787,9177618981
71	0,189325309813	0,187741833502	0,776493135556	0,661508226024	0,078701063991	0,2498768121	44788,0042303472
72	0,188246409221	0,185698484324	0,772473899294	0,653808521754	0,078701063991	0,2498768121	44788,0910420255
73	0,186167824623	3,533E-7	0,764648306093	1,258616E-6	0,078701063991	0,2498768121	44788,1852162616
74	1,90737773708705E-14	0,104346861403	7,33865779325109E-14	0,362669500303	0,085025385022	0,27881732583	44788,3522854051
75	0,210247785452	0,179707841514	0,859774840991	0,630296409242	0,085025385022	0,27881732583	44788,4483791088
76	0,18059544951	0,177381577141	0,743802784304	0,622065419536	0,085025385022	0,27881732583	44788,5372567477
77	0,178050164028	0,175944000321	0,733782030678	0,617222186571	0,085025385022	0,27881732583	44788,6256455208
78	0,176603881044	0,175280084943	0,727912544605	0,615096569852	0,085025385022	0,27881732583	44788,7134441898
79	0,175904217738	0,174444405325	0,725104377645	0,612472715361	0,085025385022	0,27881732583	44788,8009772338
80	0,17499413608	0,173137227866	0,721432581047	0,607693078651	0,085025385022	0,27881732583	44788,8883431019
81	0,17359512548	0,171387100078	0,715922695351	0,600979818299	0,085025385022	0,27881732583	44788,9758062269
82	0,171800541131	0,168736648462	0,709170526554	0,590970842752	0,085025385022	0,27881732583	44789,0638217361
83	0,169212753232	0,167403659945	0,69918113693	0,586009814979	0,085025385022	0,27881732583	44789,1521822917
84	0,167921419496	0,166004814336	0,694087625547	0,580966080392	0,085025385022	0,27881732583	44789,2405541667
85	0,166536869794	0,165024470503	0,688638131244	0,577367176636	0,085025385022	0,27881732583	44789,3288053704
86	0,165656944908	0,164115155085	0,685140567347	0,573983446029	0,085025385022	0,27881732583	44789,4171090856
87	0,164738357712	0,163227779596	0,681681757458	0,570822740788	0,085025385022	0,27881732583	44789,5070887037
88	0,163889420063	0,161662310767	0,678224015541	0,564733326022	0,085025385022	0,27881732583	44789,5959527546
89	0,162368386923	0,160404260789	0,672276569824	0,560235906209	0,085025385022	0,27881732583	44789,6847958449
90	0,161097619437	0,159199170215	0,667287150152	0,555826687536	0,085025385022	0,27881732583	44789,7738839699
91	0,159890810195	0,158340279081	0,662434661785	0,55267771466	0,085025385022	0,27881732583	44789,8629009259
92	0,158928942447	0,156435061562	0,658606058481	0,545782088046	0,085025385022	0,27881732583	44789,9518651389
93	0,15697627289	0,153395837832	0,650932627432	0,533724979901	0,085025385022	0,27881732583	44790,0415773495
94	0,15387999006	0,15039149326	0,63886703278	0,52220925453	0,085025385022	0,27881732583	44790,1323625694
95	0,151036710577	0,148749804345	0,627559934025	0,516196887147	0,085025385022	0,27881732583	44790,2232215162
96	0,149455326419	0,147619627937	0,621277233633	0,512149502313	0,085025385022	0,27881732583	44790,3143778819
97	0,148414550642	0,146070937463	0,61709414263	0,50635375129	0,085025385022	0,27881732583	44790,4060037847
98	0,149880013774	0,153731664744	0,6253729454	0,529640044357	0,085025385022	0,27881732583	44791,40514125
99	0,155586007164	0,147188249667	0,647133121637	0,507355975472	0,085025385022	0,27881732583	44791,5048245023
100	0,14843657719	0,142101774263	0,61807665397	0,489490721933	0,085025385022	0,27881732583	44791,6030084143
101	0,143234425024	0,137827711222	0,596894680028	0,474408036536	0,085025385022	0,27881732583	44791,7003714583
102	0,138847313088	0,13481429622	0,5790221703	0,463816084191	0,085025385022	0,27881732583	44791,7971326157
103	0,135635941615	0,131310117803	0,565857055847	0,451088826246	0,085025385022	0,27881732583	44791,893459213
104	0,132161783667	0,12902906994	0,551696963122	0,442830303138	0,085025385022	0,27881732583	44791,9893530324
105	0,129851043141	0,127228514263	0,542262362834	0,436313070244	0,085025385022	0,27881732583	44792,085038588
106	0,12798345296	0,125909758173	0,534594885363	0,431504999096	0,085025385022	0,27881732583	44792,1799235648
107	0,12668090102	0,125114111449	0,529240395854	0,428575021208	0,085025385022	0,27881732583	44792,2748933449
108	0,125907691921	0,124375256047	0,526068298679	0,425909702017	0,085025385022	0,27881732583	44792,3696168287
109	0,125176703473	0,123485368965	0,523064520373	0,42258568557	0,085025385022	0,27881732583	44792,4642551273
110	0,124220915739	0,121801068174	0,519125909587	0,41663949597	0,085025385022	0,27881732583	44792,5588865741
111	0,122557381501	0,120606275953	0,512321538365	0,412198364291	0,085025385022	0,27881732583	44792,6534016667
112	0,121328726762	0,119102804108	0,507278794795	0,406713342341	0,085025385022	0,27881732583	44792,7478440278
113	0,119769170036	0,117059473154	0,500832515671	0,399432344957	0,085025385022	0,27881732583	44792,8415839005
114	0,117674056128	0,115642522717	0,492201564051	0,394373921192	0,085025385022	0,27881732583	44792,9343761227
115	0,116297945063	0,114963136598	0,486537850035	0,391882356288	0,085025385022	0,27881732583	44793,026927581
116	0,115567124865	0,114520076487	0,483510682448	0,390262442162	0,085025385022	0,27881732583	44793,1192840856
117	0,115067999262	0,113380859322	0,481438101169	0,386135108343	0,085025385022	0,27881732583	44793,2114878125
118	0,113996582248	0,113012736056	0,476999000878	0,38481493644	0,085025385022	0,27881732583	44793,303181169
119	0,113621175187	0,112664018026	0,475449950854	0,383534868676	0,085025385022	0,27881732583	44793,3947953241
120	0,113257935254	0,11242245351	0,473940262817	0,382711366772	0,085025385022	0,27881732583	44793,4861671528
121	0,112940278289	0,111080424447	0,472620576263	0,377860204318	0,085025385022	0,27881732583	44793,5773495486
122	0,111569055603	0,109923158188	0,46693200562	0,373775441522	0,085025385022	0,27881732583	44793,6678309375
123	0,110471976303	0,108792948931	0,462415532922	0,369819543519	0,085025385022	0,27881732583	44793,7581799769
124	0,109272489498	2,58355E-7	0,457425765675	9,70463E-7	0,085025385022	0,27881732583	44793,8547158912
125	4,00549324788281E-13	0,088452285073	1,56711350112852E-12	0,306439893962	0,167334914207	0,479546934366	44794,0023628704
126	0,161132950864	0,106372416865	0,671902955603	0,362503316682	0,167334914207	0,479546934366	44794,1204093982
127	0,108311279141	0,099017803366	0,453611460429	0,336797006115	0,167334914207	0,479546934366	44794,2125609722
128	0,100172449901	0,095349587072	0,419735131648	0,324039945769	0,167334914207	0,479546934366	44794,3000882639
129	0,096183451396	0,093157672877	0,403114085619	0,31642644707	0,167334914207	0,479546934366	44794,3849600463
130	0,093921480124	0,091807904521	0,393683100308	0,311709438887	0,167334914207	0,479546934366	44794,4683233796
131	0,092439957609	0,091149168309	0,38750049024	0,309409546598	0,167334914207	0,479546934366	44794,5503598958
132	0,091702825877	0,090614427969	0,3844177754	0,307498193341	0,167334914207	0,479546934366	44794,6316217014
133	0,091132268886	0,089329259954	0,382031167439	0,30303869035	0,167334914207	0,479546934366	44794,7123335185
134	0,089776991127	0,08804924631	0,376384971889	0,298752115619	0,167334914207	0,479546934366	44794,7921319907
135	0,088454210242	0,088098344544	0,370880446732	0,298763904411	0,167334914207	0,479546934366	44794,871486875
136	0,088323468508	0,086156980944	0,370323657919	0,292166209407	0,167334914207	0,479546934366	44794,9505717014
137	0,08644552485	0,085706203159	0,362506269068	0,290646057925	0,167334914207	0,479546934366	44795,0287907176
138	0,085980302349	0,086030388285	0,360560377483	0,291716305271	0,167334914207	0,479546934366	44795,106498912
139	0,086349602563	0,086222838883	0,362095016509	0,292345342835	0,167334914207	0,479546934366	44795,1843138542
140	0,086549177645	0,086135004351	0,362924576948	0,292032980809	0,167334914207	0,479546934366	44795,2622691782
141	0,086397532879	0,086074330664	0,362290722646	0,291797665299	0,167334914207	0,479546934366	44795,3400976736
142	0,086385398635	0,086304192357	0,362240445368	0,292551311114	0,167334914207	0,479546934366	44795,4179218287
143	0,086694232754	0,086946168653	0,363527420386	0,294704716663	0,167334914207	0,479546934366	44795,4959408565
144	0,087285832098	0,087723758446	0,365986583209	0,297375699068	0,167334914207	0,479546934366	44795,5741931018
145	0,087926904134	0,086931975856	0,368652839355	0,294679434908	0,167334914207	0,479546934366	44795,6526585995
146	0,087159866678	0,086070456144	0,365460932951	0,291657001424	0,167334914207	0,479546934366	44795,7306544097
147	0,086357158061	0,086336500369	0,36211720751	0,29263693383	0,167334914207	0,479546934366	44795,8082870023
148	0,086449820835	0,085711368973	0,362502588212	0,290393579766	0,167334914207	0,479546934366	44795,8858968403
149	0,085812611095	0,084601831454	0,359851157452	0,286727135294	0,167334914207	0,479546934366	44795,9631996065
150	0,084712238416	0,084077471487	0,355269451939	0,284883567002	0,167334914207	0,479546934366	44796,0402810532
151	0,08425423811	0,085212787852	0,353362223238	0,288705322027	0,167334914207	0,479546934366	44796,1170983681
152	0,085332276407	0,085980039235	0,357847080798	0,29129730919	0,167334914207	0,479546934366	44796,1940968519
153	0,0861065524	0,086341679112	0,361069968134	0,292535333046	0,167334914207	0,479546934366	44796,2712787616
154	0,086487294786	0,086411426617	0,362658083164	0,292769566896	0,167334914207	0,479546934366	44796,3486589005
155	0,086637595943	0,086718831904	0,363285079885	0,293784813917	0,167334914207	0,479546934366	44796,4262809491
156	0,086997697547	0,087420203731	0,364786322286	0,296150615087	0,167334914207	0,479546934366	44796,5041898148
157	0,08766801061	0,088103472847	0,367573587537	0,29849648208	0,167334914207	0,479546934366	44796,5822329977
158	0,088296076912	0,088037600284	0,370189498849	0,298310433232	0,167334914207	0,479546934366	44796,6606404282
159	0,088163012939	0,086882901145	0,369633717341	0,294282777608	0,167334914207	0,479546934366	44796,7389078819
160	0,08708353851	0,087677235383	0,36514196483	0,296980278951	0,167334914207	0,479546934366	44796,8167905787
161	0,087759963198	0,086925507513	0,367947078885	0,294477221857	0,167334914207	0,479546934366	44796,8946515162
162	0,086971340463	0,085870245697	0,364668425847	0,290913492675	0,167334914207	0,479546934366	44796,9722703819
163	0,085945759755	0,085326494268	0,360407315702	0,289028373151	0,167334914207	0,479546934366	44797,049578831
164	0,085395135681	0,084875676852	0,358108079713	0,287537446976	0,167334914207	0,479546934366	44797,1267729051
165	0,084942874034	0,085366495584	0,356226363881	0,289192872689	0,167334914207	0,479546934366	44797,2035887963
166	0,085473535516	0,086348148937	0,358433140682	0,292489953851	0,167334914207	0,479546934366	44797,2806656019
167	0,086456356974	0,086983620864	0,362522776027	0,294650412161	0,167334914207	0,479546934366	44797,3580812847
168	0,08712886731	0,08749124359	0,365320687192	0,296366953221	0,167334914207	0,479546934366	44797,4357535764
169	0,087713360536	0,087457679041	0,367754579482	0,296270136007	0,167334914207	0,479546934366	44797,5136480556
170	0,087638219159	0,087762503433	0,367443232148	0,297280596455	0,167334914207	0,479546934366	44797,5914702546
171	0,087867189088	0,088887504701	0,368392901063	0,301018483137	0,167334914207	0,479546934366	44797,6695766667
172	0,089004226411	0,089006341963	0,373122660122	0,301424712529	0,167334914207	0,479546934366	44797,7479609722
173	0,089140083532	0,088954678942	0,373688530583	0,301269669601	0,167334914207	0,479546934366	44797,8265923611
174	0,088999219448	0,089003743479	0,373095523648	0,301474965631	0,167334914207	0,479546934366	44797,9048990856
175	0,08902426095	3,39948E-7	0,373199121665	1,298334E-6	0,167334914207	0,479546934366	44797,9902387384
176	9,60046794333817E-13	0,090193918875	3,76778336873602E-12	0,311944016225	0,179822102189	0,502462267876	44798,1280054977
177	0,15890734435	0,105302972	0,662782328173	0,358076303172	0,179822102189	0,502462267876	44798,2440895949
178	0,106751399408	0,098129189567	0,447185418607	0,333067822355	0,179822102189	0,502462267876	44798,3350877546
179	0,098988985487	0,093780260678	0,414845227644	0,318028549127	0,179822102189	0,502462267876	44798,4225868056
180	0,094556861832	0,090792674113	0,396368124361	0,307830195985	0,179822102189	0,502462267876	44798,5076799421
181	0,091324170138	0,087766371807	0,382877920899	0,297532554267	0,179822102189	0,502462267876	44798,5906368866
182	0,088204925738	0,086789870916	0,369877678028	0,294082467898	0,179822102189	0,502462267876	44798,671771713
183	0,087199648076	0,086908695039	0,365661531567	0,294475351464	0,179822102189	0,502462267876	44798,7518169792
184	0,087165286374	0,087365929721	0,365502933347	0,29599362312	0,179822102189	0,502462267876	44798,8313620833
185	0,087567552129	0,087575213987	0,367167412372	0,296688715156	0,179822102189	0,502462267876	44798,9107063773
186	0,087669944662	0,08597096499	0,367590632603	0,29123683386	0,179822102189	0,502462267876	44798,989946956
187	0,086019787882	0,082150317002	0,360726466756	0,278367755217	0,179822102189	0,502462267876	44799,068467581
188	0,082267961011	0,081018877487	0,345096924857	0,274486425042	0,179822102189	0,502462267876	44799,1456051273
189	0,081109411948	0,081288813611	0,34025646986	0,275352664631	0,179822102189	0,502462267876	44799,2218291667
190	0,081460219974	0,081864882376	0,341715518502	0,277311163279	0,179822102189	0,502462267876	44799,298122419
191	0,081959644863	0,082522300167	0,343791980793	0,279525256613	0,179822102189	0,502462267876	44799,3744628935
192	0,082715957868	0,08294985266	0,346942546367	0,280977157407	0,179822102189	0,502462267876	44799,4511344097
193	0,083127859656	0,082952420625	0,348653732519	0,281009050437	0,179822102189	0,502462267876	44799,5277739236
194	0,083094660735	0,083183635073	0,348514982353	0,281816060832	0,179822102189	0,502462267876	44799,6041777431
195	0,083198979383	0,082677280329	0,34894872654	0,280028948626	0,179822102189	0,502462267876	44799,6807196065
196	0,082767667042	0,081891984518	0,347149307639	0,277410219554	0,179822102189	0,502462267876	44799,7571752431
197	0,081941943793	0,080574510399	0,343706032928	0,272914187818	0,179822102189	0,502462267876	44799,833206169
198	0,080667574998	0,080525414073	0,338394612587	0,27283744654	0,179822102189	0,502462267876	44799,908610625
199	0,080553775915	0,080237369517	0,337920839829	0,271860226313	0,179822102189	0,502462267876	44799,9839737037
200	0,080279571498	0,080850903632	0,336772966493	0,273906132754	0,179822102189	0,502462267876	44800,0592452546
201	0,080919283674	0,081292690886	0,339439046891	0,275397500894	0,179822102189	0,502462267876	44800,1346991667
202	0,081373434566	0,0818932667	0,341328190917	0,277444468364	0,179822102189	0,502462267876	44800,2103143519
203	0,081933459122	0,0819953237	0,343658796709	0,277783072392	0,179822102189	0,502462267876	44800,2861092014
204	0,082063972158	0,082005666352	0,34420225478	0,277827924291	0,179822102189	0,502462267876	44800,3619355556
205	0,082078293074	0,081997879799	0,344260506585	0,277808110084	0,179822102189	0,502462267876	44800,4376609954
206	0,082105011991	0,082022457844	0,344372322076	0,277903887024	0,179822102189	0,502462267876	44800,5135072106
207	0,082069514488	0,082059882503	0,344221239874	0,278047434662	0,179822102189	0,502462267876	44800,5892084606
208	0,082112768524	0,081932033093	0,344399715642	0,277606978969	0,179822102189	0,502462267876	44800,6648991551
209	0,082006969758	0,081707289106	0,343958788887	0,276859045669	0,179822102189	0,502462267876	44800,7406672454
210	0,0817049855	0,081532931258	0,342696988823	0,276278025245	0,179822102189	0,502462267876	44800,8160092014
211	0,081618029339	0,081162223918	0,342335792819	0,275038867431	0,179822102189	0,502462267876	44800,8915062847
212	0,08119522952	0,080960700772	0,340571166009	0,274377614959	0,179822102189	0,502462267876	44800,9666959491
213	0,080969883578	0,080769534474	0,339630093186	0,273738216941	0,179822102189	0,502462267876	44801,0416853357
214	0,080821045581	0,080783769446	0,339009842222	0,273793425713	0,179822102189	0,502462267876	44801,116710081
215	0,080793069081	0,080499604497	0,338891684294	0,272845113277	0,179822102189	0,502462267876	44801,1917585185
216	0,080471829545	0,080140524956	0,337549724393	0,271638663256	0,179822102189	0,502462267876	44801,2664418866
217	0,08020219958	0,079915780969	0,336426352902	0,270890082719	0,179822102189	0,502462267876	44801,3410267245
218	0,079984196414	0,079963602956	0,335517204992	0,271055676809	0,179822102189	0,502462267876	44801,4154805093
219	0,080041989888	0,080251597496	0,335757043611	0,272031795388	0,179822102189	0,502462267876	44801,4899911343
220	0,080334588689	0,080347192089	0,336975546287	0,272361453727	0,179822102189	0,502462267876	44801,5646661574
221	0,080423662113	0,080447938932	0,337344265729	0,272685213699	0,179822102189	0,502462267876	44801,6393637731
222	0,080519899772	0,080413054901	0,337744746988	0,272582219858	0,179822102189	0,502462267876	44801,7140906366
223	0,080451190965	0,080294221453	0,337456763892	0,272195243481	0,179822102189	0,502462267876	44801,7887333681
224	0,080316554039	0,080194775017	0,336895629894	0,271861959593	0,179822102189	0,502462267876	44801,8632937963
225	0,080155626114	0,079866702444	0,336221133503	0,270779266404	0,179822102189	0,502462267876	44801,9376796412
226	0,079864425084	2,70859E-7	0,335007817011	1,040767E-6	0,179822102189	0,502462267876	44802,0190046412
227	0	0,09043442755	0	0,312625579373	0,187983289361	0,508875727654	44802,1529583796
228	0,156492540531	0,096809108272	0,652709488583	0,32821936482	0,187983289361	0,508875727654	44802,2698867245
229	0,098332101441	0,087653987417	0,412161048849	0,296758332255	0,187983289361	0,508875727654	44802,3576842593
230	0,088570747693	0,082845191242	0,371442472752	0,280415969014	0,187983289361	0,508875727654	44802,4401408218
231	0,083479619204	0,079799548973	0,350184188721	0,270157678512	0,187983289361	0,508875727654	44802,5195174769
232	0,080329447624	0,077550782417	0,337022546055	0,262621766394	0,187983289361	0,508875727654	44802,5969727662
233	0,077948104741	0,07601503668	0,327067139399	0,257554023762	0,187983289361	0,508875727654	44802,6726800347
234	0,076319974504	0,07498428933	0,320260467032	0,25411418873	0,187983289361	0,508875727654	44802,7471979861
235	0,075156990214	0,07405041939	0,315395434734	0,250931687797	0,187983289361	0,508875727654	44802,820886331
236	0,074153302871	0,072164666873	0,311197446675	0,244575076661	0,187983289361	0,508875727654	44802,8938299653
237	0,072270406704	0,070712849146	0,303325311467	0,239751954327	0,187983289361	0,508875727654	44802,9656858218
238	0,070818163168	0,070896261742	0,29725160761	0,240327281703	0,187983289361	0,508875727654	44803,036638287
239	0,070997811216	0,07129152127	0,297998874513	0,241669599334	0,187983289361	0,508875727654	44803,1074902778
240	0,071373970076	0,071374169431	0,29956987373	0,241939671426	0,187983289361	0,508875727654	44803,178450625
241	0,071441058276	0,071260500103	0,299848903167	0,241547714721	0,187983289361	0,508875727654	44803,2493220486
242	0,071325174771	0,07108096987	0,299363360702	0,240939994799	0,187983289361	0,508875727654	44803,320052963
243	0,071185068392	0,071073220618	0,298777632399	0,240901539603	0,187983289361	0,508875727654	44803,3907690394
244	0,071209148102	0,071207548754	0,298877905684	0,241352306102	0,187983289361	0,508875727654	44803,461570706
245	0,07135450679	0,071536906899	0,299484452673	0,242444143656	0,187983289361	0,508875727654	44803,5324257639
246	0,071657061599	0,071823693857	0,30074740358	0,243411198075	0,187983289361	0,508875727654	44803,6032420718
247	0,07191743002	0,071923132663	0,30183453573	0,243728748242	0,187983289361	0,508875727654	44803,6740383218
248	0,071971199398	0,07073095122	0,302058340076	0,239728615758	0,187983289361	0,508875727654	44803,7448175347
249	0,07079166664	0,070490682238	0,297129212336	0,239002601097	0,187983289361	0,508875727654	44803,8150523611
250	0,070466121467	0,069878443022	0,295766949588	0,236872170549	0,187983289361	0,508875727654	44803,8850983218
251	0,069854234998	0,068351736347	0,293207411613	0,231754816987	0,187983289361	0,508875727654	44803,9546814468
252	0,068404345578	0,068806395011	0,287141774727	0,233304389303	0,187983289361	0,508875727654	44804,023661956
253	0,068872122147	0,069403141869	0,28909826063	0,235294564665	0,187983289361	0,508875727654	44804,0929366088
254	0,069384777298	0,069458679411	0,291239387042	0,235495920851	0,187983289361	0,508875727654	44804,1621799884
255	0,069507099278	0,06941217521	0,291752027215	0,235364322533	0,187983289361	0,508875727654	44804,231585081
256	0,069425294314	0,069421229957	0,291408941692	0,235384712767	0,187983289361	0,508875727654	44804,3008762847
257	0,069451368756	0,069341087454	0,291517132727	0,235119150484	0,187983289361	0,508875727654	44804,3701290046
258	0,069424268453	0,069432842072	0,291404027973	0,235402627999	0,187983289361	0,508875727654	44804,4394346875
259	0,069573948852	0,071893408089	0,292028444728	0,24365893377	0,187983289361	0,508875727654	44804,5087655556
260	0,071933887277	0,072305425415	0,301890065125	0,245095606162	0,187983289361	0,508875727654	44804,5790497338
261	0,072321895525	0,073009392546	0,303512985817	0,247446382729	0,187983289361	0,508875727654	44804,6496021296
262	0,073039723224	0,072851793555	0,306509292294	0,246938096318	0,187983289361	0,508875727654	44804,7203734144
263	0,072860821866	0,07243975779	0,305760952264	0,245541090163	0,187983289361	0,508875727654	44804,7912058912
264	0,072453356894	0,071626056887	0,304058865495	0,242881411889	0,187983289361	0,508875727654	44804,8615581944
265	0,071591329113	0,07130441133	0,300460060514	0,241757417485	0,187983289361	0,508875727654	44804,9315608218
266	0,071335765671	0,071685458564	0,299388855703	0,243033842896	0,187983289361	0,508875727654	44805,0015112731
267	0,071654065685	0,070670242991	0,300717323168	0,239648071624	0,187983289361	0,508875727654	44805,0715604977
268	0,070655643673	0,070039901699	0,296545163534	0,237539594101	0,187983289361	0,508875727654	44805,1411047917
269	0,070053338645	0,069989527006	0,294027717347	0,237365083698	0,187983289361	0,508875727654	44805,2103574306
270	0,069999928499	0,069350157883	0,293803731244	0,23524426347	0,187983289361	0,508875727654	44805,2795332755
271	0,069344358804	0,06784415092	0,291062837834	0,230191158889	0,187983289361	0,508875727654	44805,3484086343
272	0,067895178734	0,06722931661	0,285002775304	0,228124428689	0,187983289361	0,508875727654	44805,4167059144
273	0,067319973848	0,067234469496	0,28259575386	0,228131074858	0,187983289361	0,508875727654	44805,4847284722
274	0,067336772139	0,068641055031	0,282665051324	0,232800629228	0,187983289361	0,508875727654	44805,5529174769
275	0,068718334303	0,069967573088	0,288440970849	0,237286873999	0,187983289361	0,508875727654	44805,6214587963
276	0,069967377984	0,070561743503	0,293661767769	0,239284389918	0,187983289361	0,508875727654	44805,6904669792
277	0,07059711389	2,84634E-7	0,296295052528	1,102311E-6	0,187983289361	0,508875727654	44805,7668268287
278	7,50235243254241E-13	0,089694114279	2,95240109340064E-12	0,310194332765	0,194863304496	0,523153185844	44805,8953351273
279	0,152369241276	0,086244819928	0,635776135975	0,291674214007	0,194863304496	0,523153185844	44806,0108654514
280	0,087813543919	0,075008851058	0,36833606554	0,253626560038	0,194863304496	0,523153185844	44806,0929319792
281	0,075834694754	0,069037585086	0,318266721232	0,233631494505	0,194863304496	0,523153185844	44806,1678824537
282	0,069589037575	0,065308635978	0,292127088308	0,221223088468	0,194863304496	0,523153185844	44806,2390513773
283	0,065750435419	0,062379190737	0,27604916404	0,211477755607	0,194863304496	0,523153185844	44806,3080145255
284	0,062726928133	0,060831837759	0,263378733107	0,206374389867	0,194863304496	0,523153185844	44806,3749721181
285	0,061143504448	0,059454926782	0,25674010425	0,201810334191	0,194863304496	0,523153185844	44806,4408782986
286	0,059776342539	0,058749682768	0,251007857818	0,199491714611	0,194863304496	0,523153185844	44806,5059365972
287	0,058989675011	0,058639915722	0,247707994319	0,199144099199	0,194863304496	0,523153185844	44806,5703647569
288	0,058848293346	0,058722571937	0,247113749801	0,199418471857	0,194863304496	0,523153185844	44806,6345878704
289	0,058884525601	0,058818142793	0,247264560867	0,199742574164	0,194863304496	0,523153185844	44806,6986376042
290	0,058987617382	0,059099721337	0,247695811849	0,200674351306	0,194863304496	0,523153185844	44806,7626268519
291	0,059170164135	0,059130705418	0,248459943464	0,200760205883	0,194863304496	0,523153185844	44806,8265846759
292	0,059168967683	0,058678645451	0,248454518255	0,19926081097	0,194863304496	0,523153185844	44806,8904291667
293	0,058726181778	0,057991499483	0,246598453476	0,196964268022	0,194863304496	0,523153185844	44806,9540766319
294	0,058054420439	0,057305643963	0,243782354914	0,194654059226	0,194863304496	0,523153185844	44807,0174412269
295	0,057316618422	0,056686927079	0,24068835698	0,192581003113	0,194863304496	0,523153185844	44807,0802928935
296	0,056761422594	0,056197420625	0,238360375803	0,190931327137	0,194863304496	0,523153185844	44807,1429182755
297	0,056258234945	0,055815085276	0,236249794161	0,189648689142	0,194863304496	0,523153185844	44807,2052310417
298	0,055856535375	0,05538236294	0,234564833235	0,188198151832	0,194863304496	0,523153185844	44807,2672183681
299	0,055447973971	0,055232557282	0,232851101784	0,187686496693	0,194863304496	0,523153185844	44807,3290702894
300	0,055280128251	0,055091781784	0,232146826852	0,187217577809	0,194863304496	0,523153185844	44807,3907929282
301	0,055151306309	0,054971643691	0,231606601674	0,186809899526	0,194863304496	0,523153185844	44807,4524100232
302	0,055053548553	0,055178290054	0,231196138567	0,187479127102	0,194863304496	0,523153185844	44807,5139628356
303	0,055290093302	0,05532425383	0,232188238584	0,187962744806	0,194863304496	0,523153185844	44807,5756589931
304	0,055402895089	0,055844795016	0,232661058373	0,189694883476	0,194863304496	0,523153185844	44807,6373653009
305	0,055885209584	0,056079855161	0,234683773437	0,190477221112	0,194863304496	0,523153185844	44807,6992184375
306	0,056152142947	0,056449277351	0,235802988926	0,191708311581	0,194863304496	0,523153185844	44807,7611538889
307	0,056481479569	0,056945274399	0,237183775452	0,193366971708	0,194863304496	0,523153185844	44807,823175162
308	0,05688598679	0,056636585447	0,238879211708	0,192361127469	0,194863304496	0,523153185844	44807,8853165162
309	0,056603204615	0,055696259881	0,237693800655	0,189240519925	0,194863304496	0,523153185844	44807,9472873264
310	0,055708296808	0,05496776684	0,233941416588	0,186819997075	0,194863304496	0,523153185844	44808,0089414699
311	0,054978715162	0,054319374761	0,230881399016	0,18463572284	0,194863304496	0,523153185844	44808,0702529051
312	0,05435577614	0,053677419023	0,228268180572	0,1825073398	0,194863304496	0,523153185844	44808,1312140162
313	0,053681385235	0,053278305106	0,225438894216	0,181170120849	0,194863304496	0,523153185844	44808,1917593403
314	0,0533156182	0,052821072968	0,223904188508	0,179640491916	0,194863304496	0,523153185844	44808,2521271296
315	0,052852561844	0,052415481809	0,221961003635	0,17828378152	0,194863304496	0,523153185844	44808,31220875
316	0,052419374771	0,052242419917	0,220143178184	0,177697925822	0,194863304496	0,523153185844	44808,3719566782
317	0,052319184072	0,052180419121	0,219722856979	0,177485607421	0,194863304496	0,523153185844	44808,4318197106
318	0,052234142009	0,052473600668	0,21936578374	0,178468909439	0,194863304496	0,523153185844	44808,4915503472
319	0,052589114103	0,053100067652	0,220855231808	0,180535832009	0,194863304496	0,523153185844	44808,5515273727
320	0,053142595044	0,053331258999	0,223177169431	0,181323169665	0,194863304496	0,523153185844	44808,6116721296
321	0,053395368948	0,053904760434	0,224237560591	0,183240462296	0,194863304496	0,523153185844	44808,6719062963
322	0,053886836638	0,054368458796	0,226298854851	0,18478943804	0,194863304496	0,523153185844	44808,7322828356
323	0,054401046729	0,054330997261	0,228456059595	0,184679823519	0,194863304496	0,523153185844	44808,7929227199
324	0,054371847916	0,054625487481	0,22833361914	0,185668732027	0,194863304496	0,523153185844	44808,853555463
325	0,054536382933	0,054292237014	0,229023082993	0,184561504314	0,194863304496	0,523153185844	44808,9141843056
326	0,054242168972	0,053419095863	0,227789104036	0,181667549797	0,194863304496	0,523153185844	44808,9745884722
327	0,053413712455	0,052777151569	0,224314319191	0,179527036339	0,194863304496	0,523153185844	44809,0347079282
328	0,052756138011	2,43732E-7	0,221555362438	9,62373E-7	0,194863304496	0,523153185844	44809,1014964352
329	4,76844434271763E-13	0,090169778891	1,88621860662452E-12	0,311613718092	0,209511011839	0,57783216238	44809,2189588194
330	0,144843414972	0,065281486787	0,605272530257	0,220482119745	0,209511011839	0,57783216238	44809,3344655671
331	0,067268945401	0,054545385459	0,282461636217	0,184872426417	0,209511011839	0,57783216238	44809,4060152778
332	0,055648970423	0,050124125204	0,233708006853	0,170243854142	0,209511011839	0,57783216238	44809,4699066435
333	0,050923085531	0,049373689688	0,213868935988	0,167723243166	0,209511011839	0,57783216238	44809,5306570602
334	0,049966399022	0,052137772062	0,209851207599	0,176825120264	0,209511011839	0,57783216238	44809,5904370486
335	0,052509392147	0,056216794073	0,220522309364	0,190489667848	0,209511011839	0,57783216238	44809,6510364352
336	0,056419590208	0,060437878848	0,236922243592	0,204734707923	0,209511011839	0,57783216238	44809,7131771181
337	0,060588039471	0,064033773949	0,25439217828	0,216833619816	0,209511011839	0,57783216238	44809,7770345255
338	0,064149270141	0,067087226717	0,269303486877	0,227216846773	0,209511011839	0,57783216238	44809,8422594907
339	0,067137488796	0,068960083878	0,28180190519	0,233643536945	0,209511011839	0,57783216238	44809,9085497106
340	0,068924802554	0,068057247399	0,289273609641	0,230740699951	0,209511011839	0,57783216238	44809,9752801852
341	0,06806665807	0,06474547804	0,285688430701	0,21967891687	0,209511011839	0,57783216238	44810,0416439699
342	0,064813480754	0,060120109508	0,27208317978	0,20422161651	0,209511011839	0,57783216238	44810,1067451273
343	0,060180901507	0,055702710422	0,252686208008	0,18941502383	0,209511011839	0,57783216238	44810,1697690625
344	0,055815353749	0,051938856513	0,23438771425	0,176783165507	0,209511011839	0,57783216238	44810,2307630324
345	0,052115034348	0,048939675635	0,218865255197	0,166765366604	0,209511011839	0,57783216238	44810,2900333565
346	0,049094334839	0,046383536854	0,206187324697	0,158244768049	0,209511011839	0,57783216238	44810,3477546644
347	0,046573513227	0,04474703198	0,195604356314	0,152700746293	0,209511011839	0,57783216238	44810,4042686111
348	0,04499616863	0,043765395368	0,188981288953	0,149399589143	0,209511011839	0,57783216238	44810,4601185764
349	4,86116E-7	0,025099892473	1,936215E-6	0,083214384744	0,209511011839	0,57783216238	44810,4762820023
350	0,067920205174	0,051068306851	0,285158278728	0,174088506218	0,209511011839	0,57783216238	44810,5446322454
351	0,051805578846	0,051706396334	0,217568755153	0,175927558415	0,209511011839	0,57783216238	44810,6041634838
352	0,052071357084	0,055343628125	0,218680125474	0,187992264523	0,209511011839	0,57783216238	44810,6634636343
353	0,055463112701	0,059660284605	0,23290489927	0,202367873722	0,209511011839	0,57783216238	44810,7240704514
354	0,059701428777	0,064864306613	0,250665892358	0,219859771461	0,209511011839	0,57783216238	44810,786458588
355	0,064841429726	0,069133183705	0,272183935226	0,234266352917	0,209511011839	0,57783216238	44810,8509062847
356	0,069042261381	0,071649305066	0,2897443704	0,242912070582	0,209511011839	0,57783216238	44810,9169084028
357	0,071554455915	0,071199784879	0,300241279469	0,241523376887	0,209511011839	0,57783216238	44810,9838926273
358	0,071141422228	0,06825873812	0,298522397914	0,23163514314	0,209511011839	0,57783216238	44811,0508497917
359	0,068224819844	0,063995028537	0,286340324048	0,21731085547	0,209511011839	0,57783216238	44811,1165645023
360	0,064019563504	0,059204341431	0,268753473365	0,201262850077	0,209511011839	0,57783216238	44811,1805559954
361	0,059251637046	0,054208260683	0,248787001489	0,184572885201	0,209511011839	0,57783216238	44811,2424265393
362	0,054344979324	0,050000140354	0,228217736283	0,170506174478	0,209511011839	0,57783216238	44811,3021953819
363	0,050177401011	0,047586037422	0,210732383003	0,162357574479	0,209511011839	0,57783216238	44811,3600405324
364	0,047781492962	0,046349949415	0,20067547181	0,158198761084	0,209511011839	0,57783216238	44811,4167059028
365	0,046572898269	0,04639388141	0,195601196985	0,15826391961	0,209511011839	0,57783216238	44811,4727598264
366	0,046599290122	0,048371381129	0,195711582456	0,164824119066	0,209511011839	0,57783216238	44811,5288701042
367	0,048492444482	0,051537187559	0,203658507496	0,175322940563	0,209511011839	0,57783216238	44811,5858115278
368	0,05154684477	0,056016591679	0,216475077138	0,190260846162	0,209511011839	0,57783216238	44811,6440470486
369	0,056008269196	0,060601880696	0,235185682789	0,205702314189	0,209511011839	0,57783216238	44811,7043332292
370	0,060548562444	0,0651278047	0,254208084095	0,220910324651	0,209511011839	0,57783216238	44811,7664828241
371	0,065069654065	0,068460224813	0,273129185494	0,232264664293	0,209511011839	0,57783216238	44811,8305650579
372	0,068340961802	0,06990815043	0,286806359269	0,237179745532	0,209511011839	0,57783216238	44811,8959121181
373	0,069825363844	0,068830955041	0,29301232336	0,233648086198	0,209511011839	0,57783216238	44811,9618431019
374	0,068762795782	0,066294181018	0,288573132222	0,225180106939	0,209511011839	0,57783216238	44812,0273116667
375	0,066266002677	0,063147719214	0,27813968635	0,214683904333	0,209511011839	0,57783216238	44812,0916928588
376	0,063212885158	0,060033564574	0,265370265295	0,204122397449	0,209511011839	0,57783216238	44812,1549691782
377	0,060085272892	0,056600405035	0,252275223105	0,192633971912	0,209511011839	0,57783216238	44812,2169305324
378	0,056639546799	0,052893412388	0,237835003009	0,180271761331	0,209511011839	0,57783216238	44812,2771926968
379	0,05295940215	2,55388E-7	0,222403350133	1,011249E-6	0,209511011839	0,57783216238	44812,3427978356
380	2,54317031611607E-14	0,08533029876	1,00553892482827E-13	0,295987910068	0,212923064828	0,572412729263	44812,456999375
381	0,139801289066	0,055409483945	0,584186232789	0,187693283314	0,212923064828	0,572412729263	44812,5682610648
382	0,057689832315	0,044209709474	0,242279539649	0,150695704079	0,212923064828	0,572412729263	44812,6334543403
383	0,045513913196	0,040518204522	0,19115635971	0,13831756931	0,212923064828	0,572412729263	44812,6909013542
384	3,0867E-7	0,022685820271	1,232E-6	0,075321429884	0,212923064828	0,572412729263	44812,7068472454
385	0,062802602011	0,041781426884	0,263721245271	0,143040449603	0,212923064828	0,572412729263	44812,7732484143
386	4,6615E-7	0,022366810285	1,858739E-6	0,074326779464	0,212923064828	0,572412729263	44812,7891672338
387	0,064116369419	0,040761024939	0,269228401184	0,139823806219	0,212923064828	0,572412729263	44812,8559364815
388	4,44492E-7	0,021865638098	1,774771E-6	0,072827717303	0,212923064828	0,572412729263	44812,8718093982
389	0,062699396624	0,038443840109	0,263286882272	0,13221323811	0,212923064828	0,572412729263	44812,937735081
390	3,058E-7	0,021111328486	1,224243E-6	0,070553725974	0,212923064828	0,572412729263	44812,9535398843
391	0,059634947953	0,034514656395	0,250435231957	0,11924845768	0,212923064828	0,572412729263	44813,0179253704
392	3,063E-7	0,020048309153	1,231514E-6	0,067311887531	0,212923064828	0,572412729263	44813,0336358565
393	0,054669292996	0,030659113355	0,229600000149	0,106431198436	0,212923064828	0,572412729263	44813,0957499306
394	1,60211E-7	0,018951700474	6,46544E-7	0,063887175522	0,212923064828	0,572412729263	44813,1113617477
395	0,049781409847	0,027933745028	0,209078651879	0,09726283096	0,212923064828	0,572412729263	44813,1713428588
396	9,8843E-8	0,017961013991	3,99907E-7	0,060700574788	0,212923064828	0,572412729263	44813,1868647801
397	0,046121697109	0,025881338347	0,193708829047	0,090293767227	0,212923064828	0,572412729263	44813,2452819213
398	9,0252E-8	0,017342322538	3,6587E-7	0,058716489535	0,212923064828	0,572412729263	44813,2607484375
399	0,043426354814	0,024627167128	0,182388622733	0,085999333465	0,212923064828	0,572412729263	44813,3178551389
400	7,3751E-8	0,016926414162	2,99312E-7	0,057365238503	0,212923064828	0,572412729263	44813,3332846412
401	4,81889E-7	0,015309285491	1,920926E-6	0,051130400122	0,212923064828	0,572412729263	44813,3485704861
402	0,056080042452	0,025701792643	0,235528488264	0,089807554551	0,212923064828	0,572412729263	44813,4134316204
403	9,5915E-8	0,016894129038	3,88801E-7	0,057203075624	0,212923064828	0,572412729263	44813,4288584491
404	0,041401303672		0,173883601998		0,212923064828	0,572412729263	44813,4698602431
