TesterID:	Maccor#2														
Channel Number:	58														
TestName:	KAI_Zelltest_regulaer_fix_no_degass.000														
TestDesc:	Regular cycling: formation, followed by pulse, C-rate quick charge and cycling t														
StartDateTime:	44776,6651497338														
Comment:															
															
									Charge			Discharge			
Cycle	AH-IN	AH-OUT	WH-IN	WH-OUT	ACR	DCIR	V1_Start	V1_End	V1_Min	V1_Max	V1_Start	V1_End	V1_Min	V1_Max	Date
0		3,86361E-7		8,7087E-8	0	0					-0,000688148604240268	-0,00084642181172967	-0,00084642181172967	-0,000529875338543206	44778,6669962963
1	0,508269119828	0,424851109032	1,90081258337	1,544181936396	0	0	-0,000688148604240268	-0,000688148604240268	-0,00116296834312379	-0,000371602072846144	-0,00084642181172967	-0,00084642181172967	-0,00116296834312379	-0,000529875338543206	44779,0920857292
2	0,426076389868	0,426097830034	1,60801750091	1,547384645371	0	0	-0,00084642181172967	-0,00084642181172967	-0,00116296834312379	-0,000529875338543206	-0,00084642181172967	-0,000688148604240268	-0,00116296834312379	-0,000529875338543206	44779,4892282292
3	0,453108687607	2,86966E-7	1,718129017955	9,28675E-7	0	0	-0,00100469507742673	-0,00100469507742673	-0,00100469507742673	-0,000529875338543206	-0,000688148604240268	-0,000688148604240268	-0,00100469507742673	-0,000529875338543206	44779,9818136574
4	6,35792579029017E-14	2,89495E-7	2,41142295633559E-13	9,49115E-7	0,09647539258	0,233875215054	-0,00100469507742673	-0,00084642181172967	-0,00100469507742673	-0,000688148604240268	-0,00084642181172967	-0,000688148604240268	-0,00116296834312379	-0,000529875338543206	44780,3018030787
5	0,442028194511	0,441661355303	1,690091897424	1,603894042938	0,09647539258	0,233875215054	-0,00084642181172967	-0,00100469507742673	-0,00116296834312379	-0,000529875338543206	-0,00084642181172967	-0,00084642181172967	-0,00116296834312379	-0,000529875338543206	44780,5761734028
6	0,441805698755	0,44123860198	1,688343165724	1,602210605973	0,09647539258	0,233875215054	-0,00084642181172967	-0,00084642181172967	-0,00100469507742673	-0,000529875338543206	-0,00084642181172967	-0,00084642181172967	-0,00100469507742673	-0,000529875338543206	44780,8568202199
7	0,433392606035	0,433163730067	1,65345271505	1,570144295252	0,09647539258	0,233875215054	-0,00084642181172967	-0,00100469507742673	-0,00100469507742673	-0,000529875338543206	-0,00084642181172967	-0,00084642181172967	-0,00116296834312379	-0,000529875338543206	44781,1170381713
8	0,440090084946	0,396167252239	1,681397291621	1,395484586128	0,09647539258	0,233875215054	-0,000688148604240268	-0,00100469507742673	-0,00100469507742673	-0,000529875338543206	-0,00084642181172967	-0,00084642181172967	-0,00116296834312379	-0,000529875338543206	44781,3132532292
9	0,394270076207	0,394430848456	1,517062541537	1,389741699781	0,09647539258	0,233875215054	-0,000688148604240268	-0,000688148604240268	-0,00100469507742673	-0,000529875338543206	-0,000688148604240268	-0,000688148604240268	-0,00116296834312379	-0,000529875338543206	44781,4893494444
10	0,396534296618	0,394994477726	1,526008083858	1,391202179395	0,09647539258	0,233875215054	-0,000688148604240268	-0,00100469507742673	-0,00100469507742673	-0,000529875338543206	-0,000688148604240268	-0,000688148604240268	-0,00100469507742673	-0,000529875338543206	44781,6722666088
11	0,394843042074	0,283763488515	1,519782565386	0,967495613691	0,09647539258	0,233875215054	-0,00084642181172967	-0,000688148604240268	-0,00100469507742673	-0,000371602072846144	-0,000688148604240268	-0,00084642181172967	-0,00100469507742673	-0,000529875338543206	44781,8319142708
12	0,2838599735	0,27834100478	1,114659212454	0,949966800265	0,09647539258	0,233875215054	-0,000688148604240268	-0,000688148604240268	-0,00100469507742673	-0,000371602072846144	-0,000688148604240268	-0,00084642181172967	-0,00100469507742673	-0,000529875338543206	44781,960280706
13	0,278156804185	0,278111079082	1,093364672369	0,948355476267	0,09647539258	0,233875215054	-0,000688148604240268	-0,000688148604240268	-0,00100469507742673	-0,000529875338543206	-0,000688148604240268	-0,000688148604240268	-0,00100469507742673	-0,000529875338543206	44782,0869523264
14	0,27802337932	0,434009182662	1,092821922432	1,575878668904	0,09647539258	0,233875215054	-0,00084642181172967	-0,000688148604240268	-0,00100469507742673	-0,000529875338543206	-0,00084642181172967	-0,00100469507742673	-0,00116296834312379	-0,000529875338543206	44782,3181396643
15	0,43423782558	0,436052771518	1,65813603603	1,584058417162	0,09647539258	0,233875215054	-0,000688148604240268	-0,00084642181172967	-0,00116296834312379	-0,000529875338543206	-0,000688148604240268	-0,000688148604240268	-0,00100469507742673	-0,000529875338543206	44782,5926930556
16	0,435788890588	3,9758E-7	1,663313757331	1,275053E-6	0,09647539258	0,233875215054	-0,00084642181172967	-0,000688148604240268	-0,00100469507742673	-0,000371602072846144	-0,000688148604240268	-0,00084642181172967	-0,00100469507742673	-0,000371602072846144	44782,8746861921
17	0,369317970991	0,349511538011	1,428734417566	1,25051409404	0,09647539258	0,233875215054	-0,00084642181172967	-0,000688148604240268	-0,00100469507742673	-0,000529875338543206	-0,000529875338543206	-0,000688148604240268	-0,00100469507742673	-0,000529875338543206	44783,0088452778
18	0,348318472274	0,334520775371	1,347334777112	1,1974493386	0,09647539258	0,233875215054	-0,000688148604240268	-0,00084642181172967	-0,00100469507742673	-0,000529875338543206	-0,00084642181172967	-0,00084642181172967	-0,00100469507742673	-0,000529875338543206	44783,1439726736
19	0,334572894044	0,321562789522	1,295141390229	1,152213309254	0,09647539258	0,233875215054	-0,00084642181172967	-0,00100469507742673	-0,00116296834312379	-0,000529875338543206	-0,00084642181172967	-0,000688148604240268	-0,00100469507742673	-0,000529875338543206	44783,2743793403
20	0,291296534671	0,245356530443	1,154959272976	0,877140701663	0,09647539258	0,233875215054	-0,00084642181172967	-0,00084642181172967	-0,00100469507742673	-0,000529875338543206	-0,00100469507742673	-0,00084642181172967	-0,00116296834312379	-0,000529875338543206	44783,3673506713
21	0,242220524053	0,209913011622	0,963211930226	0,750550226166	0,09647539258	0,233875215054	-0,00100469507742673	-0,00084642181172967	-0,00100469507742673	-0,000529875338543206	-0,000688148604240268	-0,00084642181172967	-0,00116296834312379	-0,000529875338543206	44783,4485876273
22	0,207164328523	3,22146E-7	0,827028542041	9,89917E-7	0,09647539258	0,233875215054	-0,00084642181172967	-0,00084642181172967	-0,00116296834312379	-0,000529875338543206	-0,00084642181172967	-0,000688148604240268	-0,00116296834312379	-0,000529875338543206	44783,5279192014
23	1,27158515805803E-14	0,154767492159	4,84612968759556E-14	0,541779909305	0,069343112409	0,208970591426	-0,000688148604240268	-0,000688148604240268	-0,00084642181172967	-0,000529875338543206	-0,00084642181172967	-0,000688148604240268	-0,00100469507742673	-0,000371602072846144	44783,7440262963
24	0,293544316902	0,282851799238	1,171180967008	1,002300997071	0,069343112409	0,208970591426	-0,000688148604240268	-0,00084642181172967	-0,00100469507742673	-0,000529875338543206	-0,000688148604240268	-0,00084642181172967	-0,00100469507742673	-0,000371602072846144	44783,8458857176
25	0,28365711461	0,281189433711	1,13358557199	0,996794431776	0,069343112409	0,208970591426	-0,000688148604240268	-0,000688148604240268	-0,00100469507742673	-0,000371602072846144	-0,00084642181172967	-0,00084642181172967	-0,00100469507742673	-0,000529875338543206	44783,9442346296
26	0,281602699496	0,279558050574	1,125723945522	0,99034259503	0,069343112409	0,208970591426	-0,000529875338543206	-0,000688148604240268	-0,00100469507742673	-0,000371602072846144	-0,00084642181172967	-0,000688148604240268	-0,00100469507742673	-0,000529875338543206	44784,042188669
27	0,279853642826	0,278212202303	1,119503859145	0,985629039023	0,069343112409	0,208970591426	-0,000688148604240268	-0,000688148604240268	-0,00100469507742673	-0,000529875338543206	-0,000688148604240268	-0,000688148604240268	-0,00100469507742673	-0,000529875338543206	44784,1398465972
28	0,27853645623	0,277243467405	1,114351813117	0,982870718995	0,069343112409	0,208970591426	-0,000688148604240268	-0,000688148604240268	-0,00116296834312379	-0,000529875338543206	-0,00100469507742673	-0,00084642181172967	-0,00116296834312379	-0,000529875338543206	44784,2370472569
29	0,277605358773	0,276505907116	1,110291454507	0,980855413951	0,069343112409	0,208970591426	-0,00084642181172967	-0,00084642181172967	-0,00116296834312379	-0,000529875338543206	-0,00084642181172967	-0,00084642181172967	-0,00116296834312379	-0,000529875338543206	44784,3334295949
30	0,276899342705	0,275876912643	1,107331816694	0,978909734313	0,069343112409	0,208970591426	-0,000688148604240268	-0,000688148604240268	-0,00116296834312379	-0,000529875338543206	-0,00100469507742673	-0,000688148604240268	-0,00116296834312379	-0,000529875338543206	44784,4295246875
31	0,27628498104	0,275445508517	1,104695418866	0,977649435048	0,069343112409	0,208970591426	-0,00084642181172967	-0,000688148604240268	-0,00100469507742673	-0,000529875338543206	-0,000688148604240268	-0,00084642181172967	-0,00100469507742673	-0,000371602072846144	44784,5251490625
32	0,275751769388	0,274865599989	1,102464388276	0,97560076837	0,069343112409	0,208970591426	-0,00100469507742673	-0,000688148604240268	-0,00100469507742673	-0,000529875338543206	-0,00084642181172967	-0,00084642181172967	-0,00100469507742673	-0,000371602072846144	44784,6203997801
33	0,27519525411	0,274449652827	1,100280166502	0,974569665954	0,069343112409	0,208970591426	-0,000688148604240268	-0,00084642181172967	-0,00100469507742673	-0,000529875338543206	-0,000688148604240268	-0,00084642181172967	-0,00100469507742673	-0,000529875338543206	44784,7153842824
34	0,274715386517	0,274235273531	1,098152680466	0,974398019128	0,069343112409	0,208970591426	-0,000688148604240268	-0,000688148604240268	-0,00100469507742673	-0,000371602072846144	-0,000688148604240268	-0,00084642181172967	-0,00100469507742673	-0,000529875338543206	44784,8098381134
35	0,274493036383	0,273828384722	1,09688219785	0,97330113789	0,069343112409	0,208970591426	-0,000529875338543206	-0,000688148604240268	-0,00100469507742673	-0,000371602072846144	-0,000529875338543206	-0,00084642181172967	-0,00100469507742673	-0,000371602072846144	44784,9038851852
36	0,273944854546	0,273305207118	1,094628400877	0,970716676999	0,069343112409	0,208970591426	-0,000688148604240268	-0,000688148604240268	-0,00100469507742673	-0,000371602072846144	-0,000688148604240268	-0,000688148604240268	-0,00100469507742673	-0,000371602072846144	44784,9978905093
37	0,273360722851	0,272415341231	1,09299607083	0,966663010115	0,069343112409	0,208970591426	-0,00084642181172967	-0,00100469507742673	-0,00100469507742673	-0,000529875338543206	-0,000688148604240268	-0,00084642181172967	-0,00100469507742673	-0,000529875338543206	44785,0921167014
38	0,272456459607	0,27182757939	1,090027281468	0,964344710657	0,069343112409	0,208970591426	-0,00084642181172967	-0,000688148604240268	-0,00100469507742673	-0,000529875338543206	-0,00084642181172967	-0,00084642181172967	-0,00116296834312379	-0,000529875338543206	44785,1866421991
39	0,271951896649	0,271445266929	1,088244063583	0,963305793519	0,069343112409	0,208970591426	-0,000688148604240268	-0,000688148604240268	-0,00100469507742673	-0,000529875338543206	-0,00084642181172967	-0,00100469507742673	-0,00116296834312379	-0,000529875338543206	44785,281016875
40	0,271636184313	0,271233419784	1,086738912141	0,963072970237	0,069343112409	0,208970591426	-0,00084642181172967	-0,00100469507742673	-0,00100469507742673	-0,000529875338543206	-0,000688148604240268	-0,000688148604240268	-0,00116296834312379	-0,000529875338543206	44785,3750671065
41	0,271466405338	0,271112071989	1,085806519614	0,962753605519	0,069343112409	0,208970591426	-0,00084642181172967	-0,000688148604240268	-0,00100469507742673	-0,000529875338543206	-0,000688148604240268	-0,00084642181172967	-0,00100469507742673	-0,000529875338543206	44785,4687916551
42	0,271339933092	0,270870502175	1,085096400281	0,961955180491	0,069343112409	0,208970591426	-0,00084642181172967	-0,00084642181172967	-0,00100469507742673	-0,000529875338543206	-0,000529875338543206	-0,00084642181172967	-0,00100469507742673	-0,000529875338543206	44785,5622731829
43	0,27102682299	0,270696151954	1,083893926322	0,961323757606	0,069343112409	0,208970591426	-0,00084642181172967	-0,000529875338543206	-0,00100469507742673	-0,000529875338543206	-0,000529875338543206	-0,000688148604240268	-0,00100469507742673	-0,000529875338543206	44785,6556939352
44	0,270852551692	0,270481708655	1,083193550859	0,961003846957	0,069343112409	0,208970591426	-0,000688148604240268	-0,00084642181172967	-0,00100469507742673	-0,000371602072846144	-0,000688148604240268	-0,000688148604240268	-0,00100469507742673	-0,000529875338543206	44785,7488309375
45	0,270667460267	0,270539833659	1,082101426677	0,961680605422	0,069343112409	0,208970591426	-0,000688148604240268	-0,000688148604240268	-0,00100469507742673	-0,000371602072846144	-0,000688148604240268	-0,00100469507742673	-0,00100469507742673	-0,000529875338543206	44785,841775787
46	0,270616015316	0,270126498973	1,081689361955	0,95997035391	0,069343112409	0,208970591426	-0,000529875338543206	-0,000688148604240268	-0,00100469507742673	-0,000371602072846144	-0,000688148604240268	-0,000688148604240268	-0,00100469507742673	-0,000529875338543206	44785,9345284028
47	0,270082972723	0,269523314078	1,079862463602	0,956977953947	0,069343112409	0,208970591426	-0,000529875338543206	-0,00100469507742673	-0,00100469507742673	-0,000529875338543206	-0,000529875338543206	-0,000688148604240268	-0,00116296834312379	-0,000529875338543206	44786,0272761574
48	0,269525369034	0,269089319522	1,078433270236	0,954720438378	0,069343112409	0,208970591426	-0,000688148604240268	-0,000529875338543206	-0,00100469507742673	-0,000529875338543206	-0,000688148604240268	-0,000688148604240268	-0,00100469507742673	-0,000529875338543206	44786,1206871181
49	0,269093678393	0,268735400921	1,077019249379	0,953678690268	0,069343112409	0,208970591426	-0,000688148604240268	-0,00084642181172967	-0,00100469507742673	-0,000529875338543206	-0,00084642181172967	-0,000688148604240268	-0,00116296834312379	-0,000529875338543206	44786,2139492593
50	0,26879978654	0,268666940048	1,075612531516	0,954095995545	0,069343112409	0,208970591426	-0,00084642181172967	-0,000688148604240268	-0,00116296834312379	-0,000529875338543206	-0,000688148604240268	-0,00084642181172967	-0,00116296834312379	-0,000529875338543206	44786,3067566204
51	0,268810161198	0,268590783331	1,075346876933	0,953953317183	0,069343112409	0,208970591426	-0,00084642181172967	-0,00100469507742673	-0,00100469507742673	-0,000529875338543206	-0,000688148604240268	-0,000688148604240268	-0,00116296834312379	-0,000529875338543206	44786,3995808681
52	0,268753870204	0,268554586386	1,075045049463	0,953983521611	0,069343112409	0,208970591426	-0,00084642181172967	-0,00084642181172967	-0,00116296834312379	-0,000529875338543206	-0,00084642181172967	-0,000688148604240268	-0,00116296834312379	-0,000371602072846144	44786,4921213194
53	0,268764190268	0,268519741985	1,074842910173	0,953843476342	0,069343112409	0,208970591426	-0,00084642181172967	-0,000688148604240268	-0,00116296834312379	-0,000529875338543206	-0,000688148604240268	-0,000688148604240268	-0,00100469507742673	-0,000529875338543206	44786,58464125
54	0,268606734875	0,26846940544	1,074214355612	0,953844701158	0,069343112409	0,208970591426	-0,000688148604240268	-0,000688148604240268	-0,00100469507742673	-0,000529875338543206	-0,000688148604240268	-0,000688148604240268	-0,00100469507742673	-0,000529875338543206	44786,67704375
55	0,268581894503	0,268550770783	1,073954794712	0,954663122267	0,069343112409	0,208970591426	-0,000688148604240268	-0,000688148604240268	-0,00100469507742673	-0,000529875338543206	-0,000688148604240268	-0,00084642181172967	-0,00100469507742673	-0,000371602072846144	44786,769187338
56	0,268678795897	0,268619203893	1,073916026514	0,955525407428	0,069343112409	0,208970591426	-0,000688148604240268	-0,000688148604240268	-0,00100469507742673	-0,000371602072846144	-0,000688148604240268	-0,000688148604240268	-0,00100469507742673	-0,000371602072846144	44786,8610249074
57	0,268598517149	0,268376305484	1,073208902727	0,954261580686	0,069343112409	0,208970591426	-0,000688148604240268	-0,000688148604240268	-0,00100469507742673	-0,000371602072846144	-0,000688148604240268	-0,000688148604240268	-0,00100469507742673	-0,000529875338543206	44786,9525290972
58	0,268308301556	0,267771884398	1,072670734636	0,951116222131	0,069343112409	0,208970591426	-0,000688148604240268	-0,000688148604240268	-0,00100469507742673	-0,000529875338543206	-0,000688148604240268	-0,00084642181172967	-0,00116296834312379	-0,000529875338543206	44787,0444849769
59	0,267682407373	0,267355933423	1,070778325023	0,948826044319	0,069343112409	0,208970591426	-0,00084642181172967	-0,00084642181172967	-0,00100469507742673	-0,000529875338543206	-0,00084642181172967	-0,000688148604240268	-0,00100469507742673	-0,000529875338543206	44787,1367611227
60	0,267351289415	0,267140216208	1,069878202428	0,948173693059	0,069343112409	0,208970591426	-0,000529875338543206	-0,000688148604240268	-0,00100469507742673	-0,000529875338543206	-0,00100469507742673	-0,000688148604240268	-0,00100469507742673	-0,000529875338543206	44787,229106956
61	0,267172079108	0,266998125679	1,069165590583	0,94785241683	0,069343112409	0,208970591426	-0,00084642181172967	-0,00084642181172967	-0,00116296834312379	-0,000529875338543206	-0,00084642181172967	-0,000688148604240268	-0,00116296834312379	-0,000529875338543206	44787,321524456
62	0,267056715493	0,266976233645	1,068748361057	0,948043448393	0,069343112409	0,208970591426	-0,00084642181172967	-0,000688148604240268	-0,00100469507742673	-0,000529875338543206	-0,000688148604240268	-0,000688148604240268	-0,00100469507742673	-0,000529875338543206	44787,413777338
63	0,267079286787	0,267003314806	1,068534833811	0,948258755685	0,069343112409	0,208970591426	-0,00084642181172967	-0,000688148604240268	-0,00100469507742673	-0,000529875338543206	-0,000688148604240268	-0,00084642181172967	-0,00100469507742673	-0,000371602072846144	44787,5057576968
64	0,267119279368	0,2671324695	1,068529184412	0,9491159257	0,069343112409	0,208970591426	-0,000688148604240268	-0,000688148604240268	-0,00100469507742673	-0,000529875338543206	-0,000688148604240268	-0,000529875338543206	-0,00100469507742673	-0,000371602072846144	44787,5976448727
65	0,267259731886	0,267239735548	1,068746910003	0,950056432747	0,069343112409	0,208970591426	-0,000688148604240268	-0,000688148604240268	-0,00100469507742673	-0,000371602072846144	-0,000688148604240268	-0,000529875338543206	-0,00116296834312379	-0,000529875338543206	44787,6894565972
66	0,267319709854	0,267544571171	1,068422136507	0,952119984979	0,069343112409	0,208970591426	-0,000529875338543206	-0,000529875338543206	-0,00100469507742673	-0,000529875338543206	-0,000529875338543206	-0,000529875338543206	-0,00100469507742673	-0,000371602072846144	44787,7806664931
67	0,267654444546	0,267808092149	1,069155202185	0,95416592559	0,069343112409	0,208970591426	-0,000529875338543206	-0,000688148604240268	-0,00100469507742673	-0,000371602072846144	-0,000688148604240268	-0,000688148604240268	-0,00100469507742673	-0,000371602072846144	44787,871479838
68	0,267840863083	0,267910109306	1,069006076776	0,955371129418	0,069343112409	0,208970591426	-0,000688148604240268	-0,000688148604240268	-0,00100469507742673	-0,000371602072846144	-0,000688148604240268	-0,000688148604240268	-0,00100469507742673	-0,000371602072846144	44787,9615348495
69	0,267865128714	0,26770839966	1,068829850052	0,954308029634	0,069343112409	0,208970591426	-0,00084642181172967	-0,00084642181172967	-0,00100469507742673	-0,000371602072846144	-0,000529875338543206	-0,000688148604240268	-0,00100469507742673	-0,000529875338543206	44788,0519672222
70	0,267678047524	0,267314595885	1,068595934559	0,951381918959	0,069343112409	0,208970591426	-0,000688148604240268	-0,00084642181172967	-0,00100469507742673	-0,000529875338543206	-0,00084642181172967	-0,000529875338543206	-0,00116296834312379	-0,000529875338543206	44788,1424868519
71	0,266599679597	0,266268450699	1,065091233902	0,946489313989	0,069343112409	0,208970591426	-0,000688148604240268	-0,000688148604240268	-0,00100469507742673	-0,000371602072846144	-0,00084642181172967	-0,000688148604240268	-0,00116296834312379	-0,000529875338543206	44788,2314548495
72	0,2667733121	0,266234859233	1,06686529961	0,945057691894	0,069343112409	0,208970591426	-0,00084642181172967	-0,000688148604240268	-0,00100469507742673	-0,000529875338543206	-0,00084642181172967	-0,00084642181172967	-0,00100469507742673	-0,000529875338543206	44788,3232275463
73	0,266182272757	2,99046E-7	1,064984873526	9,7577E-7	0,069343112409	0,208970591426	-0,000688148604240268	-0,00084642181172967	-0,00100469507742673	-0,000529875338543206	-0,00084642181172967	-0,000688148604240268	-0,00100469507742673	-0,000529875338543206	44788,422020544
74	2,67032883192187E-13	0,137998886698	1,01811410360201E-12	0,483558403939	0,060436837375	0,189654573798	-0,000688148604240268	-0,00100469507742673	-0,00100469507742673	-0,000529875338543206	-0,00084642181172967	-0,00084642181172967	-0,00100469507742673	-0,000529875338543206	44788,6211122569
75	0,272186439086	0,266482814737	1,086605503851	0,946402572377	0,060436837375	0,189654573798	-0,000529875338543206	-0,00084642181172967	-0,00100469507742673	-0,000371602072846144	-0,00084642181172967	-0,000529875338543206	-0,00100469507742673	-0,000371602072846144	44788,7143332986
76	0,266653562063	0,26649190975	1,066228171414	0,947367873355	0,060436837375	0,189654573798	-0,00084642181172967	-0,000688148604240268	-0,00100469507742673	-0,000371602072846144	-0,000529875338543206	-0,000688148604240268	-0,00100469507742673	-0,000371602072846144	44788,8057118634
77	0,266486916077	0,266409207335	1,065126789321	0,946960355144	0,060436837375	0,189654573798	-0,00084642181172967	-0,00084642181172967	-0,00100469507742673	-0,000529875338543206	-0,000688148604240268	-0,000688148604240268	-0,00100469507742673	-0,000529875338543206	44788,8968275926
78	0,266306718198	0,265909314997	1,064669122869	0,94447973279	0,060436837375	0,189654573798	-0,000688148604240268	-0,000688148604240268	-0,00100469507742673	-0,000529875338543206	-0,00100469507742673	-0,00100469507742673	-0,00116296834312379	-0,000529875338543206	44788,9879856019
79	0,265779600311	0,265466287523	1,063150542691	0,941943560234	0,060436837375	0,189654573798	-0,00084642181172967	-0,00084642181172967	-0,00100469507742673	-0,000529875338543206	-0,00084642181172967	-0,000688148604240268	-0,00100469507742673	-0,000529875338543206	44789,0796018056
80	0,265411823437	0,265255761131	1,062219067636	0,941133973667	0,060436837375	0,189654573798	-0,000529875338543206	-0,000688148604240268	-0,00116296834312379	-0,000529875338543206	-0,000688148604240268	-0,00084642181172967	-0,00100469507742673	-0,000529875338543206	44789,1714350579
81	0,265199720041	0,265147252956	1,061367004276	0,940895887113	0,060436837375	0,189654573798	-0,00084642181172967	-0,00084642181172967	-0,00116296834312379	-0,000529875338543206	-0,000688148604240268	-0,00084642181172967	-0,00116296834312379	-0,000529875338543206	44789,263129838
82	0,265161485274	0,265215714676	1,061059249265	0,941513312199	0,060436837375	0,189654573798	-0,00084642181172967	-0,000688148604240268	-0,00116296834312379	-0,000529875338543206	-0,00084642181172967	-0,00084642181172967	-0,00100469507742673	-0,000529875338543206	44789,3548514005
83	0,265224647161	0,265178732181	1,061057079743	0,941215801048	0,060436837375	0,189654573798	-0,00084642181172967	-0,00084642181172967	-0,00100469507742673	-0,000529875338543206	-0,00084642181172967	-0,00084642181172967	-0,00100469507742673	-0,000529875338543206	44789,4476539468
84	0,265207806543	0,265175710182	1,060849044782	0,94165706359	0,060436837375	0,189654573798	-0,000529875338543206	-0,00084642181172967	-0,00100469507742673	-0,000529875338543206	-0,000688148604240268	-0,00084642181172967	-0,00116296834312379	-0,000529875338543206	44789,5388295139
85	0,26519769201	0,26516402495	1,060954202289	0,941540591633	0,060436837375	0,189654573798	-0,000688148604240268	-0,00100469507742673	-0,00116296834312379	-0,000529875338543206	-0,000688148604240268	-0,000688148604240268	-0,00116296834312379	-0,000371602072846144	44789,6301583449
86	0,265225848849	0,265242852421	1,060972820023	0,942063994143	0,060436837375	0,189654573798	-0,00100469507742673	-0,000529875338543206	-0,00100469507742673	-0,000371602072846144	-0,000688148604240268	-0,00084642181172967	-0,00100469507742673	-0,000371602072846144	44789,7213823264
87	0,265301202119	0,265507591789	1,060932985828	0,943603924841	0,060436837375	0,189654573798	-0,000529875338543206	-0,00084642181172967	-0,00100469507742673	-0,000529875338543206	-0,000688148604240268	-0,00084642181172967	-0,00100469507742673	-0,000371602072846144	44789,8123981366
88	0,265497461112	0,265468872444	1,061324393951	0,94392799521	0,060436837375	0,189654573798	-0,000688148604240268	-0,000688148604240268	-0,00100469507742673	-0,000371602072846144	-0,000688148604240268	-0,000688148604240268	-0,00100469507742673	-0,000371602072846144	44789,9030752662
89	0,265342976557	0,26518339649	1,060523824256	0,942087502328	0,060436837375	0,189654573798	-0,000688148604240268	-0,000688148604240268	-0,00100469507742673	-0,000371602072846144	-0,000688148604240268	-0,000688148604240268	-0,00100469507742673	-0,000529875338543206	44789,9937136806
90	0,264952192472	0,264422674486	1,059753597498	0,9381338262	0,060436837375	0,189654573798	-0,000688148604240268	-0,000688148604240268	-0,00100469507742673	-0,000529875338543206	-0,000688148604240268	-0,00100469507742673	-0,00116296834312379	-0,000529875338543206	44790,0847382755
91	0,264329555802	0,264284409311	1,058087075512	0,93752430499	0,060436837375	0,189654573798	-0,00084642181172967	-0,000688148604240268	-0,00116296834312379	-0,000529875338543206	-0,00084642181172967	-0,00100469507742673	-0,00100469507742673	-0,000529875338543206	44790,1762758218
92	0,264239321433	0,264321884621	1,057740678318	0,938040809728	0,060436837375	0,189654573798	-0,00084642181172967	-0,000688148604240268	-0,00100469507742673	-0,000529875338543206	-0,00116296834312379	-0,000688148604240268	-0,00116296834312379	-0,000529875338543206	44790,2678151505
93	0,264304580367	0,264387801898	1,057617460619	0,938690124453	0,060436837375	0,189654573798	-0,00084642181172967	-0,00084642181172967	-0,00116296834312379	-0,000529875338543206	-0,00084642181172967	-0,00084642181172967	-0,00100469507742673	-0,000529875338543206	44790,3589639005
94	0,268091711496	0,262476082129	1,073310584327	0,921399742241	0,060436837375	0,189654573798	-0,000688148604240268	-0,00084642181172967	-0,00116296834312379	-0,000529875338543206	-0,00084642181172967	-0,00084642181172967	-0,00100469507742673	-0,000529875338543206	44791,3497760648
95	0,260602469466	0,263170792334	1,043930889265	0,934359393553	0,060436837375	0,189654573798	-0,000688148604240268	-0,000688148604240268	-0,00116296834312379	-0,000529875338543206	-0,00084642181172967	-0,000688148604240268	-0,00116296834312379	-0,000529875338543206	44791,4403728241
96	0,262957656966	0,263369931893	1,052538299344	0,935006585544	0,060436837375	0,189654573798	-0,00084642181172967	-0,00084642181172967	-0,00100469507742673	-0,000529875338543206	-0,00084642181172967	-0,00084642181172967	-0,00100469507742673	-0,000529875338543206	44791,5311478704
97	0,263344693583	0,26358312925	1,053832072318	0,935662736747	0,060436837375	0,189654573798	-0,00100469507742673	-0,00084642181172967	-0,00116296834312379	-0,000529875338543206	-0,00084642181172967	-0,000688148604240268	-0,00100469507742673	-0,000529875338543206	44791,622151875
98	0,263574612972	0,263641207843	1,054570336839	0,935785784487	0,060436837375	0,189654573798	-0,00084642181172967	-0,00084642181172967	-0,00100469507742673	-0,000529875338543206	-0,000688148604240268	-0,000688148604240268	-0,00100469507742673	-0,000371602072846144	44791,7131087153
99	0,263527845968	0,26363346304	1,054320630753	0,935678445813	0,060436837375	0,189654573798	-0,00084642181172967	-0,000688148604240268	-0,00116296834312379	-0,000529875338543206	-0,000688148604240268	-0,00084642181172967	-0,00100469507742673	-0,000371602072846144	44791,8038477778
100	0,263560295481	0,263526260571	1,054624694796	0,935021697056	0,060436837375	0,189654573798	-0,00084642181172967	-0,00084642181172967	-0,00116296834312379	-0,000529875338543206	-0,000688148604240268	-0,00084642181172967	-0,00116296834312379	-0,000529875338543206	44791,8948275926
101	0,263384293384	0,263344113627	1,054110791695	0,934064441686	0,060436837375	0,189654573798	-0,00084642181172967	-0,000688148604240268	-0,00116296834312379	-0,000529875338543206	-0,00084642181172967	-0,00084642181172967	-0,00116296834312379	-0,000371602072846144	44791,9858490741
102	0,263264431951	0,263253720666	1,05380381252	0,933925071198	0,060436837375	0,189654573798	-0,00084642181172967	-0,00084642181172967	-0,00100469507742673	-0,000529875338543206	-0,00084642181172967	-0,00084642181172967	-0,00116296834312379	-0,000529875338543206	44792,0769464236
103	0,263176877487	0,263234340224	1,05345861033	0,933909258168	0,060436837375	0,189654573798	-0,00084642181172967	-0,00100469507742673	-0,00100469507742673	-0,000529875338543206	-0,00100469507742673	-0,000529875338543206	-0,00116296834312379	-0,000529875338543206	44792,1678668056
104	0,263105578497	0,263167203286	1,053123307941	0,933795678085	0,060436837375	0,189654573798	-0,00084642181172967	-0,00084642181172967	-0,00100469507742673	-0,000529875338543206	-0,00084642181172967	-0,00084642181172967	-0,00100469507742673	-0,000529875338543206	44792,2586548148
105	0,263154536109	0,263284733356	1,053154903229	0,934507160258	0,060436837375	0,189654573798	-0,00100469507742673	-0,00084642181172967	-0,00116296834312379	-0,000529875338543206	-0,000688148604240268	-0,00084642181172967	-0,00116296834312379	-0,000529875338543206	44792,3494926505
106	0,263276783566	0,263316953628	1,053467705631	0,934750107782	0,060436837375	0,189654573798	-0,00084642181172967	-0,00084642181172967	-0,00116296834312379	-0,000529875338543206	-0,00100469507742673	-0,000688148604240268	-0,00116296834312379	-0,000529875338543206	44792,4402891435
107	0,263277702069	0,263208490595	1,053398659464	0,934138926487	0,060436837375	0,189654573798	-0,000688148604240268	-0,00084642181172967	-0,00100469507742673	-0,000529875338543206	-0,000688148604240268	-0,000688148604240268	-0,00116296834312379	-0,000529875338543206	44792,5308715625
108	0,263134907204	0,263269224468	1,052869490737	0,93426732248	0,060436837375	0,189654573798	-0,000688148604240268	-0,00084642181172967	-0,00116296834312379	-0,000529875338543206	-0,000688148604240268	-0,00084642181172967	-0,00100469507742673	-0,000529875338543206	44792,6215476968
109	0,263250240237	0,263138763646	1,053426581004	0,933605358893	0,060436837375	0,189654573798	-0,000688148604240268	-0,00084642181172967	-0,00100469507742673	-0,000529875338543206	-0,000688148604240268	-0,00100469507742673	-0,00100469507742673	-0,000529875338543206	44792,7124227662
110	0,263053666054	0,263044461831	1,05264855438	0,933193464274	0,060436837375	0,189654573798	-0,00084642181172967	-0,000688148604240268	-0,00116296834312379	-0,000529875338543206	-0,00084642181172967	-0,000529875338543206	-0,00100469507742673	-0,000529875338543206	44792,8031542014
111	0,262931063191	0,262895943016	1,052288839214	0,932682665423	0,060436837375	0,189654573798	-0,00084642181172967	-0,00084642181172967	-0,00100469507742673	-0,000529875338543206	-0,000688148604240268	-0,00084642181172967	-0,00100469507742673	-0,000529875338543206	44792,8938756829
112	0,262818681169	0,262917840349	1,051909084871	0,932654970646	0,060436837375	0,189654573798	-0,000688148604240268	-0,00084642181172967	-0,00100469507742673	-0,000529875338543206	-0,000688148604240268	-0,00084642181172967	-0,00116296834312379	-0,000529875338543206	44792,9847562616
113	0,262849699431	0,26277195753	1,052152364623	0,932142478752	0,060436837375	0,189654573798	-0,000688148604240268	-0,00084642181172967	-0,00100469507742673	-0,000529875338543206	-0,00084642181172967	-0,00084642181172967	-0,00100469507742673	-0,000529875338543206	44793,0756489699
114	0,26266599577	0,26265566471	1,051380264258	0,93167019313	0,060436837375	0,189654573798	-0,000688148604240268	-0,000688148604240268	-0,00116296834312379	-0,000529875338543206	-0,000688148604240268	-0,000688148604240268	-0,00100469507742673	-0,000529875338543206	44793,1662706134
115	0,262590511916	0,262682846115	1,051213225427	0,931988589891	0,060436837375	0,189654573798	-0,00084642181172967	-0,000688148604240268	-0,00100469507742673	-0,000529875338543206	-0,00084642181172967	-0,00100469507742673	-0,00116296834312379	-0,000529875338543206	44793,2571143056
116	0,262608844478	0,262678903777	1,051054377819	0,932126685392	0,060436837375	0,189654573798	-0,00100469507742673	-0,00084642181172967	-0,00100469507742673	-0,000529875338543206	-0,00084642181172967	-0,00084642181172967	-0,00100469507742673	-0,000529875338543206	44793,3478556366
117	0,26261703209	0,262678914796	1,050956229955	0,932240392048	0,060436837375	0,189654573798	-0,00084642181172967	-0,00084642181172967	-0,00100469507742673	-0,000529875338543206	-0,00084642181172967	-0,00084642181172967	-0,00116296834312379	-0,000529875338543206	44793,438332662
118	0,262669529881	0,262739648246	1,051096916458	0,932363851793	0,060436837375	0,189654573798	-0,00084642181172967	-0,00084642181172967	-0,00116296834312379	-0,000529875338543206	-0,00100469507742673	-0,00084642181172967	-0,00100469507742673	-0,000529875338543206	44793,5288031829
119	0,262696743177	0,262649206965	1,05122453008	0,931942159795	0,060436837375	0,189654573798	-0,000688148604240268	-0,000688148604240268	-0,00116296834312379	-0,000529875338543206	-0,00100469507742673	-0,00100469507742673	-0,00100469507742673	-0,000529875338543206	44793,619427037
120	0,262523424458	0,262450346093	1,050530867424	0,930831429009	0,060436837375	0,189654573798	-0,00084642181172967	-0,000529875338543206	-0,00100469507742673	-0,000529875338543206	-0,000688148604240268	-0,000688148604240268	-0,00116296834312379	-0,000529875338543206	44793,7099831134
121	0,262381174291	0,262449001815	1,050072646128	0,931073092985	0,060436837375	0,189654573798	-0,000688148604240268	-0,000688148604240268	-0,00100469507742673	-0,000371602072846144	-0,000688148604240268	-0,00084642181172967	-0,00116296834312379	-0,000529875338543206	44793,8005655208
122	0,262358944207	0,262293975452	1,050038297572	0,930446310733	0,060436837375	0,189654573798	-0,00084642181172967	-0,00084642181172967	-0,00100469507742673	-0,000529875338543206	-0,00084642181172967	-0,00084642181172967	-0,00100469507742673	-0,000529875338543206	44793,8912829282
123	0,26220161642	0,262247511516	1,049596114968	0,930293627602	0,060436837375	0,189654573798	-0,000688148604240268	-0,000688148604240268	-0,00116296834312379	-0,000529875338543206	-0,000688148604240268	-0,00084642181172967	-0,00116296834312379	-0,000529875338543206	44793,9819679051
124	0,262177310946	2,35255E-7	1,049361676625	7,69042E-7	0,060436837375	0,189654573798	-0,00100469507742673	-0,000688148604240268	-0,00116296834312379	-0,000529875338543206	-0,00084642181172967	-0,00084642181172967	-0,00100469507742673	-0,000529875338543206	44794,0795533796
125	0	0,136020216711	0	0,47652656673	0,061749849468	0,187191560864	-0,00084642181172967	-0,00084642181172967	-0,00100469507742673	-0,000688148604240268	-0,00084642181172967	-0,00084642181172967	-0,00116296834312379	-0,000529875338543206	44794,2762300116
126	0,268285239133	0,26222680227	1,071636490347	0,930182218121	0,061749849468	0,187191560864	-0,00084642181172967	-0,000688148604240268	-0,00116296834312379	-0,000529875338543206	-0,00084642181172967	-0,00084642181172967	-0,00116296834312379	-0,000529875338543206	44794,3684659838
127	0,26237023972	0,262208702317	1,050111133724	0,930193755527	0,061749849468	0,187191560864	-0,00100469507742673	-0,00084642181172967	-0,00116296834312379	-0,000529875338543206	-0,00084642181172967	-0,00084642181172967	-0,00116296834312379	-0,000529875338543206	44794,4593886458
128	0,262224963711	0,262194553387	1,049467486586	0,930293700683	0,061749849468	0,187191560864	-0,00100469507742673	-0,000688148604240268	-0,00116296834312379	-0,000371602072846144	-0,00084642181172967	-0,00100469507742673	-0,00116296834312379	-0,000529875338543206	44794,5499383102
129	0,262215564347	0,262257823226	1,049378008686	0,930631306039	0,061749849468	0,187191560864	-0,00084642181172967	-0,000688148604240268	-0,00100469507742673	-0,000529875338543206	-0,00084642181172967	-0,000688148604240268	-0,00100469507742673	-0,000529875338543206	44794,6405483681
130	0,262232828195	0,262048663574	1,049421950812	0,929609004467	0,061749849468	0,187191560864	-0,000688148604240268	-0,000688148604240268	-0,00100469507742673	-0,000529875338543206	-0,000688148604240268	-0,000688148604240268	-0,00100469507742673	-0,000529875338543206	44794,7310725694
131	0,261996746048	0,262004681141	1,048535284148	0,929232339134	0,061749849468	0,187191560864	-0,000688148604240268	-0,00084642181172967	-0,00100469507742673	-0,000529875338543206	-0,000688148604240268	-0,000688148604240268	-0,00100469507742673	-0,000529875338543206	44794,8216785532
132	0,261885331515	0,261748954557	1,048299310748	0,927998801869	0,061749849468	0,187191560864	-0,000688148604240268	-0,000688148604240268	-0,00116296834312379	-0,000529875338543206	-0,000688148604240268	-0,00084642181172967	-0,00100469507742673	-0,000529875338543206	44794,9123223843
133	0,261512817547	0,261560404546	1,047209736366	0,927183577504	0,061749849468	0,187191560864	-0,00084642181172967	-0,000688148604240268	-0,00100469507742673	-0,000529875338543206	-0,000688148604240268	-0,00084642181172967	-0,00116296834312379	-0,000529875338543206	44795,0028748495
134	0,261502972305	0,261540968367	1,047090947887	0,927410586189	0,061749849468	0,187191560864	-0,00100469507742673	-0,00084642181172967	-0,00116296834312379	-0,000529875338543206	-0,00084642181172967	-0,00084642181172967	-0,00116296834312379	-0,000529875338543206	44795,0936099884
135	0,261448341357	0,261515126155	1,046724679114	0,927475064196	0,061749849468	0,187191560864	-0,00100469507742673	-0,000688148604240268	-0,00116296834312379	-0,000529875338543206	-0,00084642181172967	-0,00084642181172967	-0,00116296834312379	-0,000529875338543206	44795,1841135417
136	0,261473900956	0,261490661279	1,046701911398	0,927439690244	0,061749849468	0,187191560864	-0,000688148604240268	-0,00084642181172967	-0,00116296834312379	-0,000529875338543206	-0,00084642181172967	-0,00084642181172967	-0,00116296834312379	-0,000529875338543206	44795,2746686921
137	0,261420782407	0,26145702637	1,046535337474	0,927287146891	0,061749849468	0,187191560864	-0,00084642181172967	-0,00084642181172967	-0,00116296834312379	-0,000529875338543206	-0,00084642181172967	-0,000688148604240268	-0,00100469507742673	-0,000529875338543206	44795,3652560185
138	0,261447981125	0,261484161996	1,046597803536	0,927457277732	0,061749849468	0,187191560864	-0,000688148604240268	-0,00100469507742673	-0,00116296834312379	-0,000529875338543206	-0,00084642181172967	-0,000688148604240268	-0,00116296834312379	-0,000529875338543206	44795,4558140856
139	0,261501529949	0,26156551081	1,046721599299	0,927829928891	0,061749849468	0,187191560864	-0,00084642181172967	-0,00100469507742673	-0,00116296834312379	-0,000529875338543206	-0,000688148604240268	-0,00084642181172967	-0,00116296834312379	-0,000529875338543206	44795,5461873727
140	0,26154144569	0,261544842887	1,046653807125	0,927415862617	0,061749849468	0,187191560864	-0,00084642181172967	-0,000688148604240268	-0,00116296834312379	-0,000529875338543206	-0,00084642181172967	-0,000688148604240268	-0,00100469507742673	-0,000529875338543206	44795,6366308796
141	0,261527538876	0,261397663051	1,04692740507	0,926699173826	0,061749849468	0,187191560864	-0,00084642181172967	-0,000688148604240268	-0,00100469507742673	-0,000529875338543206	-0,000688148604240268	-0,000688148604240268	-0,00100469507742673	-0,000529875338543206	44795,7272358796
142	0,261337665369	0,261396342087	1,046133690414	0,926672980604	0,061749849468	0,187191560864	-0,000688148604240268	-0,00084642181172967	-0,00116296834312379	-0,000529875338543206	-0,00084642181172967	-0,000529875338543206	-0,00100469507742673	-0,000371602072846144	44795,8177024769
143	0,261285131631	0,2611883684	1,046045520326	0,925805113392	0,061749849468	0,187191560864	-0,000688148604240268	-0,000688148604240268	-0,00100469507742673	-0,000529875338543206	-0,00084642181172967	-0,00084642181172967	-0,00100469507742673	-0,000529875338543206	44795,9081687384
144	0,261001836422	0,260808629841	1,04510465814	0,92394086523	0,061749849468	0,187191560864	-0,000688148604240268	-0,000688148604240268	-0,00100469507742673	-0,000529875338543206	-0,00084642181172967	-0,00084642181172967	-0,00116296834312379	-0,000529875338543206	44795,9988564583
145	0,260701302246	0,260862860193	1,04430043958	0,924458672357	0,061749849468	0,187191560864	-0,00084642181172967	-0,00084642181172967	-0,00116296834312379	-0,000529875338543206	-0,000688148604240268	-0,00084642181172967	-0,00116296834312379	-0,000529875338543206	44796,0896542824
146	0,260743502489	0,260865465034	1,044172430403	0,924837528721	0,061749849468	0,187191560864	-0,000688148604240268	-0,000688148604240268	-0,00100469507742673	-0,000529875338543206	-0,00084642181172967	-0,000688148604240268	-0,00116296834312379	-0,000529875338543206	44796,1800832407
147	0,260808770303	0,260871878908	1,044265394888	0,924939205715	0,061749849468	0,187191560864	-0,00084642181172967	-0,00084642181172967	-0,00116296834312379	-0,000529875338543206	-0,00084642181172967	-0,000688148604240268	-0,00116296834312379	-0,000529875338543206	44796,270506713
148	0,260777853402	0,260846075479	1,04413290918	0,924854717229	0,061749849468	0,187191560864	-0,000688148604240268	-0,00084642181172967	-0,00116296834312379	-0,000529875338543206	-0,00084642181172967	-0,00084642181172967	-0,00116296834312379	-0,000529875338543206	44796,3608974653
149	0,260828180501	0,260873200722	1,044321636056	0,924937130525	0,061749849468	0,187191560864	-0,00084642181172967	-0,000688148604240268	-0,00116296834312379	-0,000529875338543206	-0,00100469507742673	-0,000688148604240268	-0,00116296834312379	-0,000529875338543206	44796,4513627199
150	0,260871578233	0,261045020064	1,044390847045	0,925791142537	0,061749849468	0,187191560864	-0,00084642181172967	-0,000688148604240268	-0,00116296834312379	-0,000529875338543206	-0,00084642181172967	-0,00084642181172967	-0,00100469507742673	-0,000529875338543206	44796,5415843981
151	0,261045539905	0,260904258977	1,044914311922	0,925224028553	0,061749849468	0,187191560864	-0,00084642181172967	-0,000529875338543206	-0,00116296834312379	-0,000529875338543206	-0,00084642181172967	-0,00084642181172967	-0,00100469507742673	-0,000529875338543206	44796,6317242824
152	0,260871830871	0,26083959209	1,044305722331	0,924637189685	0,061749849468	0,187191560864	-0,000688148604240268	-0,00084642181172967	-0,00100469507742673	-0,000529875338543206	-0,00084642181172967	-0,000688148604240268	-0,00100469507742673	-0,000529875338543206	44796,7220260995
153	0,260781840879	0,260724686993	1,044119026454	0,924151779788	0,061749849468	0,187191560864	-0,00084642181172967	-0,000529875338543206	-0,00100469507742673	-0,000529875338543206	-0,00084642181172967	-0,00084642181172967	-0,00100469507742673	-0,000529875338543206	44796,8123287732
154	0,260669829705	0,260785465585	1,043689007019	0,924226492671	0,061749849468	0,187191560864	-0,000688148604240268	-0,00084642181172967	-0,00100469507742673	-0,000371602072846144	-0,00084642181172967	-0,00084642181172967	-0,00100469507742673	-0,000371602072846144	44796,902753669
155	0,260634792834	0,260511601536	1,043661141224	0,922873785996	0,061749849468	0,187191560864	-0,000688148604240268	-0,000688148604240268	-0,00100469507742673	-0,000371602072846144	-0,00084642181172967	-0,000688148604240268	-0,00100469507742673	-0,000529875338543206	44796,9931755556
156	0,260351122115	0,260167992312	1,042827009029	0,921312350908	0,061749849468	0,187191560864	-0,000688148604240268	-0,000688148604240268	-0,00100469507742673	-0,000529875338543206	-0,00084642181172967	-0,00084642181172967	-0,00100469507742673	-0,000529875338543206	44797,0837722454
157	0,260013452385	0,260143439698	1,041595128194	0,921650538294	0,061749849468	0,187191560864	-0,00084642181172967	-0,00084642181172967	-0,00100469507742673	-0,000529875338543206	-0,000688148604240268	-0,00084642181172967	-0,00116296834312379	-0,000529875338543206	44797,1742834838
158	0,260071882644	0,260217019761	1,041798307716	0,922084310319	0,061749849468	0,187191560864	-0,000688148604240268	-0,00084642181172967	-0,00116296834312379	-0,000529875338543206	-0,000688148604240268	-0,00084642181172967	-0,00100469507742673	-0,000529875338543206	44797,2648693171
159	0,260128105035	0,260214473622	1,041790382196	0,922294124729	0,061749849468	0,187191560864	-0,00084642181172967	-0,00084642181172967	-0,00100469507742673	-0,000529875338543206	-0,00084642181172967	-0,00084642181172967	-0,00116296834312379	-0,000529875338543206	44797,3551616551
160	0,260204565402	0,260282899105	1,041988882236	0,922573259087	0,061749849468	0,187191560864	-0,000688148604240268	-0,00084642181172967	-0,00116296834312379	-0,000529875338543206	-0,000529875338543206	-0,000688148604240268	-0,00100469507742673	-0,000529875338543206	44797,4455076968
161	0,260318659605	0,260477952003	1,042348299627	0,923255110956	0,061749849468	0,187191560864	-0,000688148604240268	-0,00084642181172967	-0,00116296834312379	-0,000529875338543206	-0,000688148604240268	-0,000688148604240268	-0,00100469507742673	-0,000529875338543206	44797,535785706
162	0,26045192452	0,26034753738	1,042801670464	0,922655297344	0,061749849468	0,187191560864	-0,00084642181172967	-0,000688148604240268	-0,00100469507742673	-0,000529875338543206	-0,000688148604240268	-0,00084642181172967	-0,00100469507742673	-0,000529875338543206	44797,6260449653
163	0,260306769063	0,260386328358	1,042259621812	0,922719585544	0,061749849468	0,187191560864	-0,000688148604240268	-0,00084642181172967	-0,00116296834312379	-0,000529875338543206	-0,000688148604240268	-0,00084642181172967	-0,00100469507742673	-0,000529875338543206	44797,7163424653
164	0,260401970097	0,260437937761	1,042759840667	0,923074361171	0,061749849468	0,187191560864	-0,000688148604240268	-0,000688148604240268	-0,00100469507742673	-0,000371602072846144	-0,000688148604240268	-0,00084642181172967	-0,00100469507742673	-0,000371602072846144	44797,8068683333
165	0,260326537567	0,260391429532	1,042270287975	0,923009061573	0,061749849468	0,187191560864	-0,000688148604240268	-0,000688148604240268	-0,00100469507742673	-0,000371602072846144	-0,000688148604240268	-0,000688148604240268	-0,00100469507742673	-0,000371602072846144	44797,8970546759
166	0,260227249492	0,260064675594	1,041904485182	0,921224477001	0,061749849468	0,187191560864	-0,00084642181172967	-0,000688148604240268	-0,00100469507742673	-0,000371602072846144	-0,00084642181172967	-0,00084642181172967	-0,00100469507742673	-0,000529875338543206	44797,9873016088
167	0,259887468091	0,259741742768	1,04109048284	0,919522890823	0,061749849468	0,187191560864	-0,00084642181172967	-0,000688148604240268	-0,00100469507742673	-0,000529875338543206	-0,000529875338543206	-0,00084642181172967	-0,00116296834312379	-0,000529875338543206	44798,07785625
168	0,259598464508	0,259515662346	1,040325094671	0,918809965992	0,061749849468	0,187191560864	-0,000688148604240268	-0,00084642181172967	-0,00116296834312379	-0,000529875338543206	-0,00100469507742673	-0,00084642181172967	-0,00100469507742673	-0,000529875338543206	44798,1685050347
169	0,259384054264	0,259637114833	1,039422685937	0,919714896949	0,061749849468	0,187191560864	-0,00084642181172967	-0,00100469507742673	-0,00116296834312379	-0,000529875338543206	-0,00100469507742673	-0,000688148604240268	-0,00100469507742673	-0,000529875338543206	44798,2589652894
170	0,259576337067	0,259695205506	1,039798197405	0,920133767114	0,061749849468	0,187191560864	-0,00084642181172967	-0,000688148604240268	-0,00100469507742673	-0,000529875338543206	-0,00084642181172967	-0,000688148604240268	-0,00116296834312379	-0,000529875338543206	44798,3492797106
171	0,2596639805	0,25976889302	1,04003152233	0,920529584469	0,061749849468	0,187191560864	-0,00084642181172967	-0,000688148604240268	-0,00116296834312379	-0,000529875338543206	-0,00100469507742673	-0,00084642181172967	-0,00116296834312379	-0,000529875338543206	44798,4395184375
172	0,259849768368	0,259848926165	1,040637392836	0,920902642153	0,061749849468	0,187191560864	-0,00084642181172967	-0,00084642181172967	-0,00100469507742673	-0,000529875338543206	-0,000688148604240268	-0,00084642181172967	-0,00100469507742673	-0,000371602072846144	44798,5298243056
173	0,259789394484	0,259805024263	1,040369372776	0,920385957301	0,061749849468	0,187191560864	-0,00084642181172967	-0,00084642181172967	-0,00100469507742673	-0,000529875338543206	-0,000688148604240268	-0,000688148604240268	-0,00100469507742673	-0,000529875338543206	44798,6201274421
174	0,259831939532	0,259876045897	1,040688995131	0,920870297276	0,061749849468	0,187191560864	-0,00084642181172967	-0,000688148604240268	-0,00100469507742673	-0,000371602072846144	-0,00084642181172967	-0,000688148604240268	-0,00100469507742673	-0,000529875338543206	44798,7105797685
175	0,259785334246	3,74705E-7	1,040275041619	1,228098E-6	0,061749849468	0,187191560864	-0,000688148604240268	-0,00084642181172967	-0,00100469507742673	-0,000371602072846144	-0,000529875338543206	-0,000688148604240268	-0,00100469507742673	-0,000529875338543206	44798,8076443171
176	0	0,135367774002	0	0,47397733561	0,063751004636	0,190733745694	-0,000688148604240268	-0,000688148604240268	-0,00100469507742673	-0,000529875338543206	-0,000688148604240268	-0,000688148604240268	-0,00100469507742673	-0,000529875338543206	44799,0031250463
177	0,266281218486	0,259391715642	1,064299339555	0,917883798677	0,063751004636	0,190733745694	-0,000688148604240268	-0,00084642181172967	-0,00100469507742673	-0,000371602072846144	-0,00084642181172967	-0,00084642181172967	-0,00100469507742673	-0,000529875338543206	44799,0955225231
178	0,259415390489	0,259160513061	1,039612791578	0,91724160405	0,063751004636	0,190733745694	-0,000688148604240268	-0,000688148604240268	-0,00100469507742673	-0,000371602072846144	-0,00084642181172967	-0,00084642181172967	-0,00100469507742673	-0,000529875338543206	44799,1864285069
179	0,259091959458	0,259232809673	1,038361683278	0,918108166036	0,063751004636	0,190733745694	-0,00084642181172967	-0,000529875338543206	-0,00116296834312379	-0,000529875338543206	-0,000688148604240268	-0,000688148604240268	-0,00116296834312379	-0,000529875338543206	44799,2770516204
180	0,259154488751	0,259159221769	1,038327884615	0,917926686962	0,063751004636	0,190733745694	-0,00084642181172967	-0,000688148604240268	-0,00116296834312379	-0,000529875338543206	-0,000688148604240268	-0,00084642181172967	-0,00116296834312379	-0,000529875338543206	44799,3674774884
181	0,259174708395	0,259312874819	1,038281581546	0,918563953111	0,063751004636	0,190733745694	-0,00084642181172967	-0,00084642181172967	-0,00116296834312379	-0,000529875338543206	-0,000688148604240268	-0,000688148604240268	-0,00100469507742673	-0,000371602072846144	44799,4578771181
182	0,259310833066	0,2592806537	1,038599679021	0,918542065291	0,063751004636	0,190733745694	-0,000688148604240268	-0,000688148604240268	-0,00100469507742673	-0,000529875338543206	-0,000529875338543206	-0,000688148604240268	-0,00100469507742673	-0,000529875338543206	44799,5480021412
183	0,259340610933	0,259299987939	1,038762009508	0,918442096932	0,063751004636	0,190733745694	-0,00084642181172967	-0,000688148604240268	-0,00100469507742673	-0,000529875338543206	-0,00084642181172967	-0,000688148604240268	-0,00100469507742673	-0,000371602072846144	44799,6384099769
184	0,259069279718	0,258891833902	1,037705509199	0,916633612768	0,063751004636	0,190733745694	-0,00084642181172967	-0,00084642181172967	-0,00100469507742673	-0,000529875338543206	-0,00084642181172967	-0,00100469507742673	-0,00100469507742673	-0,000529875338543206	44799,7287059259
185	0,258811737162	0,258744601082	1,037062873342	0,915741915508	0,063751004636	0,190733745694	-0,00084642181172967	-0,00100469507742673	-0,00116296834312379	-0,000529875338543206	-0,000688148604240268	-0,00084642181172967	-0,00116296834312379	-0,000529875338543206	44799,8192086921
186	0,258647025331	0,258670937943	1,036526395124	0,915588630742	0,063751004636	0,190733745694	-0,000688148604240268	-0,00100469507742673	-0,00100469507742673	-0,000529875338543206	-0,000688148604240268	-0,00084642181172967	-0,00100469507742673	-0,000529875338543206	44799,9096445255
187	0,258554797052	0,25861540676	1,036354907088	0,915380319897	0,063751004636	0,190733745694	-0,00100469507742673	-0,00084642181172967	-0,00116296834312379	-0,000529875338543206	-0,000688148604240268	-0,00084642181172967	-0,00100469507742673	-0,000529875338543206	44800,0001273611
188	0,258504847724	0,258576713483	1,036128970558	0,915365637364	0,063751004636	0,190733745694	-0,00100469507742673	-0,00084642181172967	-0,00116296834312379	-0,000529875338543206	-0,00100469507742673	-0,00084642181172967	-0,00100469507742673	-0,000529875338543206	44800,0905847106
189	0,258495517718	0,258611497697	1,035905236655	0,915745672395	0,063751004636	0,190733745694	-0,00100469507742673	-0,00084642181172967	-0,00116296834312379	-0,000529875338543206	-0,000688148604240268	-0,00084642181172967	-0,00100469507742673	-0,000529875338543206	44800,1808931019
190	0,258503606791	0,258570180929	1,035781678184	0,915643168424	0,063751004636	0,190733745694	-0,00100469507742673	-0,00084642181172967	-0,00100469507742673	-0,000529875338543206	-0,00100469507742673	-0,00084642181172967	-0,00116296834312379	-0,000529875338543206	44800,2710036227
191	0,25852768006	0,258554744943	1,035870309291	0,915560624175	0,063751004636	0,190733745694	-0,00084642181172967	-0,000688148604240268	-0,00116296834312379	-0,000529875338543206	-0,00084642181172967	-0,00084642181172967	-0,00116296834312379	-0,000529875338543206	44800,3612350926
192	0,258460525279	0,258528836608	1,035571062553	0,915489761523	0,063751004636	0,190733745694	-0,00084642181172967	-0,00084642181172967	-0,00116296834312379	-0,000529875338543206	-0,00084642181172967	-0,00084642181172967	-0,00116296834312379	-0,000529875338543206	44800,4512200463
193	0,258500766788	0,258554722054	1,03573111298	0,915575563639	0,063751004636	0,190733745694	-0,00084642181172967	-0,00084642181172967	-0,00116296834312379	-0,000529875338543206	-0,00084642181172967	-0,00100469507742673	-0,00100469507742673	-0,000529875338543206	44800,541374294
194	0,258532183535	0,258559898254	1,035881780839	0,915534144537	0,063751004636	0,190733745694	-0,00100469507742673	-0,00084642181172967	-0,00100469507742673	-0,000529875338543206	-0,000688148604240268	-0,000688148604240268	-0,00100469507742673	-0,000529875338543206	44800,6317091319
195	0,258418260965	0,258428156944	1,035468287684	0,915000620884	0,063751004636	0,190733745694	-0,000688148604240268	-0,00084642181172967	-0,00116296834312379	-0,000529875338543206	-0,000688148604240268	-0,00084642181172967	-0,00116296834312379	-0,000529875338543206	44800,7218501505
196	0,258381176396	0,25839582329	1,035376311327	0,914858963704	0,063751004636	0,190733745694	-0,00084642181172967	-0,00084642181172967	-0,00100469507742673	-0,000529875338543206	-0,00084642181172967	-0,00084642181172967	-0,00100469507742673	-0,000529875338543206	44800,8120624074
197	0,258296865033	0,258317025489	1,035051569586	0,914538337046	0,063751004636	0,190733745694	-0,000688148604240268	-0,000688148604240268	-0,00116296834312379	-0,000529875338543206	-0,000688148604240268	-0,00100469507742673	-0,00116296834312379	-0,000529875338543206	44800,9022660185
198	0,258217252558	0,258251144025	1,034755136863	0,914284787184	0,063751004636	0,190733745694	-0,00084642181172967	-0,000688148604240268	-0,00100469507742673	-0,000529875338543206	-0,00084642181172967	-0,00084642181172967	-0,00116296834312379	-0,000529875338543206	44800,9924313079
199	0,258154335495	0,258172398784	1,034545898727	0,913953233658	0,063751004636	0,190733745694	-0,00084642181172967	-0,00100469507742673	-0,00100469507742673	-0,000529875338543206	-0,00100469507742673	-0,000688148604240268	-0,00116296834312379	-0,000529875338543206	44801,082708669
200	0,258039883275	0,258101347481	1,034134369418	0,913673695282	0,063751004636	0,190733745694	-0,000688148604240268	-0,00084642181172967	-0,00116296834312379	-0,000529875338543206	-0,00100469507742673	-0,00084642181172967	-0,00116296834312379	-0,000529875338543206	44801,1728140741
201	0,258042471413	0,258009644361	1,034195448681	0,913245778936	0,063751004636	0,190733745694	-0,000688148604240268	-0,00084642181172967	-0,00100469507742673	-0,000529875338543206	-0,00084642181172967	-0,00084642181172967	-0,00116296834312379	-0,000529875338543206	44801,2631393634
202	0,257930414202	0,257977339741	1,033779119133	0,91311070357	0,063751004636	0,190733745694	-0,000688148604240268	-0,00084642181172967	-0,00116296834312379	-0,000529875338543206	-0,00084642181172967	-0,00100469507742673	-0,00116296834312379	-0,000529875338543206	44801,3534297569
203	0,257901632812	0,258003141476	1,033623760249	0,913287436367	0,063751004636	0,190733745694	-0,00100469507742673	-0,000688148604240268	-0,00116296834312379	-0,000529875338543206	-0,00084642181172967	-0,00100469507742673	-0,00116296834312379	-0,000688148604240268	44801,4435912847
204	0,257975189724	0,257956664402	1,033922337051	0,913099293294	0,063751004636	0,190733745694	-0,000688148604240268	-0,000688148604240268	-0,00116296834312379	-0,000529875338543206	-0,00084642181172967	-0,00084642181172967	-0,00116296834312379	-0,000529875338543206	44801,5338011111
205	0,257924824864	0,257973476877	1,033690989875	0,913156766785	0,063751004636	0,190733745694	-0,00100469507742673	-0,000688148604240268	-0,00116296834312379	-0,000529875338543206	-0,00084642181172967	-0,00084642181172967	-0,00116296834312379	-0,000529875338543206	44801,623961956
206	0,257940443248	0,257995437577	1,033752332253	0,913160539514	0,063751004636	0,190733745694	-0,00084642181172967	-0,00084642181172967	-0,00116296834312379	-0,000529875338543206	-0,000688148604240268	-0,000688148604240268	-0,00100469507742673	-0,000529875338543206	44801,7142022801
207	0,257946408204	0,25798381656	1,033782570224	0,913050329585	0,063751004636	0,190733745694	-0,00084642181172967	-0,00084642181172967	-0,00100469507742673	-0,000529875338543206	-0,000688148604240268	-0,000688148604240268	-0,00100469507742673	-0,000529875338543206	44801,8045341435
208	0,257828235554	0,257857221356	1,033346782479	0,912606349187	0,063751004636	0,190733745694	-0,00084642181172967	-0,00084642181172967	-0,00116296834312379	-0,000529875338543206	-0,00084642181172967	-0,00084642181172967	-0,00116296834312379	-0,000529875338543206	44801,8946012616
209	0,257760537881	0,257766795547	1,033165621643	0,912168387491	0,063751004636	0,190733745694	-0,00084642181172967	-0,000688148604240268	-0,00100469507742673	-0,000529875338543206	-0,00084642181172967	-0,00100469507742673	-0,00116296834312379	-0,000529875338543206	44801,9848667361
210	0,257651235447	0,257614373811	1,032814335602	0,911566335518	0,063751004636	0,190733745694	-0,00100469507742673	-0,00084642181172967	-0,00116296834312379	-0,000529875338543206	-0,00100469507742673	-0,00100469507742673	-0,00116296834312379	-0,000529875338543206	44802,0751658218
211	0,257521651931	0,257578251258	1,03234825556	0,91136721943	0,063751004636	0,190733745694	-0,00084642181172967	-0,000688148604240268	-0,00116296834312379	-0,000529875338543206	-0,00100469507742673	-0,000688148604240268	-0,00116296834312379	-0,000529875338543206	44802,1656353009
212	0,257442423323	0,257442566552	1,032024934456	0,910921019947	0,063751004636	0,190733745694	-0,00100469507742673	-0,00100469507742673	-0,00116296834312379	-0,000529875338543206	-0,00084642181172967	-0,00084642181172967	-0,00116296834312379	-0,000529875338543206	44802,2558582755
213	0,257395401377	0,257474898721	1,031908624607	0,911042569538	0,063751004636	0,190733745694	-0,000688148604240268	-0,00084642181172967	-0,00116296834312379	-0,000688148604240268	-0,00084642181172967	-0,000688148604240268	-0,00116296834312379	-0,000529875338543206	44802,3461192477
214	0,257464791255	0,257544619313	1,032100875155	0,911312585497	0,063751004636	0,190733745694	-0,00084642181172967	-0,00084642181172967	-0,00116296834312379	-0,000529875338543206	-0,00084642181172967	-0,000688148604240268	-0,00116296834312379	-0,000529875338543206	44802,4363802662
215	0,257525419739	0,257542030154	1,032284232604	0,911362105487	0,063751004636	0,190733745694	-0,00084642181172967	-0,00084642181172967	-0,00116296834312379	-0,000529875338543206	-0,000688148604240268	-0,000529875338543206	-0,00116296834312379	-0,000529875338543206	44802,5266121528
216	0,257586078727	0,257619582649	1,032511005594	0,911582890058	0,063751004636	0,190733745694	-0,00084642181172967	-0,000688148604240268	-0,00116296834312379	-0,000529875338543206	-0,000688148604240268	-0,000688148604240268	-0,00100469507742673	-0,000529875338543206	44802,6170538657
217	0,257565155067	0,257694504659	1,032389149388	0,911740199531	0,063751004636	0,190733745694	-0,00084642181172967	-0,000688148604240268	-0,00116296834312379	-0,000529875338543206	-0,00084642181172967	-0,00084642181172967	-0,00100469507742673	-0,000371602072846144	44802,707252662
218	0,257641448113	0,257531761467	1,03266855392	0,911154333182	0,063751004636	0,190733745694	-0,00084642181172967	-0,000688148604240268	-0,00100469507742673	-0,000529875338543206	-0,000688148604240268	-0,000688148604240268	-0,00100469507742673	-0,000371602072846144	44802,7975339236
219	0,257351247406	0,257256620323	1,031691036942	0,90961793222	0,063751004636	0,190733745694	-0,00084642181172967	-0,000688148604240268	-0,00116296834312379	-0,000529875338543206	-0,000529875338543206	-0,000688148604240268	-0,00100469507742673	-0,000529875338543206	44802,8878093981
220	0,257137972857	0,257042202879	1,031145291437	0,908740179898	0,063751004636	0,190733745694	-0,00084642181172967	-0,00084642181172967	-0,00116296834312379	-0,000529875338543206	-0,00084642181172967	-0,000688148604240268	-0,00116296834312379	-0,000529875338543206	44802,9783579977
221	0,256887954762	0,257087427651	1,030294196625	0,909313209845	0,063751004636	0,190733745694	-0,00084642181172967	-0,000688148604240268	-0,00116296834312379	-0,000529875338543206	-0,00084642181172967	-0,00084642181172967	-0,00116296834312379	-0,000529875338543206	44803,0686741667
222	0,257017448571	0,257091274412	1,030606107296	0,909361843118	0,063751004636	0,190733745694	-0,00084642181172967	-0,000688148604240268	-0,00116296834312379	-0,000529875338543206	-0,00084642181172967	-0,00100469507742673	-0,00116296834312379	-0,000688148604240268	44803,1590524769
223	0,257008779386	0,257018964661	1,030515973232	0,909141570075	0,063751004636	0,190733745694	-0,00084642181172967	-0,000688148604240268	-0,00116296834312379	-0,000529875338543206	-0,000688148604240268	-0,000688148604240268	-0,00116296834312379	-0,000529875338543206	44803,2493909144
224	0,256911246596	0,256950464793	1,03015283375	0,908880869215	0,063751004636	0,190733745694	-0,00100469507742673	-0,00084642181172967	-0,00116296834312379	-0,000529875338543206	-0,00084642181172967	-0,00100469507742673	-0,00116296834312379	-0,000529875338543206	44803,3396228357
225	0,25687785212	0,256959581423	1,030001843961	0,908888405358	0,063751004636	0,190733745694	-0,00084642181172967	-0,00100469507742673	-0,00116296834312379	-0,000529875338543206	-0,00100469507742673	-0,00084642181172967	-0,00116296834312379	-0,000529875338543206	44803,4298648727
226	0,257011993671	3,34015E-7	1,030524331686	1,102096E-6	0,063751004636	0,190733745694	-0,00084642181172967	-0,000688148604240268	-0,00116296834312379	-0,000688148604240268	-0,00084642181172967	-0,00100469507742673	-0,00116296834312379	-0,000529875338543206	44803,5273150694
227	8,90109610640624E-14	0,135543638255	3,39772366213258E-13	0,474367441866	0,06423920393	0,196155056357	-0,000688148604240268	-0,00084642181172967	-0,00116296834312379	-0,000529875338543206	-0,00084642181172967	-0,00084642181172967	-0,00100469507742673	-0,000371602072846144	44803,7221287847
228	0,264579681659	0,257188129567	1,058317529923	0,909407874944	0,06423920393	0,196155056357	-0,00084642181172967	-0,000688148604240268	-0,00116296834312379	-0,000371602072846144	-0,00084642181172967	-0,00084642181172967	-0,00100469507742673	-0,000529875338543206	44803,8144894792
229	0,25722342257	0,256871717219	1,03146706899	0,908044866048	0,06423920393	0,196155056357	-0,000688148604240268	-0,000688148604240268	-0,00100469507742673	-0,000529875338543206	-0,000688148604240268	-0,00084642181172967	-0,00100469507742673	-0,000371602072846144	44803,9051258102
230	0,256815058312	0,256643117362	1,030036720974	0,907131841606	0,06423920393	0,196155056357	-0,00084642181172967	-0,00084642181172967	-0,00116296834312379	-0,000529875338543206	-0,00084642181172967	-0,00084642181172967	-0,00100469507742673	-0,000529875338543206	44803,9959299537
231	0,25657030913	0,256667626743	1,029157795522	0,907533051275	0,06423920393	0,196155056357	-0,00100469507742673	-0,00100469507742673	-0,00116296834312379	-0,000529875338543206	-0,000688148604240268	-0,000688148604240268	-0,00116296834312379	-0,000529875338543206	44804,0865678588
232	0,256583245176	0,256615984278	1,029001109216	0,907395089926	0,06423920393	0,196155056357	-0,00100469507742673	-0,00084642181172967	-0,00116296834312379	-0,000529875338543206	-0,00084642181172967	-0,000688148604240268	-0,00116296834312379	-0,000529875338543206	44804,1769758449
233	0,256537435214	0,256520345391	1,028798995419	0,907096154818	0,06423920393	0,196155056357	-0,00100469507742673	-0,00084642181172967	-0,00116296834312379	-0,000529875338543206	-0,00084642181172967	-0,00100469507742673	-0,00116296834312379	-0,000529875338543206	44804,2673449884
234	0,256434093946	0,25646353224	1,028429784334	0,90688058309	0,06423920393	0,196155056357	-0,00084642181172967	-0,00084642181172967	-0,00116296834312379	-0,000529875338543206	-0,00084642181172967	-0,00084642181172967	-0,00116296834312379	-0,000529875338543206	44804,3576831944
235	0,256415660162	0,256605633999	1,028357269682	0,907496405664	0,06423920393	0,196155056357	-0,00100469507742673	-0,00100469507742673	-0,00100469507742673	-0,000529875338543206	-0,000688148604240268	-0,00084642181172967	-0,00100469507742673	-0,000529875338543206	44804,4479019213
236	0,256686568879	0,256949259543	1,029053399726	0,909429052407	0,06423920393	0,196155056357	-0,00084642181172967	-0,000688148604240268	-0,00116296834312379	-0,000529875338543206	-0,000688148604240268	-0,00084642181172967	-0,00100469507742673	-0,000529875338543206	44804,5379704398
237	0,256904728614	0,256960843047	1,029672040907	0,909451166915	0,06423920393	0,196155056357	-0,00084642181172967	-0,00084642181172967	-0,00100469507742673	-0,000529875338543206	-0,00084642181172967	-0,00084642181172967	-0,00116296834312379	-0,000529875338543206	44804,6281788773
238	0,256884428846	0,256836837638	1,029561923883	0,908995422894	0,06423920393	0,196155056357	-0,00100469507742673	-0,00084642181172967	-0,00116296834312379	-0,000529875338543206	-0,00084642181172967	-0,00084642181172967	-0,00116296834312379	-0,000529875338543206	44804,7180908796
239	0,256806556653	0,256949196173	1,029321463896	0,909367138611	0,06423920393	0,196155056357	-0,000688148604240268	-0,000688148604240268	-0,00116296834312379	-0,000529875338543206	-0,00084642181172967	-0,000529875338543206	-0,00116296834312379	-0,000529875338543206	44804,8083947685
240	0,256789155075	0,256752878686	1,029256663891	0,908444865553	0,06423920393	0,196155056357	-0,00084642181172967	-0,00084642181172967	-0,00100469507742673	-0,000529875338543206	-0,00084642181172967	-0,000688148604240268	-0,00116296834312379	-0,000529875338543206	44804,898345544
241	0,256680587742	0,256701218842	1,029029927419	0,908300555052	0,06423920393	0,196155056357	-0,00084642181172967	-0,000688148604240268	-0,00116296834312379	-0,000529875338543206	-0,00084642181172967	-0,00100469507742673	-0,00116296834312379	-0,000529875338543206	44804,9884737153
242	0,256572448842	0,256528141903	1,028547089737	0,907429006413	0,06423920393	0,196155056357	-0,00084642181172967	-0,00084642181172967	-0,00100469507742673	-0,000529875338543206	-0,000688148604240268	-0,00084642181172967	-0,00116296834312379	-0,000529875338543206	44805,0784918403
243	0,256473847925	0,256445444999	1,028360770908	0,907037437775	0,06423920393	0,196155056357	-0,00084642181172967	-0,00084642181172967	-0,00100469507742673	-0,000688148604240268	-0,00084642181172967	-0,00100469507742673	-0,00116296834312379	-0,000529875338543206	44805,1688731134
244	0,256316853768	0,256286617019	1,02779756332	0,906434525962	0,06423920393	0,196155056357	-0,00084642181172967	-0,00084642181172967	-0,00116296834312379	-0,000529875338543206	-0,00084642181172967	-0,00084642181172967	-0,00116296834312379	-0,000529875338543206	44805,2589535532
245	0,256200079698	0,25606833989	1,027432440018	0,905183870155	0,06423920393	0,196155056357	-0,00084642181172967	-0,00084642181172967	-0,00116296834312379	-0,000688148604240268	-0,00084642181172967	-0,00084642181172967	-0,00116296834312379	-0,000529875338543206	44805,3492132523
246	0,255989602356	0,255922368062	1,026927924498	0,904528300394	0,06423920393	0,196155056357	-0,00084642181172967	-0,000688148604240268	-0,00100469507742673	-0,000529875338543206	-0,000688148604240268	-0,00084642181172967	-0,00116296834312379	-0,000529875338543206	44805,4395866782
247	0,255956291685	0,256083786048	1,026842561295	0,905115528674	0,06423920393	0,196155056357	-0,00084642181172967	-0,00084642181172967	-0,00116296834312379	-0,000529875338543206	-0,00084642181172967	-0,00084642181172967	-0,00100469507742673	-0,000529875338543206	44805,5300947801
248	0,256102030202	0,25644157408	1,027116633829	0,907132463371	0,06423920393	0,196155056357	-0,00100469507742673	-0,00100469507742673	-0,00116296834312379	-0,000529875338543206	-0,00084642181172967	-0,000688148604240268	-0,00116296834312379	-0,000529875338543206	44805,6202681019
249	0,256382029674	0,256479079486	1,027906386878	0,90735516338	0,06423920393	0,196155056357	-0,00084642181172967	-0,00084642181172967	-0,00116296834312379	-0,000529875338543206	-0,00084642181172967	-0,000688148604240268	-0,00116296834312379	-0,000529875338543206	44805,7103187616
250	0,256467425969	0,25652425594	1,028204265953	0,907530464834	0,06423920393	0,196155056357	-0,00084642181172967	-0,00084642181172967	-0,00100469507742673	-0,000529875338543206	-0,00084642181172967	-0,000688148604240268	-0,00116296834312379	-0,000529875338543206	44805,8004690162
251	0,25640691192	0,25641312936	1,027955620069	0,907054015765	0,06423920393	0,196155056357	-0,00084642181172967	-0,000688148604240268	-0,00116296834312379	-0,000529875338543206	-0,00084642181172967	-0,000688148604240268	-0,00116296834312379	-0,000529875338543206	44805,8905448727
252	0,25628812365	0,256254303074	1,02755691053	0,906341305223	0,06423920393	0,196155056357	-0,00084642181172967	-0,00084642181172967	-0,00116296834312379	-0,000529875338543206	-0,00084642181172967	-0,000688148604240268	-0,00116296834312379	-0,000529875338543206	44805,9806081597
253	0,256122757944	0,256036033574	1,027042867229	0,905358273499	0,06423920393	0,196155056357	-0,00084642181172967	-0,000688148604240268	-0,00100469507742673	-0,000529875338543206	-0,00084642181172967	-0,00084642181172967	-0,00100469507742673	-0,000529875338543206	44806,0706990972
254	0,255958838915	0,255963668723	1,026562711991	0,904928875747	0,06423920393	0,196155056357	-0,00084642181172967	-0,00084642181172967	-0,00116296834312379	-0,000529875338543206	-0,00084642181172967	-0,00084642181172967	-0,00116296834312379	-0,000529875338543206	44806,1609542014
255	0,255896186415	0,255851326294	1,026414113311	0,904432047704	0,06423920393	0,196155056357	-0,000688148604240268	-0,00084642181172967	-0,00116296834312379	-0,000529875338543206	-0,00084642181172967	-0,00084642181172967	-0,00116296834312379	-0,000529875338543206	44806,2512729514
256	0,255784306123	0,255793200654	1,026174085442	0,904146209697	0,06423920393	0,196155056357	-0,00100469507742673	-0,00084642181172967	-0,00116296834312379	-0,000529875338543206	-0,000688148604240268	-0,000688148604240268	-0,00116296834312379	-0,000529875338543206	44806,3417712847
257	0,255740590751	0,255776394113	1,025918733991	0,904065634615	0,06423920393	0,196155056357	-0,00084642181172967	-0,00084642181172967	-0,00116296834312379	-0,000529875338543206	-0,00084642181172967	-0,00084642181172967	-0,00116296834312379	-0,000529875338543206	44806,4321840972
258	0,255764130505	0,255860306018	1,026014664007	0,904438243672	0,06423920393	0,196155056357	-0,000688148604240268	-0,000688148604240268	-0,00116296834312379	-0,000529875338543206	-0,00084642181172967	-0,00084642181172967	-0,00100469507742673	-0,000529875338543206	44806,5225751042
259	0,255850100504	0,255955910783	1,02623508039	0,904934026033	0,06423920393	0,196155056357	-0,00084642181172967	-0,00084642181172967	-0,00116296834312379	-0,000529875338543206	-0,00100469507742673	-0,00084642181172967	-0,00116296834312379	-0,000529875338543206	44806,6129063194
260	0,25592667157	0,256029578375	1,026431075334	0,905320932388	0,06423920393	0,196155056357	-0,00100469507742673	-0,00084642181172967	-0,00116296834312379	-0,000529875338543206	-0,000688148604240268	-0,000688148604240268	-0,00100469507742673	-0,000529875338543206	44806,7031332755
261	0,256032761737	0,25613161524	1,026729240704	0,905800619424	0,06423920393	0,196155056357	-0,000688148604240268	-0,000688148604240268	-0,00100469507742673	-0,000529875338543206	-0,000688148604240268	-0,00084642181172967	-0,00116296834312379	-0,000529875338543206	44806,7933279051
262	0,25599545596	0,255955958468	1,026531496378	0,905068089501	0,06423920393	0,196155056357	-0,00100469507742673	-0,000688148604240268	-0,00100469507742673	-0,000529875338543206	-0,00084642181172967	-0,00084642181172967	-0,00116296834312379	-0,000529875338543206	44806,8834173843
263	0,255833327854	0,25580734831	1,026022613831	0,904319394405	0,06423920393	0,196155056357	-0,00100469507742673	-0,000688148604240268	-0,00100469507742673	-0,000529875338543206	-0,00084642181172967	-0,000688148604240268	-0,00100469507742673	-0,000529875338543206	44806,9735318056
264	0,255721730912	0,255613628034	1,025723486339	0,903392908697	0,06423920393	0,196155056357	-0,00084642181172967	-0,00084642181172967	-0,00116296834312379	-0,000529875338543206	-0,00100469507742673	-0,00084642181172967	-0,00116296834312379	-0,000529875338543206	44807,0639018287
265	0,255518110882	0,255500003422	1,02511224138	0,902902896913	0,06423920393	0,196155056357	-0,00084642181172967	-0,000688148604240268	-0,00116296834312379	-0,000529875338543206	-0,000688148604240268	-0,00084642181172967	-0,00116296834312379	-0,000529875338543206	44807,154271169
266	0,255390660462	0,255375976823	1,024670651439	0,90238903797	0,06423920393	0,196155056357	-0,00084642181172967	-0,00084642181172967	-0,00116296834312379	-0,000529875338543206	-0,00100469507742673	-0,00084642181172967	-0,00116296834312379	-0,000529875338543206	44807,2445874306
267	0,255325512659	0,255339800435	1,024500927399	0,902160885109	0,06423920393	0,196155056357	-0,00100469507742673	-0,00084642181172967	-0,00116296834312379	-0,000529875338543206	-0,000688148604240268	-0,00084642181172967	-0,00116296834312379	-0,000529875338543206	44807,335058912
268	0,255270274337	0,255290727848	1,02433420519	0,901945978068	0,06423920393	0,196155056357	-0,00100469507742673	-0,00084642181172967	-0,00116296834312379	-0,000529875338543206	-0,000688148604240268	-0,00084642181172967	-0,00116296834312379	-0,000529875338543206	44807,4254876852
269	0,255282058457	0,25533725112	1,024386485191	0,902163604348	0,06423920393	0,196155056357	-0,00084642181172967	-0,00084642181172967	-0,00116296834312379	-0,000529875338543206	-0,00100469507742673	-0,00084642181172967	-0,00116296834312379	-0,000529875338543206	44807,5159723727
270	0,255366279487	0,255487095349	1,024627263092	0,902812413767	0,06423920393	0,196155056357	-0,00084642181172967	-0,00084642181172967	-0,00116296834312379	-0,000529875338543206	-0,00084642181172967	-0,00100469507742673	-0,00116296834312379	-0,000529875338543206	44807,6065287731
271	0,255447954084	0,255525811304	1,02482858008	0,903041209316	0,06423920393	0,196155056357	-0,000688148604240268	-0,000688148604240268	-0,00116296834312379	-0,000529875338543206	-0,00084642181172967	-0,00084642181172967	-0,00116296834312379	-0,000529875338543206	44807,6969133449
272	0,25553718303	0,255667934892	1,025101129393	0,903697364115	0,06423920393	0,196155056357	-0,00100469507742673	-0,000688148604240268	-0,00100469507742673	-0,000371602072846144	-0,00084642181172967	-0,00084642181172967	-0,00100469507742673	-0,000529875338543206	44807,7872852662
273	0,255570920024	0,255547795316	1,02510434074	0,903226345112	0,06423920393	0,196155056357	-0,00100469507742673	-0,00084642181172967	-0,00116296834312379	-0,000529875338543206	-0,000688148604240268	-0,000688148604240268	-0,00100469507742673	-0,000529875338543206	44807,8775403704
274	0,255329247188	0,25520678945	1,024273213822	0,901743736689	0,06423920393	0,196155056357	-0,000688148604240268	-0,00084642181172967	-0,00116296834312379	-0,000529875338543206	-0,00100469507742673	-0,00084642181172967	-0,00116296834312379	-0,000529875338543206	44807,9675601505
275	0,255164963175	0,255098234013	1,023863350227	0,901087433106	0,06423920393	0,196155056357	-0,00084642181172967	-0,00084642181172967	-0,00116296834312379	-0,000688148604240268	-0,00100469507742673	-0,00084642181172967	-0,00116296834312379	-0,000529875338543206	44808,0580575232
276	0,255013224783	0,254982064113	1,023412535558	0,900573858054	0,06423920393	0,196155056357	-0,00084642181172967	-0,00084642181172967	-0,00116296834312379	-0,000529875338543206	-0,00100469507742673	-0,00084642181172967	-0,00116296834312379	-0,000529875338543206	44808,1485503125
277	0,254899873491	2,63654E-7	1,023065919163	8,75236E-7	0,06423920393	0,196155056357	-0,00084642181172967	-0,00084642181172967	-0,00116296834312379	-0,000529875338543206	-0,00084642181172967	-0,00084642181172967	-0,00116296834312379	-0,000529875338543206	44808,2461397569
278	9,53688868543526E-14	0,135748342698	3,64179583277746E-13	0,474827894214	0,065979287028	0,199999243021	-0,00084642181172967	-0,00100469507742673	-0,00100469507742673	-0,000688148604240268	-0,00100469507742673	-0,00100469507742673	-0,00116296834312379	-0,000529875338543206	44808,4404005671
279	0,263370738394	0,255328186838	1,054213613339	0,901788226083	0,065979287028	0,199999243021	-0,00084642181172967	-0,00084642181172967	-0,00116296834312379	-0,000688148604240268	-0,00084642181172967	-0,00084642181172967	-0,00116296834312379	-0,000529875338543206	44808,5331967361
280	0,255573801876	0,255339842823	1,025470420942	0,902034827443	0,065979287028	0,199999243021	-0,00084642181172967	-0,000688148604240268	-0,00116296834312379	-0,000529875338543206	-0,00084642181172967	-0,00084642181172967	-0,00116296834312379	-0,000529875338543206	44808,6241502315
281	0,255355486744	0,255303643548	1,024524866534	0,902113294486	0,065979287028	0,199999243021	-0,00084642181172967	-0,00084642181172967	-0,00116296834312379	-0,000529875338543206	-0,000688148604240268	-0,000688148604240268	-0,00116296834312379	-0,000371602072846144	44808,7146978819
282	0,255310865341	0,255244310325	1,024315147907	0,901826047344	0,065979287028	0,199999243021	-0,00084642181172967	-0,00084642181172967	-0,00116296834312379	-0,000529875338543206	-0,00084642181172967	-0,00084642181172967	-0,00100469507742673	-0,000529875338543206	44808,8052558449
283	0,255190279627	0,255134491145	1,023830906016	0,901472939994	0,065979287028	0,199999243021	-0,00084642181172967	-0,00084642181172967	-0,00100469507742673	-0,000529875338543206	-0,000688148604240268	-0,00100469507742673	-0,00100469507742673	-0,000529875338543206	44808,8956406019
284	0,254964350311	0,254816712478	1,023036264315	0,900047105311	0,065979287028	0,199999243021	-0,00084642181172967	-0,00084642181172967	-0,00100469507742673	-0,000529875338543206	-0,00084642181172967	-0,000688148604240268	-0,00116296834312379	-0,000529875338543206	44808,9859578935
285	0,254716852092	0,25453254329	1,022311852174	0,898781810336	0,065979287028	0,199999243021	-0,00084642181172967	-0,00084642181172967	-0,00116296834312379	-0,000529875338543206	-0,00084642181172967	-0,00084642181172967	-0,00116296834312379	-0,000529875338543206	44809,0764497801
286	0,254494492792	0,254305214595	1,021649168911	0,897633005541	0,065979287028	0,199999243021	-0,00100469507742673	-0,00084642181172967	-0,00116296834312379	-0,000529875338543206	-0,00084642181172967	-0,00084642181172967	-0,00116296834312379	-0,000529875338543206	44809,1671614468
287	0,2541556899	0,253645182002	1,020735760663	0,894256928295	0,065979287028	0,199999243021	-0,00084642181172967	-0,000688148604240268	-0,00116296834312379	-0,000529875338543206	-0,00084642181172967	-0,00100469507742673	-0,00116296834312379	-0,000529875338543206	44809,2583253356
288	0,253618312994	0,253815726578	1,019027657803	0,895111312017	0,065979287028	0,199999243021	-0,00084642181172967	-0,00084642181172967	-0,00116296834312379	-0,000529875338543206	-0,00084642181172967	-0,00084642181172967	-0,00116296834312379	-0,000529875338543206	44809,3494817708
289	0,253777000074	0,253964249208	1,019414875739	0,896141319364	0,065979287028	0,199999243021	-0,00084642181172967	-0,00084642181172967	-0,00116296834312379	-0,000529875338543206	-0,00084642181172967	-0,00084642181172967	-0,00132124160882086	-0,000529875338543206	44809,4402428125
290	0,2541339405	0,254713412502	1,020507970836	0,899590484123	0,065979287028	0,199999243021	-0,00084642181172967	-0,00084642181172967	-0,00116296834312379	-0,000529875338543206	-0,00084642181172967	-0,00084642181172967	-0,00116296834312379	-0,000529875338543206	44809,5311430093
291	0,254874825606	0,256076098891	1,022492337505	0,906794857121	0,065979287028	0,199999243021	-0,00100469507742673	-0,00100469507742673	-0,00116296834312379	-0,000529875338543206	-0,00084642181172967	-0,000688148604240268	-0,00116296834312379	-0,000529875338543206	44809,6212533102
292	0,256261675582	0,257139115894	1,026231089349	0,912532588005	0,065979287028	0,199999243021	-0,000688148604240268	-0,000529875338543206	-0,00116296834312379	-0,000529875338543206	-0,000688148604240268	-0,000688148604240268	-0,00100469507742673	-0,000371602072846144	44809,7104976042
293	0,257209934459	0,25779913789	1,028684706974	0,916315643651	0,065979287028	0,199999243021	-0,00084642181172967	-0,00084642181172967	-0,00100469507742673	-0,000529875338543206	-0,00084642181172967	-0,000688148604240268	-0,00100469507742673	-0,000529875338543206	44809,7988769329
294	0,25780889834	0,258202105344	1,030110861641	0,91884362838	0,065979287028	0,199999243021	-0,00084642181172967	-0,000688148604240268	-0,00100469507742673	-0,000529875338543206	-0,00084642181172967	-0,00084642181172967	-0,00100469507742673	-0,000529875338543206	44809,8864809375
295	0,258198488941	0,258217633518	1,031086598969	0,918815263377	0,065979287028	0,199999243021	-0,00084642181172967	-0,00084642181172967	-0,00116296834312379	-0,000529875338543206	-0,000688148604240268	-0,000688148604240268	-0,00116296834312379	-0,000529875338543206	44809,9741199884
296	0,258058336569	0,257750009774	1,030769649153	0,915999531978	0,065979287028	0,199999243021	-0,000688148604240268	-0,00084642181172967	-0,00100469507742673	-0,000529875338543206	-0,00084642181172967	-0,00084642181172967	-0,00100469507742673	-0,000529875338543206	44810,0619188542
297	0,257597970668	0,257022814809	1,029857532031	0,911652768005	0,065979287028	0,199999243021	-0,00084642181172967	-0,00084642181172967	-0,00116296834312379	-0,000529875338543206	-0,00084642181172967	-0,00084642181172967	-0,00116296834312379	-0,000529875338543206	44810,1504153009
298	0,256861374278	0,2563666472	1,028094518037	0,908007521392	0,065979287028	0,199999243021	-0,000688148604240268	-0,000529875338543206	-0,00116296834312379	-0,000529875338543206	-0,00100469507742673	-0,00100469507742673	-0,00116296834312379	-0,000529875338543206	44810,2394705093
299	0,256302801551	0,255868080064	1,026719010956	0,905182888315	0,065979287028	0,199999243021	-0,00084642181172967	-0,00084642181172967	-0,00116296834312379	-0,000529875338543206	-0,00100469507742673	-0,00084642181172967	-0,00116296834312379	-0,000529875338543206	44810,329130625
300	0,255758397267	0,255494815144	1,025261845175	0,903191176645	0,065979287028	0,199999243021	-0,00084642181172967	-0,00084642181172967	-0,00116296834312379	-0,000529875338543206	-0,00100469507742673	-0,00100469507742673	-0,00100469507742673	-0,000529875338543206	44810,4190685532
301	0,25551963007	0,255680791677	1,024676992088	0,904061178955	0,065979287028	0,199999243021	-0,000688148604240268	-0,00084642181172967	-0,00116296834312379	-0,000529875338543206	-0,00084642181172967	-0,000688148604240268	-0,00100469507742673	-0,000529875338543206	44810,5091125116
302	0,255884477477	0,256608206626	1,025711432881	0,908889938579	0,065979287028	0,199999243021	-0,00084642181172967	-0,00084642181172967	-0,00116296834312379	-0,000529875338543206	-0,00084642181172967	-0,00084642181172967	-0,00116296834312379	-0,000371602072846144	44810,5990225347
303	0,256773726152	0,257540791206	1,028032387621	0,913962223904	0,065979287028	0,199999243021	-0,00084642181172967	-0,00084642181172967	-0,00100469507742673	-0,000529875338543206	-0,000688148604240268	-0,000688148604240268	-0,00100469507742673	-0,000529875338543206	44810,6882968287
304	0,257627135014	0,258297705023	1,030146754785	0,91836093986	0,065979287028	0,199999243021	-0,000688148604240268	-0,000529875338543206	-0,00116296834312379	-0,000529875338543206	-0,00084642181172967	-0,00084642181172967	-0,00100469507742673	-0,000529875338543206	44810,776634375
305	0,258416548812	0,258900846262	1,032148917633	0,921889294825	0,065979287028	0,199999243021	-0,000688148604240268	-0,000688148604240268	-0,00100469507742673	-0,000529875338543206	-0,000688148604240268	-0,000529875338543206	-0,00100469507742673	-0,000529875338543206	44810,8643950231
306	0,258878621653	0,259092069144	1,033116661583	0,922992855921	0,065979287028	0,199999243021	-0,000688148604240268	-0,000529875338543206	-0,00100469507742673	-0,000529875338543206	-0,000688148604240268	-0,00100469507742673	-0,00116296834312379	-0,000529875338543206	44810,9516592477
307	0,258988320483	0,258774326719	1,033502440334	0,921049339728	0,065979287028	0,199999243021	-0,000688148604240268	-0,00084642181172967	-0,00116296834312379	-0,000529875338543206	-0,00100469507742673	-0,000688148604240268	-0,00100469507742673	-0,000529875338543206	44811,0389936227
308	0,258679961471	0,258280931758	1,032949525817	0,917924698793	0,065979287028	0,199999243021	-0,00084642181172967	-0,00084642181172967	-0,00116296834312379	-0,000529875338543206	-0,000688148604240268	-0,00084642181172967	-0,00116296834312379	-0,000529875338543206	44811,1268499768
309	0,258145364711	0,257578251044	1,031784242104	0,91380716275	0,065979287028	0,199999243021	-0,00100469507742673	-0,00084642181172967	-0,00116296834312379	-0,000529875338543206	-0,000688148604240268	-0,000688148604240268	-0,00116296834312379	-0,000529875338543206	44811,2154189352
310	0,257435667829	0,256817416507	1,030112406748	0,909490703596	0,065979287028	0,199999243021	-0,00100469507742673	-0,00084642181172967	-0,00116296834312379	-0,000529875338543206	-0,00084642181172967	-0,00084642181172967	-0,00116296834312379	-0,000529875338543206	44811,3046320255
311	0,256742030453	0,256458414533	1,028360604949	0,907486656769	0,065979287028	0,199999243021	-0,000688148604240268	-0,00084642181172967	-0,00116296834312379	-0,000529875338543206	-0,00084642181172967	-0,00084642181172967	-0,00116296834312379	-0,000688148604240268	44811,3943724537
312	0,256541605026	0,256653398339	1,027899384834	0,90837441058	0,065979287028	0,199999243021	-0,00084642181172967	-0,00084642181172967	-0,00116296834312379	-0,000529875338543206	-0,00100469507742673	-0,000688148604240268	-0,00100469507742673	-0,000529875338543206	44811,4843064468
313	0,25678295851	0,257400026093	1,028524745942	0,912243782793	0,065979287028	0,199999243021	-0,000688148604240268	-0,00084642181172967	-0,00116296834312379	-0,000529875338543206	-0,00084642181172967	-0,00084642181172967	-0,00116296834312379	-0,000529875338543206	44811,5739763657
314	0,25755931929	0,258208555672	1,030586940024	0,916741155731	0,065979287028	0,199999243021	-0,000688148604240268	-0,00084642181172967	-0,00100469507742673	-0,000529875338543206	-0,000688148604240268	-0,00084642181172967	-0,00116296834312379	-0,000529875338543206	44811,6630943634
315	0,258346264643	0,25891513909	1,032560555139	0,920796669887	0,065979287028	0,199999243021	-0,00100469507742673	-0,000688148604240268	-0,00100469507742673	-0,000371602072846144	-0,00084642181172967	-0,000688148604240268	-0,00100469507742673	-0,000529875338543206	44811,7515510069
316	0,25897541671	0,259372335412	1,03402580071	0,923477092575	0,065979287028	0,199999243021	-0,000688148604240268	-0,000688148604240268	-0,00100469507742673	-0,000529875338543206	-0,00100469507742673	-0,000688148604240268	-0,00100469507742673	-0,000371602072846144	44811,8393422917
317	0,259386939944	0,259436887857	1,035096311292	0,923809932966	0,065979287028	0,199999243021	-0,000688148604240268	-0,000688148604240268	-0,00116296834312379	-0,000529875338543206	-0,00084642181172967	-0,000688148604240268	-0,00100469507742673	-0,000529875338543206	44811,9269952662
318	0,259337947908	0,259232816666	1,034958229077	0,922445669458	0,065979287028	0,199999243021	-0,00084642181172967	-0,00084642181172967	-0,00100469507742673	-0,000529875338543206	-0,00084642181172967	-0,000529875338543206	-0,00116296834312379	-0,000529875338543206	44812,0146368634
319	0,259166441888	0,258828473146	1,034809853378	0,919886764212	0,065979287028	0,199999243021	-0,00084642181172967	-0,000688148604240268	-0,00100469507742673	-0,000529875338543206	-0,000688148604240268	-0,00084642181172967	-0,00116296834312379	-0,000529875338543206	44812,1027045023
320	0,258774769373	0,258397144678	1,034014582412	0,917251175998	0,065979287028	0,199999243021	-0,00100469507742673	-0,00084642181172967	-0,00116296834312379	-0,000529875338543206	-0,00084642181172967	-0,00084642181172967	-0,00116296834312379	-0,000529875338543206	44812,1913646065
321	0,258273862513	0,257795209752	1,032749072455	0,913948085548	0,065979287028	0,199999243021	-0,00084642181172967	-0,00084642181172967	-0,00100469507742673	-0,000529875338543206	-0,000688148604240268	-0,00084642181172967	-0,00116296834312379	-0,000529875338543206	44812,2803015741
322	0,257709315169	0,257096454849	1,031414281767	0,909993780326	0,065979287028	0,199999243021	-0,000688148604240268	-0,00084642181172967	-0,00116296834312379	-0,000529875338543206	-0,00084642181172967	-0,00084642181172967	-0,00100469507742673	-0,000529875338543206	44812,3699546181
323	0,256957869986	0,256405439446	1,029383951469	0,906393890579	0,065979287028	0,199999243021	-0,00100469507742673	-0,000688148604240268	-0,00100469507742673	-0,000529875338543206	-0,00100469507742673	-0,000688148604240268	-0,00100469507742673	-0,000529875338543206	44812,4600126852
324	0,256350437784	0,255928790838	1,027744612304	0,903951998061	0,065979287028	0,199999243021	-0,000688148604240268	-0,00084642181172967	-0,00116296834312379	-0,000529875338543206	-0,00084642181172967	-0,00084642181172967	-0,00100469507742673	-0,000529875338543206	44812,5504414583
325	0,255932215073	0,255736360161	1,026629782735	0,90287111617	0,065979287028	0,199999243021	-0,00084642181172967	-0,00084642181172967	-0,00100469507742673	-0,000529875338543206	-0,00084642181172967	-0,00084642181172967	-0,00116296834312379	-0,000529875338543206	44812,6413316551
326	0,255833983745	0,256134159472	1,02633760635	0,90497206156	0,065979287028	0,199999243021	-0,000688148604240268	-0,00084642181172967	-0,00116296834312379	-0,000529875338543206	-0,00084642181172967	-0,00084642181172967	-0,00116296834312379	-0,000529875338543206	44812,7323359838
327	0,256110316569	0,256176843404	1,026863417836	0,905415723036	0,065979287028	0,199999243021	-0,00084642181172967	-0,00084642181172967	-0,00116296834312379	-0,000529875338543206	-0,000688148604240268	-0,00084642181172967	-0,00116296834312379	-0,000529875338543206	44812,8228662153
328	0,256039326679	2,81032E-7	1,026518092316	9,32551E-7	0,065979287028	0,199999243021	-0,00100469507742673	-0,00100469507742673	-0,00116296834312379	-0,000529875338543206	-0,000688148604240268	-0,00084642181172967	-0,00116296834312379	-0,000529875338543206	44812,9201529514
329	6,35792579029017E-15	0,137833219715	2,42975892908854E-14	0,481445734936	0,07023434341	0,207676291466	-0,00084642181172967	-0,00084642181172967	-0,00100469507742673	-0,000529875338543206	-0,000529875338543206	-0,00084642181172967	-0,00116296834312379	-0,000529875338543206	44813,1150638542
330	0,263786375811	0,252339352424	1,057580230481	0,886447796064	0,07023434341	0,207676291466	-0,00084642181172967	-0,00100469507742673	-0,00116296834312379	-0,000529875338543206	-0,000688148604240268	-0,00084642181172967	-0,00116296834312379	-0,000529875338543206	44813,2101338079
331	0,252446683276	0,250688580578	1,01648158458	0,879762039887	0,07023434341	0,207676291466	-0,00100469507742673	-0,000688148604240268	-0,00116296834312379	-0,000529875338543206	-0,000688148604240268	-0,00084642181172967	-0,00116296834312379	-0,000529875338543206	44813,3034143519
332	0,250706429429	0,249718566678	1,010535860015	0,875678639415	0,07023434341	0,207676291466	-0,00084642181172967	-0,00100469507742673	-0,00116296834312379	-0,000688148604240268	-0,00084642181172967	-0,00084642181172967	-0,00116296834312379	-0,000529875338543206	44813,3969820139
333	0,249832823684	0,018429946619	1,007571818888	0,073916750215	0,07023434341	0,207676291466	-0,00084642181172967	-0,00084642181172967	-0,00116296834312379	-0,000688148604240268	-0,00084642181172967	-0,00100469507742673	-0,00100469507742673	-0,000688148604240268	44813,4700746412
