TesterID:	Maccor#2				
Channel Number:	41				
TestName:	KAI_Zelltest_regulaer_fix_no_degass.000				
TestDesc:	Regular cycling: formation, followed by pulse, C-rate quick charge and cycling t				
StartDateTime:	44902,4346404977				
Comment:					
					
					
Cycle	AH-IN	AH-OUT	WH-IN	WH-OUT	Date
0		4,37012E-7		1,04491E-7	44903,6430996644
1	0,527951765323	0,451021270746	1,968594988376	1,654027050013	44904,0887337963
2	0,454552168027	0,45176061916	1,707464869601	1,657541472057	44904,508693287
3	0,466849769727	4,28747E-7	1,757799415524	1,369034E-6	44905,0013648611
4	0	4,37211E-7	0	1,409448E-6	44905,3075448148
5	0,457873489031	0,456728837869	1,732460374893	1,676635973634	44905,5760782407
6	0,456602462964	0,455626296617	1,727169755485	1,672739080771	44905,8504295139
7	0,45542116148	0,454603336246	1,722314018437	1,669126492191	44906,1238140278
8	0,454352267811	0,43361570184	1,718000087404	1,565543155877	44906,3132492014
9	0,433851510176	0,432414532833	1,647364352775	1,561507689506	44906,4970276852
10	0,43256827142	0,431484486127	1,642465737794	1,55835281359	44906,6801217593
11	0,431815705572	0,382044741165	1,639514458068	1,346457456274	44906,8412876505
12	0,382302293492	0,381641736409	1,46508653677	1,345160662626	44906,9889570139
13	0,381894509138	0,381365295069	1,463307687585	1,344279981945	44907,1364154514
14	0,381586802052	0,446384707588	1,461944488296	1,640082912913	44907,386717581
15	0,446258048807	0,446798929002	1,687222905263	1,64153554395	44907,6545410532
16	0,446318270749	4,35092E-7	1,687223296395	1,37389E-6	44907,9292931944
17	0,391742094996	0,392650359406	1,488183272479	1,421868959142	44908,0770692593
18	0,391699432678	0,392273096615	1,48772732667	1,420456762611	44908,2316235648
19	0,391457887027	0,391808071566	1,486574898209	1,418755448531	44908,3860281829
20	0,365214120569	0,359206048572	1,414852042727	1,292219185551	44908,5129460648
21	0,357833490638	0,350909897101	1,385837292918	1,262779294109	44908,637303044
22	0,349657187489	4,53543E-7	1,354143895858	1,38131E-6	44908,7663701273
23	0	0,245566131392	0	0,861751798621	44909,0434761806
24	0,425123043683	0,418232252843	1,63590772556	1,511188643057	44909,1520678472
25	0,418322178314	0,41741204905	1,612269589001	1,508416423884	44909,259560463
26	0,41751231991	0,416750805062	1,609159626533	1,506060426014	44909,3669147801
27	0,416893539838	0,416201851368	1,606852534771	1,504126388794	44909,4741792477
28	0,416179387932	0,415630957742	1,604155467653	1,502159945776	44909,5812094097
29	0,415620947271	0,41511684993	1,602005538309	1,500387542175	44909,6880714352
30	0,415093625406	0,414644119074	1,599959856457	1,498734366864	44909,7946466435
31	0,414601268904	0,414164875162	1,598007237226	1,497094120823	44909,9010934144
32	0,414225114609	0,413826512498	1,596542682508	1,495938831851	44910,007558669
33	0,413808895506	0,41340417859	1,594919482789	1,494454664715	44910,113810544
34	0,413427636639	0,413038640455	1,593480083821	1,493164702248	44910,2200974421
35	0,412969525331	0,412581404714	1,591696441733	1,491521711768	44910,3259393287
36	0,412651375629	0,412254506876	1,590502290361	1,490328229182	44910,4317382292
37	0,412229713253	0,411880025683	1,588918564462	1,489005487063	44910,5374804167
38	0,411939258262	0,411581584647	1,587821764965	1,487844776735	44910,6432305787
39	0,411506289794	0,41119157401	1,586209252193	1,486579393944	44910,748905787
40	0,411199114043	0,410921549933	1,58502434826	1,485646035929	44910,8545105787
41	0,410877629186	0,410606491189	1,583731838484	1,484541757733	44910,9599718981
42	0,410627670299	0,410355797961	1,582786968182	1,483680257326	44911,0655312153
43	0,410287741201	0,410045875148	1,581484396365	1,482585674164	44911,1709120139
44	0,410000429799	0,409746247301	1,580362118077	1,481533438551	44911,2762071528
45	0,409712583991	0,409469812955	1,579285494991	1,480447788323	44911,3815356944
46	0,409471173561	0,409260594386	1,578413406253	1,479618330744	44911,4866881482
47	0,409150630067	0,409132763837	1,576915845404	1,479017501411	44911,5918395602
48	0,409047837155	0,4085747821	1,576776851935	1,47699219455	44911,697002581
49	0,408481586184	0,408285379067	1,574942515586	1,476039166504	44911,8020568056
50	0,408249364855	0,408015410308	1,574022946022	1,475082827117	44911,9070354398
51	0,4079543955	0,407708020066	1,572928193558	1,473957585891	44912,0118984606
52	0,407657075058	0,407421242222	1,57182062157	1,472916481597	44912,1167140741
53	0,407369729016	0,407151303554	1,570752246686	1,471953330332	44912,2214968056
54	0,407072481708	0,406852918684	1,569647532196	1,47083386816	44912,3261314815
55	0,406864848985	0,406620443459	1,568901224606	1,46991640142	44912,4308346528
56	0,406556782217	0,406329835811	1,567794331052	1,468926337266	44912,535541331
57	0,406206270361	0,406013374082	1,566487853031	1,467750586214	44912,6400641898
58	0,405986969268	0,405780886989	1,565692648646	1,466919274975	44912,7446958796
59	0,405699628343	0,405479945592	1,564649069017	1,465693376384	44912,8491433796
60	0,405459068189	0,405295244458	1,563805349863	1,465046193415	44912,9536216667
61	0,405228702046	0,405069193069	1,562894286732	1,464276065607	44913,0579937037
62	0,404984488426	0,404725614576	1,561924156805	1,462923272631	44913,1622964699
63	0,404631311121	0,40444921329	1,560791575661	1,461851277783	44913,2665409259
64	0,404441807487	0,404285210595	1,560127124181	1,46120136255	44913,3708867593
65	0,404211117816	0,404029455188	1,559235192998	1,460245552851	44913,4750460532
66	0,40395348143	0,403778818762	1,558307086333	1,459303153708	44913,5791356481
67	0,40374454065	0,403594098552	1,557540712136	1,458627136086	44913,683261088
68	0,403542509631	0,403428886158	1,55679754052	1,457999497109	44913,7873654051
69	0,403350222823	0,40330996052	1,555877581681	1,45793226304	44913,8912008681
70	0,4032270914	0,403147219027	1,555337065733	1,45740680663	44913,9951332639
71	0,403070885708	0,402929021371	1,554712945928	1,456613788268	44914,0989635069
72	0,402851221287	0,40273264666	1,553890316745	1,455868192288	44914,2027189815
73	0,402660191199	4,30018E-7	1,553178910981	1,369833E-6	44914,3134175694
74	0	0,232271868276	0	0,815106820455	44914,5784343056
75	0,408696245391	0,403130443214	1,573956841157	1,457185877968	44914,6831425463
76	0,402988723842	0,402750684943	1,554334001603	1,455853170248	44914,7870464236
77	0,402652057538	0,402443277962	1,553019209917	1,454786739432	44914,8907185764
78	0,402384361899	0,402219816793	1,552013650159	1,45402187945	44914,9944139699
79	0,4021132625	0,401951138054	1,550957198464	1,453027000381	44915,0979123611
80	0,401902113034	0,401766490749	1,550186269072	1,452357804239	44915,2014346759
81	0,401707727177	0,401574033369	1,549444948008	1,45166464857	44915,3049399653
82	0,386987435648	0,387063754134	1,487565421688	1,393359473202	44915,3916156482
83	0,401477300549	0,401319594691	1,548704852185	1,450616249446	44915,4952715741
84	0,40116755456	0,401053445135	1,547474143411	1,449704030452	44915,5986037731
85	0,401061448389	0,400926985356	1,547067615197	1,449215915486	44915,7019633218
86	0,400850794194	0,400764153155	1,546284648403	1,448681046951	44915,8052903009
87	0,400668309098	0,40058977581	1,54556013212	1,448063753019	44915,9085126042
88	0,400557990187	0,400461888676	1,545162892902	1,447629370161	44916,0118800116
89	0,400342194163	0,400255266684	1,544344922637	1,446889195494	44916,1150314468
90	0,400181083149	0,400086079948	1,543743141438	1,446258779648	44916,2182081019
91	0,40000398364	0,399934985749	1,543083906033	1,445693514266	44916,3213118403
92	0,399912906024	0,399796719091	1,542747106074	1,445184132775	44916,4244739468
93	0,399711516405	0,39963791061	1,542009095184	1,444613692359	44916,5275650231
94	0,399536444676	0,399472530574	1,541324168457	1,444024846562	44916,630489537
95	0,399412605066	0,39932664712	1,540865523331	1,443371468858	44916,7334638079
96	0,399221028853	0,399167699188	1,540156643483	1,442865640982	44916,8363982986
97	0,399093385445	0,399056660769	1,539676875329	1,442516504145	44916,939356713
98	0,398961582128	0,398886127423	1,539157406617	1,441897582962	44917,0422361921
99	0,398774174666	0,39871954871	1,538423738673	1,441272134725	44917,1449219676
100	0,39869273454	0,398627753613	1,538148901072	1,440955843345	44917,2477609259
101	0,398601991896	0,398565796052	1,537828369608	1,440609306847	44917,3507024421
102	0,398429862105	0,398357853731	1,537166811555	1,439908390421	44917,4535142477
103	0,398295979633	0,398193798054	1,536614985699	1,439306588438	44917,556138588
104	0,398103701681	0,398050479598	1,535946140937	1,438814374478	44917,6587704514
105	0,397974048061	0,397885151064	1,535450110918	1,438179239026	44917,7612820949
106	0,397794952142	0,397754594873	1,534806823053	1,437723498668	44917,8638027662
107	0,39767110869	0,397612521299	1,534337815154	1,437208397225	44917,9663453588
108	0,397509717275	0,397469160244	1,533737417569	1,436688308793	44918,0687474768
109	0,397371192782	0,397325819325	1,533215614586	1,436162308948	44918,1710972454
110	0,397260048903	0,397228993837	1,532808006298	1,435809189316	44918,2735070833
111	0,397194207852	0,39713725342	1,53257214159	1,43545938384	44918,3758436227
112	0,39698643688	0,396953785934	1,531792042299	1,434802901262	44918,4781767708
113	0,396900694664	0,396833767158	1,531446151753	1,434345932863	44918,5804470833
114	0,396746915093	0,396714843851	1,530894945664	1,43392609934	44918,6827602662
115	0,396647272602	0,39659468711	1,53053909912	1,433487678561	44918,7850690972
116	0,396484209975	0,396441044865	1,529910779636	1,432927664015	44918,8872630787
117	0,396383804614	0,396350580904	1,529571798109	1,432614169854	44918,989575544
118	0,396217135944	0,396187878408	1,528939948913	1,43199464633	44919,0916756018
119	0,39611034685	0,396065179766	1,528557294411	1,431546723766	44919,193819294
120	0,395961908068	0,395934745648	1,528009445347	1,431055013054	44919,2958597569
121	0,395899837889	0,395863698581	1,527800385585	1,430813490365	44919,3980779167
122	0,395766341971	0,395737151273	1,527283934747	1,430323717024	44919,5001802778
123	0,395621509698	0,395600224864	1,526754788169	1,429824252543	44919,6022567245
124	0,395519921273	4,48244E-7	1,52639991646	1,422718E-6	44919,7113992361
125	0	0,226393875652	0	0,794469415229	44919,9724739352
126	0,401032390007	0,396038107081	1,545420332644	1,431345536135	44920,075310787
127	0,395951387264	0,395766761615	1,527906915902	1,430378983897	44920,1774468981
128	0,395667521228	0,395530439211	1,526831155782	1,429543206755	44920,279501956
129	0,395404482426	0,395300516273	1,525848717912	1,428675792971	44920,3813743866
130	0,39525235109	0,395177797706	1,525336920194	1,428229485002	44920,4833887963
131	0,395071509751	0,395015063419	1,524672640585	1,42761816657	44920,5853683102
132	0,394930451467	0,394888516534	1,524141849977	1,42715415453	44920,6873333681
133	0,394788003779	0,394730935344	1,523608143209	1,426582970337	44920,7892454167
134	0,394608901499	0,394578524208	1,522951929764	1,426037080942	44920,8910502315
135	0,394483039392	0,394455745032	1,52250350712	1,425594714126	44920,992916956
136	0,394388887856	0,394361533924	1,522168274386	1,425258628291	44921,0948329398
137	0,394229496895	0,394207771727	1,521570534378	1,424676733532	44921,1965922917
138	0,39409612289	0,39407091335	1,521066695464	1,424165651228	44921,2982386458
139	0,394001305381	0,393980468888	1,520736984476	1,423829333714	44921,3999679398
140	0,39389155775	0,393875901565	1,520341744319	1,423432192376	44921,5016818403
141	0,393777877862	0,393771252228	1,5199199581	1,423057507442	44921,6033910069
142	0,393650110322	0,393635646148	1,519426745808	1,422550247428	44921,7049465162
143	0,393567581295	0,393555583967	1,519144738141	1,422262203883	44921,8066203935
144	0,393421951837	0,393417287215	1,518587167151	1,421758623627	44921,9081542824
145	0,39334409469	0,393328252728	1,518318011301	1,421462333666	44922,0097988542
146	0,393188521319	0,393178369713	1,517724036659	1,420921219114	44922,1112937731
147	0,393104129623	0,393104701066	1,517424948365	1,420671241109	44922,2129352199
148	0,393006088247	0,39299492427	1,517053747689	1,420258226323	44922,3145352778
149	0,392857590586	0,392860635128	1,516476012694	1,419739170485	44922,4159055324
150	0,392808858864	0,392788317326	1,516295635023	1,4194507512	44922,5173480787
151	0,392676599103	0,392684906723	1,515797448786	1,419063393428	44922,6186915046
152	0,392605995598	0,392597141489	1,515555985156	1,418754154164	44922,7201060185
153	0,392472289479	0,392476996615	1,515051252657	1,418308769418	44922,8213877894
154	0,392391826898	0,392399505581	1,514759144853	1,41807268521	44922,9227562153
155	0,392238979695	0,39225483098	1,514193808559	1,417539423104	44923,0239907292
156	0,392155629872	0,392166996661	1,513876502773	1,4172411964	44923,1252395023
157	0,392074080136	0,39209207995	1,513588415888	1,416966123642	44923,2265430903
158	0,391973531191	0,391979720565	1,513204531186	1,416538598607	44923,3277300463
159	0,391902504938	0,391929388891	1,512950378955	1,416350241159	44923,4289643287
160	0,391838776428	0,39183887852	1,512711994802	1,415996054185	44923,5301841667
161	0,391749795389	0,391765272391	1,512406597347	1,415734224253	44923,6314309722
162	0,391669443093	0,391699481212	1,512084964993	1,415425777951	44923,7326707986
163	0,391541290597	0,391566411943	1,51160775736	1,414997927981	44923,8337865741
164	0,391464618419	0,391490218562	1,511315966928	1,414740638134	44923,9349103819
165	0,391371288712	0,391389402842	1,510951168994	1,414380590063	44924,0359403125
166	0,391286829185	0,391300309438	1,510624423722	1,414066330959	44924,1369140741
167	0,391201332523	0,391238347212	1,51031599085	1,413829905712	44924,2379173843
168	0,391119427297	0,391163431139	1,509995539797	1,413463726976	44924,3388246759
169	0,391048357281	0,391098835246	1,50976216027	1,413308177289	44924,439784537
170	0,390959233465	0,390994166833	1,5093950959	1,412913041778	44924,5406128356
171	0,390913811722	0,390955470591	1,509239865261	1,412755040886	44924,6415767477
172	0,390857439609	0,390879286956	1,509043931819	1,412491123369	44924,7425077662
173	0,390808615277	0,39081594803	1,508854499701	1,412260855117	44924,8434972222
174	0,390664512274	0,39069843152	1,508299756537	1,411850384648	44924,9443665972
175	0,390582458752	4,5545E-7	1,507982239377	1,443006E-6	44925,0521698264
176	0	0,222478394992	0	0,780709458448	44925,3102469907
177	0,395919129472	0,391185339913	1,526512964325	1,413543787782	44925,4118835417
178	0,391086084489	0,390961909686	1,509818964672	1,412769544067	44925,5128678819
179	0,39092674471	0,390848331914	1,509263670973	1,412327429592	44925,6139249884
180	0,39070811973	0,390667369876	1,508429751359	1,411714112213	44925,7149021296
181	0,390575303802	0,390527969174	1,507891018388	1,411174910644	44925,8157073611
182	0,390406675864	0,390400073562	1,507284504828	1,410726303181	44925,9164923958
183	0,390303818421	0,390307023411	1,506907782918	1,410378402559	44926,0172474537
184	0,390220519326	0,390211541989	1,506607338654	1,410024212026	44926,1180954977
185	0,390089786384	0,390091359814	1,506132350433	1,409579897724	44926,2188142477
186	0,390024240999	0,39003712056	1,505902018094	1,409366023588	44926,3196399768
187	0,389945504422	0,38995062098	1,505607048431	1,40904818132	44926,4204205324
188	0,389875848258	0,389894949923	1,505359565001	1,40879126397	44926,5211798032
189	0,389768501005	0,389781375966	1,504975683825	1,408365287331	44926,6219141782
190	0,389665074172	0,389688341921	1,504579512729	1,408024013872	44926,7225810764
191	0,389583575041	0,389608206834	1,504278281075	1,407798616988	44926,8232912384
192	0,389497758561	0,389524365291	1,503945341966	1,407508273206	44926,9240058449
193	0,389402462348	0,389426190229	1,5035851142	1,407148472125	44927,0246305787
194	0,389294288304	0,389337022652	1,503177839551	1,406823984696	44927,1251575579
195	0,389215383369	0,389250495732	1,502904264682	1,406510717523	44927,2256978819
196	0,389143193035	0,389188528419	1,502629015405	1,406247265816	44927,326182963
197	0,389083742303	0,389125235904	1,502436722854	1,40603030077	44927,4267033218
198	0,389043050784	0,389060696602	1,502278383973	1,40578848856	44927,5272694329
199	0,388920800499	0,388954750456	1,501814745497	1,405399206383	44927,6277154514
200	0,388879089438	0,388895297915	1,501663449689	1,405150288227	44927,7281686343
201	0,388782395385	0,38881263471	1,501317844381	1,404877186904	44927,8286428125
202	0,388712464376	0,38874543525	1,501058767312	1,404637985398	44927,9291755093
203	0,388622595159	0,388662825237	1,500714042746	1,404338264917	44928,0296232755
204	0,388554750956	0,388587911492	1,500446987959	1,404061020912	44928,1300163426
205	0,388497524039	0,388538842504	1,500244020218	1,403872365886	44928,2304759491
206	0,388422884013	0,388465185089	1,499970034493	1,403548278986	44928,3308521528
207	0,388368462155	0,388407055418	1,49981342856	1,403370784957	44928,431332662
208	0,38830470488	0,388347625556	1,499554426039	1,403163485852	44928,5317947569
209	0,388226449915	0,388253400036	1,499267212499	1,402797687813	44928,6321772685
210	0,388164841708	0,388184890628	1,499046210133	1,40250412867	44928,7325116204
211	0,388086688451	0,388147442235	1,498766520071	1,402396314053	44928,8328870023
212	0,387989361771	0,388033765278	1,498366468603	1,401992380746	44928,9330842708
213	0,387967485298	0,388004009974	1,498318631652	1,401899984117	44929,0334803704
214	0,387878173809	0,387923959026	1,497977739933	1,401617135107	44929,1337964468
215	0,387791230141	0,38783233411	1,497645355585	1,401268241231	44929,2340291435
216	0,3876976497	0,38773797571	1,497274273724	1,400838414031	44929,3341112732
217	0,387757526781	0,387771561664	1,497564699935	1,400848388835	44929,4344514815
218	0,387630354884	0,387648840981	1,4971054836	1,400490958863	44929,5347584375
219	0,3875068589	0,387563559152	1,49663321624	1,400203962042	44929,6349315278
220	0,387450644989	0,38748867826	1,496405482308	1,399910049684	44929,7351408681
221	0,387372762998	0,387420214845	1,496146190388	1,399692325863	44929,8353344676
222	0,387314983137	0,387353085533	1,495924046294	1,39948417876	44929,9356221296
223	0,387247792613	0,387298866415	1,495698734014	1,399285087678	44930,0359190394
224	0,387152729951	0,387207141678	1,495319263589	1,398939144663	44930,1360543982
225	0,387091995226	0,387138638633	1,495112555432	1,398684855979	44930,2362037153
226	0,387048647582	5,50819E-7	1,494947666599	1,743594E-6	44930,343362581
227	1,90737773708705E-14	0,219967208453	7,14598455575179E-14	0,771858155475	44930,5996442477
228	0,392202730627	0,387657869873	1,512885546242	1,400461688478	44930,7004628935
229	0,387559724959	0,387468036407	1,496827868617	1,39981276792	44930,8007528125
230	0,387381421207	0,387333746206	1,496142686655	1,39933064548	44930,9010435417
231	0,387236530997	0,387230406813	1,495624562722	1,398967599707	44931,0014210417
232	0,387091092088	0,387110245831	1,495072589199	1,398538488757	44931,101642338
233	0,387004722282	0,387026327569	1,49473929728	1,3982420737	44931,2018642708
234	0,38689368211	0,386920345819	1,494311397676	1,397859229545	44931,3020076852
235	0,386838920835	0,386832564693	1,494107302586	1,397508042485	44931,402136412
236	0,386695897037	0,386734367801	1,49357875573	1,397149175725	44931,5021588194
237	0,386628069282	0,386669824471	1,493327366929	1,396897337128	44931,6021675
238	0,386538954708	0,386581939286	1,492992898193	1,396536532272	44931,7020924074
239	0,386469753518	0,386504462663	1,492763889895	1,396267726208	44931,8020553125
240	0,386422127612	0,386473456331	1,492607289492	1,39617199554	44931,9021030671
241	0,386328978066	0,386373992303	1,492247120106	1,39580168264	44932,0020355556
242	0,386257766075	0,386306885881	1,491976226213	1,395551954751	44932,1019538889
243	0,386199669842	0,386246120642	1,491751569323	1,395337161434	44932,2019096065
244	0,386130276265	0,386175136095	1,491503056699	1,395067686983	44932,3017976389
245	0,386116235481	0,386142839527	1,49144012695	1,394916369696	44932,4017248495
246	0,386041378446	0,386062737715	1,491173087343	1,394624889572	44932,5016001389
247	0,385944103246	0,386018802118	1,490841533302	1,394431793695	44932,6014771875
248	0,385893042529	0,385955514265	1,490678353632	1,394233913747	44932,7013685764
249	0,385834220796	0,385890969239	1,490446770258	1,394007266983	44932,8012509028
250	0,385780222459	0,385835305811	1,490244202636	1,393806817534	44932,901123912
251	0,38574616199	0,385797950454	1,490132043595	1,393676860328	44933,0011347685
252	0,385642887477	0,385691980574	1,489729373972	1,393271047697	44933,100938912
253	0,385585702297	0,385639052962	1,489521685533	1,393069514534	44933,2008096528
254	0,385505779102	0,385564143457	1,48922090537	1,392769941291	44933,3005651157
255	0,385510607721	0,385539608856	1,489225239534	1,392647139696	44933,4003135764
256	0,385386591222	0,385468596548	1,488783487775	1,392370430678	44933,500002662
257	0,38531504026	0,385375594928	1,488550360481	1,39208564648	44933,5996207986
258	0,385300263006	0,385379472837	1,488494894953	1,392057827518	44933,6993739236
259	0,38525921025	0,385329053428	1,488361950618	1,391937211758	44933,799203669
260	0,385177791872	0,385243799367	1,488043556962	1,39161989552	44933,8988954051
261	0,385127926579	0,385193397544	1,487854500712	1,391407332499	44933,9985226389
262	0,385113444054	0,385165056455	1,487803917017	1,391299373946	44934,0982557523
263	0,38504033367	0,385097935196	1,487536986037	1,391044417067	44934,1979560069
264	0,384978196129	0,385037174197	1,487297849425	1,390811385936	44934,2975766782
265	0,384986170418	0,385015187639	1,48730652678	1,39069268211	44934,397222037
266	0,384953380819	0,38498426375	1,487207579626	1,390556130183	44934,4968869329
267	0,384841556349	0,384910610147	1,486792878639	1,390283070059	44934,596473044
268	0,384803981955	0,38486544323	1,486683610072	1,390159477124	44934,6961242593
269	0,384788425337	0,384861522296	1,486629246665	1,390099478009	44934,7957169907
270	0,384697576721	0,384765897398	1,486279609122	1,389801038653	44934,8953203588
271	0,384671600753	0,384737477894	1,486192619454	1,389706651313	44934,9950459491
272	0,384619050607	0,384693556284	1,485997697136	1,389525294316	44935,0946937269
273	0,384577835631	0,384653566838	1,485849924496	1,389376871296	44935,194353831
274	0,384548162048	0,384603214821	1,48573016475	1,389190027047	44935,2940424653
275	0,384509444208	0,384545063959	1,485560854718	1,388902362639	44935,3935699421
276	0,384453944273	0,38452826653	1,485391437448	1,388886702233	44935,4932116782
277	0,384405872791	5,01227E-7	1,485196309557	1,585492E-6	44935,5997841551
278	6,35792579029017E-15	0,21792110588	2,38290033205321E-14	0,764612079215	44935,8547387153
279	0,389424829582	0,384950648548	1,502699449144	1,39036298778	44935,9549159375
280	0,384861630097	0,384785255163	1,486919423606	1,389776883159	44936,054586713
281	0,384643661855	0,384626430997	1,486060870247	1,389191076933	44936,1540722917
282	0,384560402193	0,3845425583	1,485761877657	1,388893983309	44936,253727037
283	0,384462037231	0,384497279272	1,48542203421	1,388627125102	44936,3533770139
284	0,384310240826	0,38434363067	1,484868376005	1,388155569441	44936,4529453472
285	0,384264271513	0,38432159601	1,484702609386	1,388021434055	44936,5525084954
286	0,384129518177	0,384185985054	1,484230547447	1,387585799105	44936,6519926505
287	0,384075593592	0,384130452385	1,483987636917	1,387422965869	44936,7515036458
288	0,384053725979	0,384107211836	1,483917178478	1,387317480523	44936,8510638889
289	0,383955797272	0,384009011343	1,483547198926	1,386940981415	44936,9504772917
290	0,383914031878	0,383970282675	1,483414283491	1,386791583784	44937,0499997569
291	0,38386447063	0,383922515363	1,483220277391	1,386612727226	44937,1494988657
292	0,383840029859	0,383903154633	1,483144488597	1,38654253538	44937,2491028009
293	0,383830897967	0,383910861289	1,483121102117	1,386469092741	44937,3487852894
294	0,383686292775	0,383751982233	1,482569379815	1,385941339712	44937,4481363657
295	0,3836685359	0,383733937803	1,482491291361	1,385855813945	44937,5475451852
296	0,383637916225	0,383704163848	1,482398262848	1,385728568631	44937,6470098495
297	0,383581394281	0,383640852684	1,482186729776	1,385492152784	44937,7464320949
298	0,383529626457	0,383593164426	1,481994945837	1,385325676022	44937,8458892593
299	0,383468640975	0,383528524877	1,481765686382	1,385086754765	44937,9453359722
300	0,383384649858	0,383444605767	1,481452986346	1,384779200024	44938,0446628357
301	0,383337314782	0,383407122404	1,481281582067	1,384649159618	44938,1439803009
302	0,38330337532	0,383373573324	1,48116425366	1,384530533024	44938,243353588
303	0,38329103422	0,38338643414	1,481134737959	1,384489437958	44938,3428691898
304	0,383240641788	0,38327143092	1,480966480802	1,384096231606	44938,4422556944
305	0,383155208023	0,383227573521	1,480680020129	1,383892409936	44938,5416190741
306	0,383146653291	0,38319918072	1,480661708936	1,383763771996	44938,6411008218
307	0,383055423451	0,38312301044	1,480325672301	1,383477225159	44938,7404691319
308	0,382999231602	0,383066115693	1,480116790347	1,383258424931	44938,839824456
309	0,382934313381	0,382997604591	1,479868477997	1,383010261327	44938,9391298611
310	0,382911335119	0,382986045247	1,479802598917	1,382963380012	44939,0385091435
311	0,382878207295	0,382957662619	1,479675721485	1,382863513599	44939,1379400116
312	0,382799362162	0,382876234966	1,4793788574	1,382549553568	44939,2371996065
313	0,382769917314	0,382863368857	1,479281165865	1,382432739192	44939,3365432986
314	0,382725404984	0,382810335065	1,479141762244	1,382283435636	44939,4358600347
315	0,382665626505	0,382758710617	1,478915042987	1,382088830598	44939,5350590046
316	0,382642804189	0,382729002998	1,478833346969	1,381978676993	44939,6343226505
317	0,382619094823	0,38269543548	1,478750130892	1,38186616239	44939,7336316319
318	0,382547758344	0,38262308504	1,478477495494	1,381583002654	44939,8328667708
319	0,382487199282	0,382558555909	1,478255544123	1,381339731282	44939,9320742708
320	0,38245527376	0,38252885062	1,478146156527	1,381237408761	44940,0313562268
321	0,382397758917	0,382459016433	1,477918283004	1,380973537084	44940,1305253356
322	0,382343770784	0,382419051997	1,477725599824	1,380831287183	44940,2297045949
323	0,382288944406	0,382389314706	1,477526733838	1,380672213098	44940,3288620949
324	0,382284393141	0,382369957154	1,47753344692	1,380589588002	44940,4280926968
325	0,382235908549	0,382322194719	1,477364313075	1,38045652507	44940,5273043519
326	0,382187065655	0,382267902484	1,477159966372	1,380252602133	44940,6264185069
327	0,382133635372	0,382230451333	1,476956832361	1,380043330109	44940,7255147106
328	0,382094747509	4,86604E-7	1,476825885669	1,539218E-6	44940,8316127893
329	0	0,216426402893	0	0,759283666421	44941,0853541435
330	0,387209056458	0,382734200388	1,494745847509	1,38187019989	44941,1854363889
331	0,382588169655	0,382536489454	1,47871321751	1,381155975572	44941,2847740625
332	0,38247921869	0,382486199107	1,478287446577	1,380898341473	44941,3839998958
333	0,38234034393	0,382347971868	1,477775589051	1,380465243635	44941,4833814699
334	0,382172385897	0,3822187714	1,477099866185	1,379993860692	44941,5825097222
335	0,382191819938	0,382191646583	1,477158106757	1,37987278061	44941,6816953819
336	0,38200903775	0,382062509691	1,476512505958	1,379406567939	44941,7807933333
337	0,381962693252	0,382019903534	1,476361571806	1,379246319476	44941,8800045949
338	0,381882945402	0,381947535293	1,476060736881	1,379000291565	44941,9791462037
339	0,381814226727	0,381893374242	1,475809387072	1,37881060454	44942,0782442708
340	0,38175615123	0,381830098895	1,475601851504	1,378577219934	44942,1772842708
341	0,38169383247	0,381777010637	1,475372261469	1,378361554569	44942,2762749769
342	0,381773159604	0,381848113228	1,475710194935	1,378596230515	44942,3754134375
343	0,381539358643	0,381632373335	1,474757633928	1,377901782689	44942,4742799884
344	0,381623483114	0,38167375114	1,475081329074	1,377940970433	44942,5732844792
345	0,381608074228	0,38166337416	1,475068243106	1,37785964106	44942,6723652662
346	0,381528911203	0,381609196152	1,474775245273	1,377660790376	44942,771406875
347	0,381492303452	0,381565210751	1,474646153212	1,37750592042	44942,8704694792
348	0,38144221557	0,381523884658	1,47448037202	1,37737778062	44942,9696015393
349	0,381373966962	0,381451632131	1,474215087691	1,377110551114	44943,0685677431
350	0,381345136168	0,38143478066	1,474125345045	1,377043764253	44943,1675840972
351	0,381324910964	0,381396012784	1,474060069486	1,376895765834	44943,2666635532
352	0,381334425196	0,381432174336	1,474121218527	1,376935889602	44943,3657295255
353	0,381237833483	0,381343042784	1,473756811288	1,376784294767	44943,4647055093
354	0,381251060875	0,381283705323	1,473735611507	1,376432328692	44943,56369125
355	0,141629192293		0,515039985053		44943,5833400579
