TesterID:	Maccor#2						
Channel Number:	63						
TestName:	KAI_Zelltest_regulaer_fix_no_degass_flag.000						
TestDesc:	Regular cycling: formation, followed by pulse, C-rate quick charge and cycling t						
StartDateTime:	45056,3208703125						
Comment:							
							
							
Cycle	AH-IN	AH-OUT	WH-IN	WH-OUT	ACR	DCIR	Date
0		2,42245E-7		5,5466E-8	0	0	45057,5710097338
1	0,519919163125	0,442227359617	1,933098531711	1,620391910147	0	0	45058,0091092361
2	0,447956150975	0,44215838681	1,682908306413	1,620633363651	0	0	45058,421816713
3	0,460957254472	3,65165E-7	1,73632399194	1,170988E-6	0	0	45058,9086773958
4	1,23343760331629E-12	3,44174E-7	4,62863206539771E-12	1,114157E-6	0,045397520065	0,13011290133	45059,2122073727
5	0,451373056146	0,447942149217	1,709203029701	1,642986874839	0,045397520065	0,13011290133	45059,4777096065
6	0,450234232716	0,446671491267	1,704178980605	1,63854747506	0,045397520065	0,13011290133	45059,749015544
7	0,449057004116	0,445865956488	1,699511619672	1,635776194902	0,045397520065	0,13011290133	45060,0195468287
8	0,44814133104	0,424496654603	1,695757494269	1,529094119649	0,045397520065	0,13011290133	45060,2075219907
9	0,426518462609	0,423539573361	1,620925152558	1,526078837136	0,045397520065	0,13011290133	45060,3894647685
10	0,425562572257	0,422652191301	1,617255290753	1,52294035705	0,045397520065	0,13011290133	45060,5710606482
11	0,424668670084	0,345386832811	1,613747745573	1,214835692216	0,045397520065	0,13011290133	45060,7298617824
12	0,347164307101	0,3409278887	1,338389459322	1,200432513167	0,045397520065	0,13011290133	45060,8672241435
13	0,342599684014	0,343748952717	1,321554627611	1,209984825699	0,045397520065	0,13011290133	45061,0033338079
14	0,345455785525	0,438097447794	1,331685205336	1,608134375794	0,045397520065	0,13011290133	45061,2425872338
15	0,440210100025	0,438884136195	1,665361216993	1,611119710123	0,045397520065	0,13011290133	45061,5075146412
16	0,441143100714	3,82533E-7	1,668460531512	1,210959E-6	0,045397520065	0,13011290133	45061,779906713
17	0,384534622139	0,3844474714	1,462372221571	1,390222086203	0,045397520065	0,13011290133	45061,924833125
18	0,384375808357	0,383775231387	1,461264731342	1,387590872905	0,045397520065	0,13011290133	45062,0764447106
19	0,38416653808	0,383296856181	1,460288443839	1,385803758578	0,045397520065	0,13011290133	45062,227911169
20	0,356526255744	0,34699013238	1,384425232825	1,24642417627	0,045397520065	0,13011290133	45062,3511523611
21	0,346373643714	0,337530370727	1,344475808734	1,21296246184	0,045397520065	0,13011290133	45062,4713962384
22	0,336882417243	3,74914E-7	1,308061511684	1,142907E-6	0,045397520065	0,13011290133	45062,5960562847
23	8,58319981689174E-13	0,238550207127	3,21267392060644E-12	0,836665180593	0,043744582683	0,114834673703	45062,8679156134
24	0,41491891997	0,407729856379	1,599457135916	1,470605779742	0,043744582683	0,114834673703	45062,9756798264
25	0,408476526177	0,406890343144	1,5770466993	1,467712733038	0,043744582683	0,114834673703	45063,082358206
26	0,407661701917	0,406124334104	1,573659105409	1,464920325467	0,043744582683	0,114834673703	45063,1887960417
27	0,406771586909	0,40553800322	1,570747115509	1,462891859136	0,043744582683	0,114834673703	45063,2948111227
28	0,406286535422	0,405023897741	1,568907338124	1,461130848962	0,043744582683	0,114834673703	45063,4009685648
29	0,405699644035	0,404671258143	1,566698871659	1,459834050095	0,043744582683	0,114834673703	45063,5069059375
30	0,405394872376	0,404181726045	1,565560326138	1,458267759318	0,043744582683	0,114834673703	45063,6127853704
31	0,40472028297	0,403475182047	1,562798927842	1,455507527515	0,043744582683	0,114834673703	45063,7181767824
32	0,40433932064	0,403388696875	1,561750715471	1,455417333979	0,043744582683	0,114834673703	45063,8239983912
33	0,404118708637	0,403060622186	1,560425836673	1,454395920307	0,043744582683	0,114834673703	45063,9294455324
34	0,403701133351	0,402839792136	1,558917435154	1,45358103345	0,043744582683	0,114834673703	45064,0347212847
35	0,403501064094	0,402378568704	1,558122586352	1,451987029484	0,043744582683	0,114834673703	45064,1399173148
36	0,403026244887	0,402002749592	1,55631170968	1,450478425725	0,043744582683	0,114834673703	45064,2450708681
37	0,402724541192	0,401878727441	1,555207183803	1,450080405123	0,043744582683	0,114834673703	45064,350380162
38	0,402476254106	0,401351810741	1,554127740816	1,448069356406	0,043744582683	0,114834673703	45064,4552540509
39	0,402006386026	0,401080599854	1,552466732162	1,447161579519	0,043744582683	0,114834673703	45064,5600818287
40	0,401717455275	0,400833755717	1,55126984557	1,446256376735	0,043744582683	0,114834673703	45064,6649192593
41	0,401513569243	0,400482550892	1,550498252271	1,445014694523	0,043744582683	0,114834673703	45064,7697327315
42	0,401149612852	0,400428216272	1,549192549413	1,445133168087	0,043744582683	0,114834673703	45064,8743177778
43	0,401098658873	0,40015955152	1,548810864627	1,44435694773	0,043744582683	0,114834673703	45064,9789821991
44	0,400796305727	0,39992329778	1,547561287908	1,443260287923	0,043744582683	0,114834673703	45065,0835434606
45	0,400567004878	0,399556370653	1,546718232714	1,441921376568	0,043744582683	0,114834673703	45065,187929919
46	0,400210872294	0,399299373754	1,545452770692	1,441094150848	0,043744582683	0,114834673703	45065,2923006366
47	0,399916419003	0,39889506287	1,544432330758	1,439447232336	0,043744582683	0,114834673703	45065,3966393171
48	0,399529999442	0,398864102739	1,543140047561	1,439408723432	0,043744582683	0,114834673703	45065,5009147917
49	0,39953817337	0,3985579506	1,542951227746	1,438434216918	0,043744582683	0,114834673703	45065,6051793634
50	0,399177223439	0,39838100783	1,541471782278	1,437782874563	0,043744582683	0,114834673703	45065,7091568634
51	0,399081328106	0,39821826676	1,541012957169	1,437332885451	0,043744582683	0,114834673703	45065,8131700347
52	0,398850680963	0,398131673506	1,540069034526	1,437393018797	0,043744582683	0,114834673703	45065,9169990741
53	0,398829013241	0,397927611641	1,539764552824	1,436533049848	0,043744582683	0,114834673703	45066,020868044
54	0,398576720249	0,397730022144	1,538971985107	1,435852026103	0,043744582683	0,114834673703	45066,1247365162
55	0,398386795972	0,397474244059	1,538159598886	1,434816193426	0,043744582683	0,114834673703	45066,228581713
56	0,398087495104	0,397252095801	1,53706349167	1,434207437782	0,043744582683	0,114834673703	45066,3321756944
57	0,39787081009	0,397033881194	1,53634161045	1,43310612163	0,043744582683	0,114834673703	45066,4358958912
58	0,397720817929	0,396864613498	1,535726965612	1,432571206492	0,043744582683	0,114834673703	45066,5395963426
59	0,397475937927	0,396749627021	1,534818784847	1,432472533566	0,043744582683	0,114834673703	45066,6430672801
60	0,397429460173	0,396678616196	1,534436396005	1,432252435203	0,043744582683	0,114834673703	45066,7465077894
61	0,397402025238	0,396820723676	1,534198805076	1,433179586627	0,043744582683	0,114834673703	45066,8499762269
62	0,397468576977	0,396784548353	1,533918228442	1,433324157514	0,043744582683	0,114834673703	45066,9530890741
63	0,397416963921	0,396552069736	1,533618168318	1,432488146231	0,043744582683	0,114834673703	45067,0561286574
64	0,397205657975	0,396369920249	1,532863282781	1,431855446121	0,043744582683	0,114834673703	45067,1591269907
65	0,397045205134	0,396209726586	1,532226529321	1,43129074707	0,043744582683	0,114834673703	45067,2621156019
66	0,396843522907	0,395946241641	1,531428850871	1,430112659636	0,043744582683	0,114834673703	45067,364990787
67	0,396601830176	0,39581444989	1,530760254894	1,429594106655	0,043744582683	0,114834673703	45067,467941713
68	0,396467940744	0,395920414897	1,530120252448	1,430545649615	0,043744582683	0,114834673703	45067,5706310764
69	0,396716142383	0,395976023223	1,530370356851	1,431313673603	0,043744582683	0,114834673703	45067,6733657523
70	0,396634418259	0,396115480722	1,529773726866	1,432348506608	0,043744582683	0,114834673703	45067,7757036458
71	0,396911953126	0,396305320969	1,530359783445	1,43360953293	0,043744582683	0,114834673703	45067,8781811227
72	0,396935538682	0,396158124177	1,529894557884	1,433108264518	0,043744582683	0,114834673703	45067,9802396065
73	0,396844404783	4,63925E-7	1,529685578948	1,470191E-6	0,043744582683	0,114834673703	45068,0894144444
74	2,63218127718013E-12	0,226446023093	9,84939187058291E-12	0,794492869601	0,045155402273	0,106949135661	45068,3508370255
75	0,401841352336	0,396359590315	1,546967967572	1,433650089183	0,045155402273	0,106949135661	45068,4538532292
76	0,396941069041	0,395730586944	1,530142927225	1,430772382237	0,045155402273	0,106949135661	45068,5562223148
77	0,396372232988	0,395693102944	1,528580248092	1,430914355647	0,045155402273	0,106949135661	45068,658623125
78	0,396466950155	0,395647846804	1,528276041322	1,43117302636	0,045155402273	0,106949135661	45068,7607538889
79	0,396348576124	0,395619477104	1,527595949396	1,431346200541	0,045155402273	0,106949135661	45068,8626752315
80	0,396325775112	0,395531624346	1,527318675854	1,431314600716	0,045155402273	0,106949135661	45068,964580787
81	0,396158788581	0,395230691637	1,526515175531	1,430032915396	0,045155402273	0,106949135661	45069,0663365972
82	0,395852344026	0,394857414214	1,525720209531	1,428194629135	0,045155402273	0,106949135661	45069,1680857407
83	0,395514426101	0,394675243109	1,524870913818	1,427519367603	0,045155402273	0,106949135661	45069,2701640625
84	0,395294479767	0,394314979298	1,523961511872	1,42579517741	0,045155402273	0,106949135661	45069,3719572222
85	0,394919068302	0,393786537333	1,523101223712	1,423141215108	0,045155402273	0,106949135661	45069,4740542014
86	0,394378375653	0,393290597083	1,521546891365	1,421272739265	0,045155402273	0,106949135661	45069,575958044
87	0,393381647037	0,39201448996	1,518937528211	1,414547676897	0,045155402273	0,106949135661	45069,6785777894
88	0,393048684674	0,392451063502	1,518126632989	1,417000500232	0,045155402273	0,106949135661	45069,7809051505
89	0,393180559757	0,392599656068	1,51816862319	1,417725045768	0,045155402273	0,106949135661	45069,8831503472
90	0,393313897582	0,39279208187	1,518153812376	1,419067703921	0,045155402273	0,106949135661	45069,985290787
91	0,393510182634	0,392886334305	1,518185076987	1,42000198861	0,045155402273	0,106949135661	45070,0870588773
92	0,393561573875	0,392846333626	1,51832264867	1,420121244616	0,045155402273	0,106949135661	45070,1889352431
93	0,393504463057	0,392761119832	1,517807674512	1,419720732986	0,045155402273	0,106949135661	45070,2905372685
94	0,391506287792	0,389504842454	1,509689212713	1,405799615075	0,045155402273	0,106949135661	45070,3873511806
95	0,391219195966	0,390517496207	1,512349688918	1,409115395833	0,045155402273	0,106949135661	45070,4896411806
96	0,391158511506	0,390512331241	1,511451014574	1,409621225645	0,045155402273	0,106949135661	45070,5915538542
97	0,38939882551	0,388840175143	1,503811561785	1,403879312634	0,045155402273	0,106949135661	45070,7140040162
98	0,391759269065	0,39082879551	1,513319875348	1,41087921881	0,045155402273	0,106949135661	45070,8174408333
99	0,391545713822	0,390666044054	1,512165737125	1,410271464466	0,045155402273	0,106949135661	45070,9194264931
100	0,391298433075	0,390440031659	1,511486696437	1,409147775779	0,045155402273	0,106949135661	45071,0213990394
101	0,391073950653	0,390308331255	1,510824060443	1,40852851639	0,045155402273	0,106949135661	45071,123364838
102	0,390946402181	0,390078359146	1,510307671924	1,407519040424	0,045155402273	0,106949135661	45071,2252606481
103	0,390783850696	0,389958208335	1,50974422215	1,40709320292	0,045155402273	0,106949135661	45071,3272524537
104	0,390240589541	0,389173486299	1,507789089532	1,403973636706	0,045155402273	0,106949135661	45071,4303639699
105	0,389843385664	0,389312432119	1,506797088576	1,405026915626	0,045155402273	0,106949135661	45071,5322553472
106	0,390097015168	0,389370510288	1,507280362767	1,405493559283	0,045155402273	0,106949135661	45071,6341759954
107	0,390027877093	0,389294324324	1,506893755715	1,405140506131	0,045155402273	0,106949135661	45071,7358661458
108	0,390147709851	0,389486763688	1,507206781638	1,405923942017	0,045155402273	0,106949135661	45071,8375660532
109	0,390150094866	0,389165145896	1,507225723874	1,404601424016	0,045155402273	0,106949135661	45071,939200625
110	0,389820422011	0,388949447964	1,506211467571	1,403513189477	0,045155402273	0,106949135661	45072,0410009606
111	0,389577389725	0,388921029094	1,505304235589	1,403416275264	0,045155402273	0,106949135661	45072,1426427315
112	0,38957363094	0,388769951003	1,505276371225	1,40285313853	0,045155402273	0,106949135661	45072,2444373495
113	0,389409559832	0,388647184966	1,504736528752	1,40249910922	0,045155402273	0,106949135661	45072,3461056366
114	0,389267612819	0,388437954744	1,504101793209	1,401605434023	0,045155402273	0,106949135661	45072,4476389931
115	0,389052404677	0,388240386862	1,503337947883	1,400730489097	0,045155402273	0,106949135661	45072,5490149769
116	0,38892227213	0,388192551947	1,502926672564	1,400604397536	0,045155402273	0,106949135661	45072,6504324537
117	0,388842353686	0,38804656931	1,502663467857	1,40011686585	0,045155402273	0,106949135661	45072,7519571528
118	0,388646829445	0,387991084751	1,502091902632	1,400036765602	0,045155402273	0,106949135661	45072,8534206829
119	0,388610682393	0,387845130724	1,501849036905	1,399423312811	0,045155402273	0,106949135661	45072,9549227662
120	0,388445929499	0,387624253626	1,501133029852	1,398444354893	0,045155402273	0,106949135661	45073,0563485995
121	0,3882364172	0,387493749147	1,500404117206	1,398034054824	0,045155402273	0,106949135661	45073,157667963
122	0,388147561086	0,387515659617	1,50008820153	1,398164360509	0,045155402273	0,106949135661	45073,2589424769
123	0,388164841273	0,387424013511	1,50009945471	1,397834167478	0,045155402273	0,106949135661	45073,3603333449
124	0,388023952542	3,64106E-7	1,499494416576	1,160815E-6	0,045155402273	0,106949135661	45073,4686149421
125	1,90737773708705E-14	0,221945506236	7,14501439846328E-14	0,778267442491	0,047382973135	0,115764081478	45073,726068206
126	0,393949273768	0,387836027445	1,520108152587	1,399361257287	0,047382973135	0,115764081478	45073,8281651389
127	0,388491252314	0,387692716833	1,501316673136	1,399008649679	0,047382973135	0,115764081478	45073,9295432986
128	0,388287681893	0,387398201817	1,500496596096	1,397755413622	0,047382973135	0,115764081478	45074,0309387731
129	0,388031723965	0,387112760194	1,49955596717	1,396572426095	0,047382973135	0,115764081478	45074,1322373148
130	0,38777028651	0,386956467332	1,49869103705	1,396148423816	0,047382973135	0,115764081478	45074,2336374653
131	0,387555434357	0,386829844578	1,497910723624	1,395737454293	0,047382973135	0,115764081478	45074,3348685532
132	0,387471632476	0,386704545332	1,497531538681	1,395221513963	0,047382973135	0,115764081478	45074,4360719792
133	0,387338955557	0,386612859379	1,497059291558	1,394946570402	0,047382973135	0,115764081478	45074,5372197222
134	0,387266385047	0,386598676967	1,49680756299	1,395068436019	0,047382973135	0,115764081478	45074,6384439352
135	0,387172110616	0,386483679044	1,496412819728	1,394564134391	0,047382973135	0,115764081478	45074,7395276505
136	0,387164688199	0,386375185069	1,496295255072	1,394193365505	0,047382973135	0,115764081478	45074,8406556481
137	0,386976634003	0,386297693396	1,495479288688	1,394018066729	0,047382973135	0,115764081478	45074,9414912963
138	0,386909808471	0,386062621172	1,495329086359	1,392986832081	0,047382973135	0,115764081478	45075,0425859028
139	0,386657742591	0,385908888008	1,49449534669	1,392269857637	0,047382973135	0,115764081478	45075,1435583218
140	0,386520685438	0,385812059555	1,494010674059	1,392044435386	0,047382973135	0,115764081478	45075,2444771991
141	0,386467456851	0,385781052377	1,493912958637	1,392018747689	0,047382973135	0,115764081478	45075,3455514468
142	0,386395846614	0,385638997452	1,493514768528	1,391371726008	0,047382973135	0,115764081478	45075,4465056713
143	0,386263067039	0,385548498949	1,49299118294	1,390985924703	0,047382973135	0,115764081478	45075,5473893981
144	0,386176257235	0,385480092753	1,492745191463	1,390927718834	0,047382973135	0,115764081478	45075,6482910417
145	0,386132979577	0,385427198838	1,492536802062	1,390671952265	0,047382973135	0,115764081478	45075,7492261343
146	0,386058426847	0,385480069652	1,492113542577	1,391080495701	0,047382973135	0,115764081478	45075,8499976273
147	0,386153544801	0,385477512706	1,492313173542	1,391249862859	0,047382973135	0,115764081478	45075,9507393287
148	0,386054707536	0,385224375282	1,491865663617	1,390136056862	0,047382973135	0,115764081478	45076,0514097222
149	0,385834180157	0,38518302058	1,491294288683	1,389868425574	0,047382973135	0,115764081478	45076,1519793403
150	0,385833216112	0,384951821814	1,491337031705	1,38886421843	0,047382973135	0,115764081478	45076,2528259144
151	0,385562737583	0,385047136024	1,490390387564	1,38956955989	0,047382973135	0,115764081478	45076,3537154514
152	0,385065196425	0,384010192878	1,48897340296	1,385049551049	0,047382973135	0,115764081478	45076,4550385764
153	0,384936233348	0,384523527564	1,488548967085	1,388274590445	0,047382973135	0,115764081478	45076,5569046991
154	0,38528446494	0,384590175157	1,489056429211	1,388081037411	0,047382973135	0,115764081478	45076,6576943981
155	0,385281293915	0,384513931335	1,489236488973	1,387470743258	0,047382973135	0,115764081478	45076,7583620718
156	0,385223760191	0,384634117957	1,489074888991	1,388188236755	0,047382973135	0,115764081478	45076,8590414005
157	0,3852637727	0,384526865048	1,488960993275	1,387731046353	0,047382973135	0,115764081478	45076,9595845139
158	0,38514588556	0,384304706195	1,488691711744	1,386494096222	0,047382973135	0,115764081478	45077,0601896181
159	0,384949023939	0,384220790475	1,488108200172	1,386172039728	0,047382973135	0,115764081478	45077,1608101852
160	0,384821691343	0,384169079346	1,487741912204	1,385946015911	0,047382973135	0,115764081478	45077,261503125
161	0,38483280831	0,38390946023	1,487590655248	1,385182987904	0,047382973135	0,115764081478	45077,3620628588
162	0,38432387954	0,383735091784	1,486361320429	1,384206361181	0,047382973135	0,115764081478	45077,4627351273
163	0,384466143274	0,383870678789	1,486515101483	1,385060337704	0,047382973135	0,115764081478	45077,5632221296
164	0,384348489153	0,383520712912	1,485776128312	1,383695010713	0,047382973135	0,115764081478	45077,6635968171
165	0,384252788876	0,383702804115	1,485798283365	1,384407041151	0,047382973135	0,115764081478	45077,7642498264
166	0,384467216366	0,383882258902	1,486170426052	1,385449868083	0,047382973135	0,115764081478	45077,8647096528
167	0,384500427456	0,383755754193	1,48605506626	1,384802988482	0,047382973135	0,115764081478	45077,9649237153
168	0,384404008134	0,383702852013	1,485793767903	1,384738078166	0,047382973135	0,115764081478	45078,0652502893
169	0,384283391268	0,38359433875	1,4853826248	1,384087389145	0,047382973135	0,115764081478	45078,1654186458
170	0,38424688276	0,38349873335	1,48522524401	1,383788235096	0,047382973135	0,115764081478	45078,2657471644
171	0,38411308073	0,383395405189	1,484806151061	1,383660088777	0,047382973135	0,115764081478	45078,3659976968
172	0,383620846426	0,382670799807	1,483577471743	1,379871900505	0,047382973135	0,115764081478	45078,4667171759
173	0,383390295638	0,382982075161	1,482723161282	1,381784850091	0,047382973135	0,115764081478	45078,5671139352
174	0,383660561345	0,383032437563	1,483227566225	1,382184278492	0,047382973135	0,115764081478	45078,6673931597
175	0,383679698428	3,97591E-7	1,483227836012	1,265616E-6	0,047382973135	0,115764081478	45078,7746553588
176	9,53688868543526E-14	0,218546040758	3,57304078574032E-13	0,766332437572	0,047224353999	0,1163713485	45079,0295729051
177	0,389695093697	0,383967548993	1,503900655669	1,385845864559	0,047224353999	0,1163713485	45079,1305730208
178	0,384587947231	0,383895273154	1,486140885323	1,385769696273	0,047224353999	0,1163713485	45079,2307409491
179	0,384610358589	0,384008952441	1,485701394101	1,386940698532	0,047224353999	0,1163713485	45079,3307784375
180	0,384181382608	0,382579050064	1,484232979065	1,379755323167	0,047224353999	0,1163713485	45079,4308781829
181	0,38313879129	0,382620430412	1,481988682762	1,380229507605	0,047224353999	0,1163713485	45079,5313768519
182	0,383287741525	0,382660463515	1,482049806911	1,38066338125	0,047224353999	0,1163713485	45079,6315903009
183	0,383425918872	0,382834829841	1,48239951914	1,381439598835	0,047224353999	0,1163713485	45079,7318911574
184	0,383533778791	0,382860693884	1,482624285016	1,381472518682	0,047224353999	0,1163713485	45079,832181794
185	0,383519743364	0,382722482961	1,482435052864	1,380971639084	0,047224353999	0,1163713485	45079,9323678588
186	0,383328928479	0,382650151594	1,481799148578	1,380714304032	0,047224353999	0,1163713485	45080,0325412731
187	0,383230274419	0,382508054707	1,481463005432	1,380115951143	0,047224353999	0,1163713485	45080,1325823032
188	0,38313331361	0,382570063347	1,481077018326	1,380722758647	0,047224353999	0,1163713485	45080,232599213
189	0,38321527712	0,382566156824	1,481124811261	1,380809593503	0,047224353999	0,1163713485	45080,3325064931
190	0,383146413413	0,382349203204	1,481034646865	1,379525641603	0,047224353999	0,1163713485	45080,4325240509
191	0,382962638139	0,382289759354	1,480479495435	1,379378945618	0,047224353999	0,1163713485	45080,5325833333
192	0,382907250748	0,382372454774	1,480208746913	1,380038379367	0,047224353999	0,1163713485	45080,632515625
193	0,383086425816	0,382772880331	1,480601639548	1,382400287804	0,047224353999	0,1163713485	45080,7325366898
194	0,383440648476	0,382960139892	1,481009831722	1,383570822057	0,047224353999	0,1163713485	45080,8320860764
195	0,383632462604	0,383161566187	1,481362335854	1,384978374031	0,047224353999	0,1163713485	45080,9314800116
196	0,383760525948	0,383218432112	1,481532612427	1,38530736151	0,047224353999	0,1163713485	45081,0307830787
197	0,383865994461	0,383162893086	1,48171576409	1,385207478109	0,047224353999	0,1163713485	45081,130138588
198	0,383736428815	0,383081546818	1,481302243772	1,384796771442	0,047224353999	0,1163713485	45081,2293463426
199	0,383765067527	0,38324550649	1,481321743858	1,385854885654	0,047224353999	0,1163713485	45081,3286464468
200	0,383864704402	0,383280450499	1,481407189373	1,386098093756	0,047224353999	0,1163713485	45081,4276712847
201	0,383887724208	0,383193864662	1,481480955586	1,385781903218	0,047224353999	0,1163713485	45081,5267913657
202	0,383834916876	0,383235255607	1,481256132636	1,385970744806	0,047224353999	0,1163713485	45081,625837037
203	0,383879114286	0,383218467503	1,481412101292	1,385954466867	0,047224353999	0,1163713485	45081,7249424421
204	0,383871255114	0,383368325085	1,481293855106	1,386858712958	0,047224353999	0,1163713485	45081,8240538426
205	0,384024168997	0,383562029042	1,481450365749	1,388134962146	0,047224353999	0,1163713485	45081,9227873843
206	0,384238026718	0,383622794707	1,481834483892	1,388702657579	0,047224353999	0,1163713485	45082,0215373264
207	0,384232817282	0,383655004171	1,481703555275	1,388902664813	0,047224353999	0,1163713485	45082,1201901852
208	0,384261776839	0,383589086042	1,481783009575	1,388616249024	0,047224353999	0,1163713485	45082,2188356019
209	0,384212319479	0,383598196953	1,48158853776	1,38870455823	0,047224353999	0,1163713485	45082,3176218518
210	0,383640722814	0,381916451835	1,479279411438	1,380389928247	0,047224353999	0,1163713485	45082,4157367477
211	0,382218278464	0,380964569258	1,477307153802	1,374339071538	0,047224353999	0,1163713485	45082,5153590394
212	0,381568564961	0,38088181174	1,475654637079	1,373969625344	0,047224353999	0,1163713485	45082,6151349537
213	0,381516586601	0,380777223439	1,475234415572	1,373637463051	0,047224353999	0,1163713485	45082,7151227431
214	0,381497456051	0,38097485426	1,475643110282	1,374383461237	0,047224353999	0,1163713485	45082,8150146181
215	0,381658699953	0,381264218085	1,475544196643	1,376238149563	0,047224353999	0,1163713485	45082,9146247222
216	0,38193200534	0,381461761382	1,476010324355	1,377418325884	0,047224353999	0,1163713485	45083,0141223958
217	0,382038735727	0,381561312935	1,476142911761	1,378333138837	0,047224353999	0,1163713485	45083,113297662
218	0,382231651787	0,381651672625	1,476335405484	1,378851651815	0,047224353999	0,1163713485	45083,2124142245
219	0,382272917051	0,381614184809	1,476621414105	1,378716078102	0,047224353999	0,1163713485	45083,3118324653
220	0,379304460091	0,379532134938	1,464054500845	1,370584549903	0,047224353999	0,1163713485	45083,4043066088
221	0,382945103993	0,3823705563	1,47598614759	1,381740106329	0,047224353999	0,1163713485	45083,5030853009
222	0,38279678753	0,380747536374	1,4789904519	1,374013925966	0,047224353999	0,1163713485	45083,6025808681
223	0,381207679258	0,380849296034	1,473903712137	1,373256888929	0,047224353999	0,1163713485	45083,7024756019
224	0,381609417364	0,380593786468	1,475855954616	1,372999065821	0,047224353999	0,1163713485	45083,8023928588
225	0,381404078848	0,381345574314	1,474320227311	1,377570612007	0,047224353999	0,1163713485	45083,9018228588
226	0,381945988421	4,89781E-7	1,475209923594	1,551803E-6	0,047224353999	0,1163713485	45084,0078513542
227	7,5722896162356E-12	0,215931676959	2,83614879478515E-11	0,757393572035	0,047826576978	0,114342600107	45084,261279375
228	0,387528109272	0,382364644911	1,493959339882	1,382603907581	0,047826576978	0,114342600107	45084,3608133796
229	0,382538795785	0,380810838851	1,477217275772	1,374401072645	0,047826576978	0,114342600107	45084,4601479861
230	0,381239950187	0,380220544226	1,474549611934	1,371047111366	0,047826576978	0,114342600107	45084,5601053935
231	0,380927688131	0,380198590944	1,47355949564	1,371007419028	0,047826576978	0,114342600107	45084,6598926736
232	0,380827202609	0,380199884567	1,473114089637	1,371059946493	0,047826576978	0,114342600107	45084,759627662
233	0,38083799367	0,38044403909	1,472994889582	1,37245152843	0,047826576978	0,114342600107	45084,85938
234	0,38118822403	0,38102915582	1,473436995978	1,376220906178	0,047826576978	0,114342600107	45084,9587873611
235	0,3817495599	0,381304190576	1,47437072495	1,377921133722	0,047826576978	0,114342600107	45085,0579044792
236	0,381906725382	0,381395893481	1,474523228041	1,378846794383	0,047826576978	0,114342600107	45085,1566864468
237	0,382014456091	0,381412766357	1,474686450823	1,378926586303	0,047826576978	0,114342600107	45085,255475463
238	0,382010170116	0,381412743681	1,47469945798	1,378968679571	0,047826576978	0,114342600107	45085,354236412
239	0,38204086435	0,381518655916	1,474722987489	1,379669225172	0,047826576978	0,114342600107	45085,4529991204
240	0,382154130475	0,38155867927	1,474902340693	1,380012454015	0,047826576978	0,114342600107	45085,5518188194
241	0,382116429657	0,381379156879	1,474517923596	1,379291057443	0,047826576978	0,114342600107	45085,6501702546
242	0,381833967711	0,380646805635	1,474217395698	1,374905696994	0,047826576978	0,114342600107	45085,749089838
243	0,381085721666	0,380296792708	1,472603128138	1,372754576871	0,047826576978	0,114342600107	45085,848253669
244	0,380881982308	0,380269632286	1,471835469632	1,372909388607	0,047826576978	0,114342600107	45085,947327662
245	0,380800895631	0,380056499779	1,471702634743	1,37195619677	0,047826576978	0,114342600107	45086,0466212847
246	0,38062821815	0,37975943926	1,471186766699	1,370438339296	0,047826576978	0,114342600107	45086,1458982176
247	0,380246596219	0,379258269615	1,47032416735	1,367628738744	0,047826576978	0,114342600107	45086,2454529167
248	0,379787763761	0,379058090957	1,469153673207	1,36677204256	0,047826576978	0,114342600107	45086,3448445718
249	0,379621950022	0,378988342815	1,468754556079	1,366259055999	0,047826576978	0,114342600107	45086,4445881829
250	0,37958264892	0,378894043332	1,468500407675	1,365819164312	0,047826576978	0,114342600107	45086,5442696759
251	0,379524852054	0,379050372012	1,468228269437	1,367028402402	0,047826576978	0,114342600107	45086,6437577894
252	0,379669994935	0,379122664171	1,468403635639	1,367457653897	0,047826576978	0,114342600107	45086,743131794
253	0,379782456301	0,379450696902	1,468689276106	1,36936217762	0,047826576978	0,114342600107	45086,8425163889
254	0,38020123695	0,380207718591	1,469381892227	1,373837637467	0,047826576978	0,114342600107	45086,9414904514
255	0,380936523481	0,380595067803	1,470649594277	1,376565810929	0,047826576978	0,114342600107	45087,0399885301
256	0,381232510755	0,38078363498	1,471198781006	1,377639703951	0,047826576978	0,114342600107	45087,1382931597
257	0,381371871771	0,38073721852	1,471560215094	1,377504826328	0,047826576978	0,114342600107	45087,2365021991
258	0,381369016975	0,380852249292	1,471511394067	1,37808777307	0,047826576978	0,114342600107	45087,3347670602
259	0,381467797223	0,380967099922	1,471645862228	1,378857181642	0,047826576978	0,114342600107	45087,4327392708
260	0,381570002292	0,381031796478	1,471760860393	1,379319607302	0,047826576978	0,114342600107	45087,5307460764
261	0,38169602324	0,38118671412	1,472107416362	1,380121435649	0,047826576978	0,114342600107	45087,6287439583
262	0,381809126203	0,381321033568	1,472275201402	1,38103406544	0,047826576978	0,114342600107	45087,7267354977
263	0,381938356031	0,381451456879	1,472470584089	1,381860760299	0,047826576978	0,114342600107	45087,8244279282
264	0,382121011262	0,381699435692	1,472771356656	1,38330718019	0,047826576978	0,114342600107	45087,9221116667
265	0,382314088268	0,381711119017	1,473199084769	1,383540175075	0,047826576978	0,114342600107	45088,0198155903
266	0,382312742738	0,381721411439	1,473115916511	1,383600700433	0,047826576978	0,114342600107	45088,1173585069
267	0,382309066177	0,38175506076	1,473083587399	1,383710061371	0,047826576978	0,114342600107	45088,2148873264
268	0,382332364021	0,381725324953	1,473188147872	1,383603921623	0,047826576978	0,114342600107	45088,3124443056
269	0,382394485523	0,381831209002	1,473329389969	1,384285367069	0,047826576978	0,114342600107	45088,4100842593
270	0,382393418877	0,38183638923	1,47315641501	1,38436671785	0,047826576978	0,114342600107	45088,5074751042
271	0,382422663756	0,381867389204	1,473180881654	1,384542686623	0,047826576978	0,114342600107	45088,6048461574
272	0,382495493332	0,381883011898	1,473448200172	1,384666324145	0,047826576978	0,114342600107	45088,7023408796
273	0,382524373246	0,38197330822	1,473458969726	1,385190979356	0,047826576978	0,114342600107	45088,7998189931
274	0,382641576288	0,382136089559	1,473684252686	1,386204476716	0,047826576978	0,114342600107	45088,8972451505
275	0,382725120647	0,38213730265	1,473714985231	1,386253039827	0,047826576978	0,114342600107	45088,9944797569
276	0,382696865196	0,382085626913	1,473608800424	1,385988514203	0,047826576978	0,114342600107	45089,0916454398
277	0,382630961602	6,59325E-7	1,473466105673	2,072924E-6	0,047826576978	0,114342600107	45089,1959104398
278	8,45604130108593E-13	0,212939614222	3,16533024492686E-12	0,747301141924	0,047877423465	0,104977756739	45089,4482984838
279	0,385944489891	0,380499574937	1,486925595254	1,375942240034	0,047877423465	0,104977756739	45089,5473766898
280	0,38075764604	0,378753225876	1,470537670315	1,36607510023	0,047877423465	0,104977756739	45089,6463387847
281	0,379272856067	0,378230151905	1,46730523819	1,362979333791	0,047877423465	0,104977756739	45089,7459273958
282	0,378941444841	0,378718345235	1,466374934265	1,365591083049	0,047877423465	0,104977756739	45089,8453721759
283	0,37961321308	0,379935140115	1,467532076688	1,373144997703	0,047877423465	0,104977756739	45089,944316956
284	0,380773817056	0,380692019388	1,469505025205	1,377985474273	0,047877423465	0,104977756739	45090,0424537384
285	0,381373178568	0,381012328087	1,470553486643	1,380225451988	0,047877423465	0,104977756739	45090,140239919
286	0,381697921211	0,381181529655	1,471196494159	1,381343688182	0,047877423465	0,104977756739	45090,2379266782
287	0,381782491413	0,381287451852	1,471237065306	1,381960243016	0,047877423465	0,104977756739	45090,3353825347
288	0,38123215682	0,379277712366	1,469004096085	1,371747923353	0,047877423465	0,104977756739	45090,4326718518
289	0,379219885326	0,377457763321	1,466102261909	1,360384474244	0,047877423465	0,104977756739	45090,5323801042
290	0,378076012766	0,377438372918	1,463199673946	1,360509334636	0,047877423465	0,104977756739	45090,6317136574
291	0,378121173354	0,377417699485	1,463365099022	1,360135659855	0,047877423465	0,104977756739	45090,7317013657
292	0,378115338482	0,377703131145	1,463396885056	1,36164451527	0,047877423465	0,104977756739	45090,8310269792
293	0,378339140379	0,378163002247	1,463630207292	1,364306408487	0,047877423465	0,104977756739	45090,9302939583
294	0,378808540764	0,378250779346	1,464285304985	1,365286644261	0,047877423465	0,104977756739	45091,028956956
295	0,378780115985	0,378266303069	1,464249994439	1,365302188509	0,047877423465	0,104977756739	45091,1277634954
296	0,378818178774	0,37811645121	1,464251194434	1,364758056118	0,047877423465	0,104977756739	45091,2265262268
297	0,378616438671	0,377772846437	1,463750675828	1,362991058263	0,047877423465	0,104977756739	45091,3253769213
298	0,377597101833	0,376140231133	1,460453111599	1,354761785071	0,047877423465	0,104977756739	45091,4252059722
299	0,376371023551	0,376139590329	1,457415118516	1,35524319424	0,047877423465	0,104977756739	45091,523841331
300	0,377374280575	0,376895904731	1,460362101203	1,358848129736	0,047877423465	0,104977756739	45091,6228468519
301	0,377493576778	0,377074161893	1,460793049674	1,359519897898	0,047877423465	0,104977756739	45091,7225784259
302	0,377732058254	0,377558477102	1,461085629386	1,362572361551	0,047877423465	0,104977756739	45091,8214129167
303	0,378333521666	0,37818622012	1,462558796986	1,366190843829	0,047877423465	0,104977756739	45091,9202351968
304	0,378836044712	0,37873643438	1,463121117486	1,369575614293	0,047877423465	0,104977756739	45092,0182676157
305	0,37942595981	0,379012921286	1,464476974032	1,371367038313	0,047877423465	0,104977756739	45092,116151331
306	0,379563190971	0,379076176502	1,464543468093	1,371870166524	0,047877423465	0,104977756739	45092,213864375
307	0,379659012522	0,379189775682	1,464821095142	1,372358658391	0,047877423465	0,104977756739	45092,3115232986
308	0,379589637823	0,378188804191	1,464648336824	1,366717079625	0,047877423465	0,104977756739	45092,409338831
309	0,378396155852	0,376938496898	1,462445528952	1,359172152309	0,047877423465	0,104977756739	45092,5080345949
310	0,377352296906	0,376376623473	1,460167211908	1,356252184049	0,047877423465	0,104977756739	45092,607313044
311	0,376819245225	0,376122209165	1,458722071432	1,35500771885	0,047877423465	0,104977756739	45092,7064701968
312	0,376615487764	0,376118296288	1,458085899187	1,355121731983	0,047877423465	0,104977756739	45092,8056576042
313	0,376700306464	0,376173777666	1,458235241139	1,355492231723	0,047877423465	0,104977756739	45092,9048572569
314	0,376652905284	0,375933594517	1,458030061556	1,354553391133	0,047877423465	0,104977756739	45093,0038898727
315	0,376455871205	0,375871579732	1,457402546906	1,354326676709	0,047877423465	0,104977756739	45093,1030990972
316	0,376410100311	0,375843124837	1,457371567702	1,354294991182	0,047877423465	0,104977756739	45093,2022552778
317	0,376218155394	0,37524205374	1,45625482194	1,351871784009	0,047877423465	0,104977756739	45093,3015240394
318	0,375654972959	0,375282596961	1,455033003082	1,352004573524	0,047877423465	0,104977756739	45093,400710706
319	0,375929122006	0,375486637423	1,455534036138	1,353154860414	0,047877423465	0,104977756739	45093,4996639931
320	0,376139565842	0,375565460018	1,456089491786	1,353455457033	0,047877423465	0,104977756739	45093,5986451273
321	0,376113535689	0,375508633514	1,455928125352	1,35320418575	0,047877423465	0,104977756739	45093,6975579514
322	0,375998065161	0,375435055146	1,45551754146	1,352934003615	0,047877423465	0,104977756739	45093,7963054745
323	0,376017830736	0,375431170242	1,455525161109	1,353040423802	0,047877423465	0,104977756739	45093,8951271065
324	0,37598583131	0,375374287153	1,455420514439	1,352772362606	0,047877423465	0,104977756739	45093,9940223843
325	0,37586910504	0,375292953598	1,454991976042	1,352445639848	0,047877423465	0,104977756739	45094,0928209838
326	0,375827552653	0,375225774058	1,454873368929	1,352207223358	0,047877423465	0,104977756739	45094,191664456
327	0,375738245238	0,375148380513	1,454557191755	1,351911194314	0,047877423465	0,104977756739	45094,2904868981
328	0,375692328066	3,84451E-7	1,454409118683	1,227448E-6	0,047877423465	0,104977756739	45094,3963018866
329	1,90737773708705E-14	0,213693704269	7,1527756567714E-14	0,748918202735	0,053069829941	0,126601353288	45094,6469895486
330	0,381761598727	0,375583632666	1,475551603087	1,353338635234	0,053069829941	0,126601353288	45094,7464754977
331	0,376143359661	0,375441440623	1,456116214699	1,352966373533	0,053069829941	0,126601353288	45094,8453548495
332	0,375987732652	0,375300683352	1,455478403679	1,35244643897	0,053069829941	0,126601353288	45094,9443341667
333	0,375812957611	0,375153446507	1,454862125691	1,351875754686	0,053069829941	0,126601353288	45095,0432386574
334	0,375680415953	0,37506304083	1,454382576434	1,351562329522	0,053069829941	0,126601353288	45095,1420941435
335	0,37557439658	0,374970109994	1,453990360176	1,351214926183	0,053069829941	0,126601353288	45095,24086125
336	0,375519276085	0,374867957836	1,453804393846	1,350806058898	0,053069829941	0,126601353288	45095,3397387268
337	0,375375913609	0,374760748587	1,453364000584	1,350276019037	0,053069829941	0,126601353288	45095,4385247917
338	0,375307714965	0,374772436996	1,453093078172	1,350415782654	0,053069829941	0,126601353288	45095,5372833565
339	0,375275928525	0,374687213665	1,452908680655	1,350160921455	0,053069829941	0,126601353288	45095,6360069792
340	0,375212157333	0,374626411551	1,452661825282	1,349914756594	0,053069829941	0,126601353288	45095,7346879167
341	0,375200969536	0,374658742872	1,452641236169	1,350109432909	0,053069829941	0,126601353288	45095,8335257755
342	0,375152489838	0,374556682268	1,452388521067	1,349711984316	0,053069829941	0,126601353288	45095,9322252894
343	0,375072777667	0,374485665935	1,452139789897	1,349435597366	0,053069829941	0,126601353288	45096,0309589468
344	0,374994393851	0,374422339298	1,451849625989	1,34920014874	0,053069829941	0,126601353288	45096,1296140972
345	0,374953142126	0,374372031152	1,451696883416	1,349015736441	0,053069829941	0,126601353288	45096,2283376852
346	0,374761497105	0,373976786669	1,450979718504	1,347060120077	0,053069829941	0,126601353288	45096,3269136111
347	0,374542603264	0,374169271812	1,450608390692	1,348152192234	0,053069829941	0,126601353288	45096,4255934375
348	0,374818782886	0,374263501146	1,451231438491	1,348603617194	0,053069829941	0,126601353288	45096,5243067361
349	0,37478646167	0,374238986892	1,451079655324	1,348527056596	0,053069829941	0,126601353288	45096,6229322106
350	0,374798500998	0,37415113837	1,451069222762	1,348253140339	0,053069829941	0,126601353288	45096,7216240741
351	0,374710461136	0,374032339681	1,450925347106	1,347474634929	0,053069829941	0,126601353288	45096,8202431019
352	0,374488880009	0,374003890506	1,450265666039	1,347495569783	0,053069829941	0,126601353288	45096,9189070833
353	0,374501303882	0,373983261368	1,450122383614	1,347547063327	0,053069829941	0,126601353288	45097,0174842014
354	0,374506316351	0,373935375378	1,450066250626	1,347391906297	0,053069829941	0,126601353288	45097,1159860648
355	0,374460784789	0,373892761381	1,449899299465	1,347248270815	0,053069829941	0,126601353288	45097,2145067477
356	0,374350214111	0,37359827095	1,449469740338	1,345887775177	0,053069829941	0,126601353288	45097,3129095139
357	0,374152719243	0,373698837863	1,44913809109	1,346471057166	0,053069829941	0,126601353288	45097,4118291088
358	0,374331252698	0,373834734289	1,449491951034	1,34701810869	0,053069829941	0,126601353288	45097,5104007986
359	0,302652564916		1,149042410055		0,053069829941	0,126601353288	45097,5444777431
