TesterID:	Maccor#2						
Channel Number:	40						
TestName:	KAI_Zelltest_regulaer_fix_no_degass_flag.000						
TestDesc:	Regular cycling: formation, followed by pulse, C-rate quick charge and cycling t						
StartDateTime:	45056,3154185995						
Comment:							
							
							
Cycle	AH-IN	AH-OUT	WH-IN	WH-OUT	ACR	DCIR	Date
0		4,939E-8		1,1658E-8	0	0	45057,5655516435
1	0,518313366108	0,443470722	1,927276307859	1,625286002933	0	0	45058,0034840741
2	0,446210600741	0,443059193459	1,676139404877	1,624266816245	0	0	45058,4158094213
3	0,458411164743	2,26351E-7	1,72639696854	7,28014E-7	0	0	45058,9007836111
4	6,54866356399888E-13	2,08538E-7	2,45752871131502E-12	6,76988E-7	0,043205421418	0,128697812557	45059,2027228356
5	0,448116883701	0,446730048218	1,69672467673	1,6387990998	0,043205421418	0,128697812557	45059,4661560764
6	0,446908116268	0,445416092367	1,691502806644	1,634250104693	0,043205421418	0,128697812557	45059,7356138889
7	0,445450965606	0,444639989701	1,685835575851	1,631532426523	0,043205421418	0,128697812557	45060,0041423843
8	0,444657084536	0,421250823702	1,682540188305	1,518994948621	0,043205421418	0,128697812557	45060,1902178356
9	0,42139628308	0,420267890285	1,601767974273	1,515798785671	0,043205421418	0,128697812557	45060,3694146181
10	0,42046459368	0,419144176496	1,598195645918	1,511644335572	0,043205421418	0,128697812557	45060,5483101157
11	0,41934291058	0,348401658214	1,593853346786	1,22882665282	0,043205421418	0,128697812557	45060,7047742245
12	0,348647708075	0,347797156591	1,342770479757	1,227809331895	0,043205421418	0,128697812557	45060,841740463
13	0,348109468033	0,344978713524	1,340526891808	1,218053530378	0,043205421418	0,128697812557	45060,9786299074
14	0,345133961551	0,434801543415	1,329561987474	1,59675660945	0,043205421418	0,128697812557	45061,2160677662
15	0,434591956521	0,43570036931	1,64455474633	1,599993639121	0,043205421418	0,128697812557	45061,4779214352
16	0,435622125635	2,58342E-7	1,648112060001	8,22516E-7	0,043205421418	0,128697812557	45061,7470715741
17	0,382028945158	0,383086512074	1,453748344878	1,386284812486	0,043205421418	0,128697812557	45061,8914080324
18	0,381953994959	0,382613317942	1,452540525124	1,384299635705	0,043205421418	0,128697812557	45062,042487662
19	0,38165693847	0,382145878156	1,451187879166	1,382440547845	0,043205421418	0,128697812557	45062,1934178935
20	0,355666015884	0,348549635374	1,380967202018	1,253010960672	0,043205421418	0,128697812557	45062,3170401157
21	0,347252071271	0,338181220587	1,347481278511	1,21618735397	0,043205421418	0,128697812557	45062,4374964931
22	0,337437856237	2,85691E-7	1,310340173574	8,75222E-7	0,043205421418	0,128697812557	45062,5620380671
23	6,35792579029017E-15	0,235818879546	2,37998986018766E-14	0,82717116482	0,045210700482	0,11083728075	45062,831265
24	0,410852467203	0,402863030766	1,583633938626	1,454836638846	0,045210700482	0,11083728075	45062,9373182176
25	0,40303660472	0,401487449022	1,556304303916	1,449920914563	0,045210700482	0,11083728075	45063,042386875
26	0,401534922147	0,400460634261	1,551077359295	1,446692281029	0,045210700482	0,11083728075	45063,1466907639
27	0,400518922217	0,399362679398	1,547459131229	1,442513002522	0,045210700482	0,11083728075	45063,2512349769
28	0,399392539091	0,398536089706	1,543149888967	1,439325500702	0,045210700482	0,11083728075	45063,355553831
29	0,398570052144	0,397303832775	1,539991572298	1,434739519899	0,045210700482	0,11083728075	45063,4595244792
30	0,397291742016	0,396305432642	1,535401258315	1,431151612689	0,045210700482	0,11083728075	45063,5630658333
31	0,396367945388	0,395552402457	1,531921458389	1,428510200737	0,045210700482	0,11083728075	45063,6665344907
32	0,395433177485	0,394507443661	1,528722531757	1,424484823891	0,045210700482	0,11083728075	45063,7698332292
33	0,394569718146	0,394256814015	1,525506296029	1,4242611639	0,045210700482	0,11083728075	45063,8729314236
34	0,394279411624	0,393428923281	1,52400336698	1,420990669931	0,045210700482	0,11083728075	45063,9760122106
35	0,393491310935	0,392496401646	1,521206360135	1,417730593209	0,045210700482	0,11083728075	45064,078888669
36	0,392457481973	0,391926788504	1,517600131742	1,415754342839	0,045210700482	0,11083728075	45064,1813174306
37	0,391903263001	0,391088512311	1,515685781657	1,41285549984	0,045210700482	0,11083728075	45064,2837374537
38	0,391084990731	0,390494304595	1,512741901018	1,410950225054	0,045210700482	0,11083728075	45064,3860687153
39	0,390404674249	0,389778766676	1,510221521243	1,408237675064	0,045210700482	0,11083728075	45064,4881660301
40	0,389777161883	0,389359014931	1,507855304118	1,406726598128	0,045210700482	0,11083728075	45064,5902044792
41	0,389338853755	0,38887978458	1,506118299959	1,404915811925	0,045210700482	0,11083728075	45064,6922514005
42	0,388884678601	0,388400618446	1,504380575734	1,403088367152	0,045210700482	0,11083728075	45064,794287419
43	0,388394134916	0,38776250671	1,50234789786	1,400993163618	0,045210700482	0,11083728075	45064,8958015741
44	0,387792407533	0,387345285845	1,500249185436	1,400003222582	0,045210700482	0,11083728075	45064,9973310185
45	0,387231447409	0,386780767313	1,498234742523	1,397799522281	0,045210700482	0,11083728075	45065,0987309722
46	0,386766725924	0,386251277983	1,496275294489	1,395569425865	0,045210700482	0,11083728075	45065,2002079051
47	0,386245486286	0,385420802326	1,494353187106	1,392690119443	0,045210700482	0,11083728075	45065,3013584491
48	0,385300825214	0,385064263836	1,491300138448	1,391305771724	0,045210700482	0,11083728075	45065,4021709375
49	0,384997808222	0,384741398194	1,490329877787	1,390438949461	0,045210700482	0,11083728075	45065,5030892593
50	0,384748924969	0,384179463097	1,48916571194	1,388474493496	0,045210700482	0,11083728075	45065,6041219444
51	0,384119153482	0,383700252457	1,486610092656	1,386495507883	0,045210700482	0,11083728075	45065,7047851042
52	0,383717774833	0,383246956723	1,485014796659	1,385124369295	0,045210700482	0,11083728075	45065,8053723611
53	0,383208862608	0,383401875849	1,483284162923	1,385996960477	0,045210700482	0,11083728075	45065,9059306482
54	0,38336233065	0,382561044194	1,483357505757	1,382742671225	0,045210700482	0,11083728075	45066,0062273032
55	0,38248846922	0,38257143156	1,480619998279	1,383185487009	0,045210700482	0,11083728075	45066,1064595139
56	0,382514720196	0,381522630456	1,480443718931	1,379025529829	0,045210700482	0,11083728075	45066,2065526968
57	0,381543854501	0,38138831991	1,477089639657	1,37898697557	0,045210700482	0,11083728075	45066,3067099306
58	0,381220184049	0,380750140779	1,475834347097	1,375976347806	0,045210700482	0,11083728075	45066,4066140394
59	0,380806053968	0,3802309888	1,474214216398	1,374308735677	0,045210700482	0,11083728075	45066,5065916782
60	0,380168733023	0,380560308588	1,472209291973	1,375805218457	0,045210700482	0,11083728075	45066,6065203935
61	0,380552767254	0,379860266628	1,473140284455	1,373155006243	0,045210700482	0,11083728075	45066,7063896065
62	0,379745233069	0,379953280962	1,470298111368	1,37393718725	0,045210700482	0,11083728075	45066,805938912
63	0,38000920463	0,379848641371	1,47057272684	1,374049743175	0,045210700482	0,11083728075	45066,9052281019
64	0,379794704449	0,379364244359	1,469800986024	1,372173477375	0,045210700482	0,11083728075	45067,0044996181
65	0,379306567695	0,378931493414	1,46810867668	1,370522671139	0,045210700482	0,11083728075	45067,1036427662
66	0,378893567146	0,378595754453	1,466590878052	1,369385989266	0,045210700482	0,11083728075	45067,2027015278
67	0,378585339364	0,37826516287	1,465366133875	1,368336587385	0,045210700482	0,11083728075	45067,3018606366
68	0,378227948888	0,3776877458	1,463869173447	1,366151686413	0,045210700482	0,11083728075	45067,400905625
69	0,377597953378	0,377442315667	1,461946362989	1,365193462879	0,045210700482	0,11083728075	45067,4998896644
70	0,37745203777	0,377699364063	1,461219872792	1,366690218286	0,045210700482	0,11083728075	45067,5987140162
71	0,377722218788	0,377860772512	1,461472511884	1,367823108923	0,045210700482	0,11083728075	45067,697329375
72	0,377820562926	0,377785908784	1,461550259049	1,367770869119	0,045210700482	0,11083728075	45067,7957459375
73	0,377824134533	4,09035E-7	1,4612219661	1,323286E-6	0,045210700482	0,11083728075	45067,9010431366
74	6,35792579029017E-15	0,21430145734	2,38096001747618E-14	0,752049354944	0,04514625296	0,1059634462	45068,1527364931
75	0,386949588559	0,379362979553	1,492039045333	1,374033343858	0,04514625296	0,1059634462	45068,2518178588
76	0,379345312539	0,379112399712	1,466204297901	1,373105397198	0,04514625296	0,1059634462	45068,3502495486
77	0,379091102156	0,378542780429	1,464881762875	1,371222291998	0,04514625296	0,1059634462	45068,4484145486
78	0,378426547919	0,377798766417	1,46276397086	1,367896858857	0,04514625296	0,1059634462	45068,5465577083
79	0,377777160568	0,377921553646	1,460738427047	1,368861055569	0,04514625296	0,1059634462	45068,6448080324
80	0,377881235974	0,377752319863	1,460578779637	1,368170261256	0,04514625296	0,1059634462	45068,7425979745
81	0,377790460037	0,377629672295	1,460222572535	1,368123990252	0,04514625296	0,1059634462	45068,8405677431
82	0,377606303144	0,377621849079	1,459298672054	1,368471851507	0,04514625296	0,1059634462	45068,938360162
83	0,377557246539	0,377052246534	1,458723585633	1,366221846027	0,04514625296	0,1059634462	45069,0360388657
84	0,376969749158	0,37653425276	1,457130977268	1,36375140171	0,04514625296	0,1059634462	45069,1337099884
85	0,376431167858	0,376239823151	1,455505533525	1,362583276337	0,04514625296	0,1059634462	45069,2314712847
86	0,376220046695	0,375497167404	1,454592108314	1,359730743852	0,04514625296	0,1059634462	45069,3291531829
87	0,375348868163	0,374731116614	1,451972316845	1,356310533819	0,04514625296	0,1059634462	45069,426844919
88	0,374668193118	0,374377253325	1,449859434262	1,354981418916	0,04514625296	0,1059634462	45069,5246020718
89	0,37407003247	0,372185344431	1,447828773822	1,345467803036	0,04514625296	0,1059634462	45069,622343125
90	0,37208003375	0,372153070751	1,442709378513	1,344980563201	0,04514625296	0,1059634462	45069,7208269097
91	0,372206069524	0,372375210742	1,442270725787	1,346243673972	0,04514625296	0,1059634462	45069,8186964352
92	0,372388409808	0,373050727639	1,442709524797	1,349647350267	0,04514625296	0,1059634462	45069,9164439931
93	0,373043429472	0,372783392967	1,444364461642	1,349081958273	0,04514625296	0,1059634462	45070,0141211458
94	0,372739075099	0,372921582483	1,442954608576	1,349882680669	0,04514625296	0,1059634462	45070,1115447338
95	0,372875072376	0,372636129209	1,443169116133	1,348881364693	0,04514625296	0,1059634462	45070,2090068403
96	0,372566366466	0,372482418934	1,442057495552	1,348489029799	0,04514625296	0,1059634462	45070,3063978472
97	0,371971340742	0,369186164403	1,439663890598	1,333728208508	0,04514625296	0,1059634462	45070,4036450116
98	0,369002161183	0,369108660862	1,43192363641	1,33338305308	0,04514625296	0,1059634462	45070,5015797222
99	0,369035015649	0,369020849429	1,431505124763	1,333327316033	0,04514625296	0,1059634462	45070,5992542824
100	0,362735181116	0,363008032931	1,404932917475	1,310159063142	0,04514625296	0,1059634462	45070,7109711806
101	0,369326443376	0,369307580859	1,432331670285	1,33475982943	0,04514625296	0,1059634462	45070,8104448843
102	0,369282641853	0,369408310325	1,431699056595	1,335257946713	0,04514625296	0,1059634462	45070,9078718866
103	0,369313185097	0,368824455011	1,431797544592	1,332918664359	0,04514625296	0,1059634462	45071,0054327662
104	0,368731651783	0,368430558828	1,429769971985	1,331471872779	0,04514625296	0,1059634462	45071,102923912
105	0,368341275806	0,368092175821	1,428315749306	1,329988622773	0,04514625296	0,1059634462	45071,2000505903
106	0,368075521581	0,367853155959	1,427451526019	1,32928461293	0,04514625296	0,1059634462	45071,2973740741
107	0,36765611375	0,368281586274	1,425926158067	1,331361972986	0,04514625296	0,1059634462	45071,3957389815
108	0,368050021192	0,366958081663	1,427819100263	1,325659487309	0,04514625296	0,1059634462	45071,4931925232
109	0,366927898064	0,36699292352	1,423626306134	1,326106787759	0,04514625296	0,1059634462	45071,5902756019
110	0,366958636138	0,366867706502	1,42359262814	1,325703650784	0,04514625296	0,1059634462	45071,6874276389
111	0,366850900422	0,366837996125	1,423132637458	1,325692713334	0,04514625296	0,1059634462	45071,7845723843
112	0,366832578555	0,366719149538	1,422890099526	1,325261793629	0,04514625296	0,1059634462	45071,8815845949
113	0,366590739745	0,36657704333	1,421888961105	1,324756341462	0,04514625296	0,1059634462	45071,9785788773
114	0,366481169014	0,366073352765	1,421719047405	1,323031385526	0,04514625296	0,1059634462	45072,0756871875
115	0,366004127791	0,365891207092	1,420103664079	1,322406780742	0,04514625296	0,1059634462	45072,1727307523
116	0,365801659502	0,365533432834	1,419393540435	1,320969506691	0,04514625296	0,1059634462	45072,2695526042
117	0,3654647477	0,365542460666	1,418165637518	1,32120568783	0,04514625296	0,1059634462	45072,3663929514
118	0,365445774689	0,365588938161	1,417969122564	1,321216432754	0,04514625296	0,1059634462	45072,4633275116
119	0,365434005298	0,365096802918	1,417767509225	1,319118319597	0,04514625296	0,1059634462	45072,560072662
120	0,365033396693	0,364728739838	1,416225808153	1,317788978626	0,04514625296	0,1059634462	45072,6567446065
121	0,364636690973	0,364569873078	1,414800310133	1,317297902023	0,04514625296	0,1059634462	45072,7530804861
122	0,364522717748	0,364555584911	1,414726118937	1,317593715367	0,04514625296	0,1059634462	45072,8497412153
123	0,364423302739	0,364293439155	1,414222888081	1,316492740537	0,04514625296	0,1059634462	45072,9465084954
124	0,364172550831	2,34616E-7	1,413079309811	7,68542E-7	0,04514625296	0,1059634462	45073,0499389699
125	0	0,205813104504	0	0,722018783116	0,048218067735	0,117908753455	45073,2945282986
126	0,374556710907	0,366037201599	1,449037331874	1,32304300449	0,048218067735	0,117908753455	45073,3922357639
127	0,36599116423	0,365609591885	1,419554471107	1,321487512388	0,048218067735	0,117908753455	45073,4889308912
128	0,36550665136	0,365511398384	1,417661454677	1,321108925953	0,048218067735	0,117908753455	45073,5853530556
129	0,365450111997	0,365014175313	1,417494433316	1,319250450245	0,048218067735	0,117908753455	45073,6817768287
130	0,36493744896	0,364948299363	1,415613785768	1,319079585356	0,048218067735	0,117908753455	45073,7782170718
131	0,364851345606	0,364753237141	1,415142134698	1,318116962286	0,048218067735	0,117908753455	45073,8745843171
132	0,364797987693	0,364311486974	1,414727712336	1,316532760964	0,048218067735	0,117908753455	45073,9711537037
133	0,364186173425	0,364214631818	1,412943861158	1,316407330387	0,048218067735	0,117908753455	45074,0676300463
134	0,36408467625	0,364057104034	1,412507650888	1,315452330314	0,048218067735	0,117908753455	45074,1641676273
135	0,363969365293	0,363643733315	1,411932683425	1,313746200671	0,048218067735	0,117908753455	45074,2605419676
136	0,363549758928	0,363328603574	1,410412477349	1,312668654313	0,048218067735	0,117908753455	45074,3567743634
137	0,363238034663	0,363097379377	1,409359096945	1,311827246583	0,048218067735	0,117908753455	45074,4528792245
138	0,363015965736	0,362753775237	1,40856698601	1,31061636458	0,048218067735	0,117908753455	45074,5488643171
139	0,36270484708	0,362771863963	1,40759100784	1,311044128224	0,048218067735	0,117908753455	45074,6450479398
140	0,362624805924	0,36283131078	1,407370742318	1,311322863097	0,048218067735	0,117908753455	45074,74132875
141	0,362748212825	0,362476057652	1,407572905201	1,309784114695	0,048218067735	0,117908753455	45074,8374973032
142	0,36242549374	0,36239594927	1,406250744235	1,309705807961	0,048218067735	0,117908753455	45074,9333003935
143	0,362242495023	0,362163528301	1,405840898765	1,308649338721	0,048218067735	0,117908753455	45075,0292416204
144	0,362126751741	0,361663689793	1,405251608316	1,30665215411	0,048218067735	0,117908753455	45075,1253406597
145	0,361533751817	0,361633937878	1,403377050151	1,30698250739	0,048218067735	0,117908753455	45075,2212040625
146	0,3615426822	0,361503453531	1,403415613595	1,306361500994	0,048218067735	0,117908753455	45075,3172432755
147	0,361414986777	0,361210277282	1,40265783813	1,305041592416	0,048218067735	0,117908753455	45075,4130181481
148	0,361138530372	0,361274929545	1,401904380973	1,305554698286	0,048218067735	0,117908753455	45075,5087288657
149	0,361177135468	0,36118312915	1,402104785421	1,305091242836	0,048218067735	0,117908753455	45075,6046854398
150	0,361066639277	0,360906741005	1,401307679904	1,303917043948	0,048218067735	0,117908753455	45075,7004664931
151	0,36084349646	0,360888685767	1,400674689244	1,304356112761	0,048218067735	0,117908753455	45075,796089294
152	0,360782288369	0,360880944993	1,400364102669	1,304293646083	0,048218067735	0,117908753455	45075,8915770949
153	0,360856783394	0,360855053399	1,400257025327	1,304465889185	0,048218067735	0,117908753455	45075,9870338542
154	0,36073161395	0,360418516945	1,400137162285	1,302464882315	0,048218067735	0,117908753455	45076,0827561227
155	0,360304104281	0,360459872073	1,398465672624	1,302631994728	0,048218067735	0,117908753455	45076,1781774421
156	0,360362562876	0,360268678437	1,399008519144	1,301743930039	0,048218067735	0,117908753455	45076,2740196412
157	0,360210702635	0,359552606875	1,398170276005	1,29928969032	0,048218067735	0,117908753455	45076,3698719329
158	0,359081069807	0,358781968628	1,39499037599	1,295469985685	0,048218067735	0,117908753455	45076,4659795139
159	0,358821202046	0,359365936766	1,393945885614	1,298626220615	0,048218067735	0,117908753455	45076,5625582986
160	0,359378047558	0,359403225925	1,395445647031	1,298657200407	0,048218067735	0,117908753455	45076,6583033912
161	0,359322173053	0,359256039307	1,395271164619	1,297817427841	0,048218067735	0,117908753455	45076,7539182639
162	0,359187542253	0,359568608079	1,394760865892	1,299465284203	0,048218067735	0,117908753455	45076,8494470139
163	0,359551770804	0,359648675979	1,395834243907	1,299805510626	0,048218067735	0,117908753455	45076,9451470023
164	0,35943901564	0,358965351339	1,395146030438	1,296825291224	0,048218067735	0,117908753455	45077,0403442014
165	0,358962078443	0,35949625594	1,393799054837	1,299150345019	0,048218067735	0,117908753455	45077,1356102546
166	0,359380076495	0,35916822067	1,395233828803	1,297553611628	0,048218067735	0,117908753455	45077,2311579051
167	0,359122066332	0,359391643057	1,394153588132	1,299002646727	0,048218067735	0,117908753455	45077,3264651968
168	0,359038440917	0,358474555286	1,393951264787	1,294724867039	0,048218067735	0,117908753455	45077,4218484259
169	0,358439634166	0,358931786154	1,392002448845	1,296830564806	0,048218067735	0,117908753455	45077,5171407523
170	0,358903545996	0,358674779721	1,393513050901	1,295903015246	0,048218067735	0,117908753455	45077,6124186111
171	0,358454211349	0,358406123238	1,391854298978	1,294530499096	0,048218067735	0,117908753455	45077,7075803472
172	0,358427460286	0,358811660351	1,39188511961	1,296339598809	0,048218067735	0,117908753455	45077,8027625231
173	0,358811929632	0,359112695632	1,392900861448	1,2981034797	0,048218067735	0,117908753455	45077,8978583565
174	0,35903226537	0,359068749012	1,393515865307	1,297601705231	0,048218067735	0,117908753455	45077,9931953704
175	0,358976942473	3,16633E-7	1,393095810482	1,030836E-6	0,048218067735	0,117908753455	45078,0952791782
176	1,27158515805803E-14	0,200508567961	4,7700693561759E-14	0,703521085155	0,048224464059	0,1201967448	45078,3362750116
177	0,367970510539	0,35946266787	1,424429458889	1,297946372296	0,048224464059	0,1201967448	45078,4327002199
178	0,359406970436	0,359724896277	1,39552310308	1,299485650138	0,048224464059	0,1201967448	45078,5282871644
179	0,359685252086	0,359753253476	1,395990644487	1,299908100022	0,048224464059	0,1201967448	45078,6235765856
180	0,35970698766	0,359373579129	1,39588694144	1,298579696458	0,048224464059	0,1201967448	45078,718888044
181	0,359324923205	0,359321865881	1,394684109428	1,298326839343	0,048224464059	0,1201967448	45078,8138906019
182	0,359334928922	0,359745543219	1,394374425585	1,300644020298	0,048224464059	0,1201967448	45078,9089270139
183	0,359623178931	0,359341327278	1,394936318045	1,298863244326	0,048224464059	0,1201967448	45079,0039279745
184	0,359288630369	0,359281865203	1,394065507071	1,298665582586	0,048224464059	0,1201967448	45079,0989564468
185	0,35921177383	0,359217243877	1,393461555523	1,298793964742	0,048224464059	0,1201967448	45079,1937893287
186	0,359164875737	0,359440770112	1,393288610868	1,299869237601	0,048224464059	0,1201967448	45079,2885693287
187	0,359270239234	0,358417702922	1,393168037953	1,295549259946	0,048224464059	0,1201967448	45079,3829239352
188	0,358105659722	0,357415408777	1,390561011876	1,2904516729	0,048224464059	0,1201967448	45079,4782701273
189	0,3573432201	0,357583278573	1,387926644427	1,29145352205	0,048224464059	0,1201967448	45079,5733696412
190	0,357554288488	0,357525230499	1,388514468949	1,291360334951	0,048224464059	0,1201967448	45079,6685951157
191	0,357559103464	0,357473561968	1,388488926917	1,291356827963	0,048224464059	0,1201967448	45079,7637865046
192	0,357350071807	0,357898533568	1,387627031662	1,293378537122	0,048224464059	0,1201967448	45079,8585296065
193	0,357852812673	0,35734315646	1,38905591025	1,291151890972	0,048224464059	0,1201967448	45079,9535271412
194	0,357211584785	0,357190730487	1,386969813211	1,290474056632	0,048224464059	0,1201967448	45080,0483379861
195	0,357115549406	0,357150630414	1,386694294123	1,290371788536	0,048224464059	0,1201967448	45080,1433005903
196	0,357079298808	0,357412915409	1,386342237115	1,291976633564	0,048224464059	0,1201967448	45080,2380423611
197	0,357358970213	0,357255292892	1,386931352617	1,291455248468	0,048224464059	0,1201967448	45080,3328608333
198	0,357081982313	0,356720570566	1,386264530601	1,28871215785	0,048224464059	0,1201967448	45080,4275446991
199	0,356669136183	0,356648210166	1,385111405473	1,288496722456	0,048224464059	0,1201967448	45080,5226359606
200	0,356545456985	0,356928540436	1,384535469102	1,290077362819	0,048224464059	0,1201967448	45080,6175120255
201	0,356847658814	0,357148070712	1,385082488972	1,291245960406	0,048224464059	0,1201967448	45080,7121796296
202	0,357153344091	0,357702199336	1,38580210636	1,294279957398	0,048224464059	0,1201967448	45080,8067042593
203	0,357652770189	0,357672516511	1,387124511966	1,294319352838	0,048224464059	0,1201967448	45080,9010006134
204	0,357565680139	0,3577396774	1,386674725069	1,294714750593	0,048224464059	0,1201967448	45080,9952883333
205	0,357651536969	0,357759037286	1,386630872247	1,295109489555	0,048224464059	0,1201967448	45081,0893448611
206	0,357679330514	0,357507208322	1,386944425873	1,293887170181	0,048224464059	0,1201967448	45081,1836112384
207	0,357462523371	0,357804251039	1,386218240918	1,295480683784	0,048224464059	0,1201967448	45081,2778641667
208	0,357707129961	0,357933392378	1,386658818978	1,296002066819	0,048224464059	0,1201967448	45081,371846956
209	0,35785698643	0,357605292044	1,387177922551	1,294760008065	0,048224464059	0,1201967448	45081,4660254977
210	0,357481674965	0,357536871651	1,385942630028	1,294384090283	0,048224464059	0,1201967448	45081,5599340162
211	0,357464343548	0,357513613934	1,385865182406	1,294356385646	0,048224464059	0,1201967448	45081,6540822454
212	0,357453179294	0,357450354054	1,385832716562	1,294211320039	0,048224464059	0,1201967448	45081,7480961574
213	0,35737857367	0,3579295115	1,385378214803	1,296454597131	0,048224464059	0,1201967448	45081,8419305556
214	0,35793706481	0,358010917323	1,386892315161	1,29734756222	0,048224464059	0,1201967448	45081,9357773148
215	0,357952617646	0,358178783305	1,386660199525	1,298152789458	0,048224464059	0,1201967448	45082,0293513426
216	0,358127001267	0,358093526276	1,387137869971	1,297923918791	0,048224464059	0,1201967448	45082,1230833681
217	0,35803155503	0,358075481847	1,386807887133	1,297764254333	0,048224464059	0,1201967448	45082,2165902315
218	0,357974455547	0,35811293342	1,386561013815	1,297975389839	0,048224464059	0,1201967448	45082,3102748495
219	0,357818531448	0,356047607225	1,385808918856	1,288524943983	0,048224464059	0,1201967448	45082,4034735069
220	0,355606828784	0,354404592471	1,38065743157	1,279670099445	0,048224464059	0,1201967448	45082,4979729514
221	0,354312635518	0,354356855892	1,376896216314	1,279325210185	0,048224464059	0,1201967448	45082,5927017245
222	0,354302029435	0,35445882028	1,376789340227	1,279874975905	0,048224464059	0,1201967448	45082,687409919
223	0,354381122305	0,354513158079	1,377112384855	1,280144499109	0,048224464059	0,1201967448	45082,7823935185
224	0,354511934963	0,35503107429	1,377144003307	1,282747432809	0,048224464059	0,1201967448	45082,8769833796
225	0,354990128619	0,355220978538	1,378354076861	1,28416366667	0,048224464059	0,1201967448	45082,9713061111
226	0,355190039789	3,28501E-7	1,378629338456	1,065073E-6	0,048224464059	0,1201967448	45083,0724576852
227	7,3116146588337E-13	0,196676104427	2,74301107566292E-12	0,690288504961	0,048995777965	0,118284597993	45083,3113079977
228	0,362613403197	0,356623632967	1,402735444714	1,28993047879	0,048995777965	0,118284597993	45083,4021764583
229	0,358198526213	0,356963135606	1,386368928021	1,291778726392	0,048995777965	0,118284597993	45083,4956939468
230	0,356818185215	0,356003723548	1,384774501302	1,28635389979	0,048995777965	0,118284597993	45083,5904671759
231	0,355851186532	0,355151203904	1,381346278143	1,282696640657	0,048995777965	0,118284597993	45083,6847440741
232	0,355121226114	0,3554767403	1,379401392968	1,284066827887	0,048995777965	0,118284597993	45083,7796697569
233	0,355505711477	0,356132860224	1,379986724344	1,287921928983	0,048995777965	0,118284597993	45083,873865
234	0,356099585315	0,35664819639	1,381273276031	1,290631504162	0,048995777965	0,118284597993	45083,967729213
235	0,356594289	0,356295616344	1,382588998106	1,28932529035	0,048995777965	0,118284597993	45084,0615740278
236	0,356201256318	0,356181938752	1,381279525052	1,288996603726	0,048995777965	0,118284597993	45084,1554055208
237	0,356135056095	0,356422176788	1,380823282964	1,290308348969	0,048995777965	0,118284597993	45084,2489651157
238	0,356313774174	0,356163793867	1,381309973958	1,289354257171	0,048995777965	0,118284597993	45084,3426608102
239	0,355817530589	0,35456740051	1,379898734308	1,281619940431	0,048995777965	0,118284597993	45084,4366515509
240	0,354281363164	0,353742094061	1,375999632791	1,276862675369	0,048995777965	0,118284597993	45084,5312262963
241	0,353671154628	0,353756263546	1,374281163659	1,277275903861	0,048995777965	0,118284597993	45084,6258139005
242	0,353754088152	0,353639914352	1,374592784665	1,276749455371	0,048995777965	0,118284597993	45084,7203929398
243	0,353574187326	0,353572800302	1,373721957974	1,276550026651	0,048995777965	0,118284597993	45084,8148724884
244	0,35358126324	0,354666798415	1,373418611797	1,282061614268	0,048995777965	0,118284597993	45084,9089253357
245	0,354668230157	0,354972981074	1,376316349644	1,284092968577	0,048995777965	0,118284597993	45085,0027900347
246	0,354928303869	0,355200256787	1,376876714885	1,285659200773	0,048995777965	0,118284597993	45085,0966059375
247	0,355109186492	0,355131819649	1,377014772576	1,285325817597	0,048995777965	0,118284597993	45085,1900316088
248	0,355028547416	0,354997521607	1,376879165235	1,284737855894	0,048995777965	0,118284597993	45085,2836593519
249	0,354930362802	0,355024620357	1,376514158138	1,285077462871	0,048995777965	0,118284597993	45085,377232581
250	0,354993532623	0,355173152099	1,376544125609	1,286128656859	0,048995777965	0,118284597993	45085,4706745718
251	0,355036050128	0,355201608056	1,376452300476	1,286147473419	0,048995777965	0,118284597993	45085,5639657523
252	0,35514629227	0,354648731309	1,376747098136	1,283779603844	0,048995777965	0,118284597993	45085,6574288079
253	0,354437463028	0,353701976397	1,375114545893	1,278862223566	0,048995777965	0,118284597993	45085,7512015741
254	0,35353787193	0,353428138626	1,372584738263	1,277312410258	0,048995777965	0,118284597993	45085,8450133565
255	0,353305803211	0,353433300202	1,371801615847	1,277580429896	0,048995777965	0,118284597993	45085,9387959491
256	0,353306518933	0,353114244018	1,371639825144	1,276044472811	0,048995777965	0,118284597993	45086,0326429514
257	0,353018452202	0,353051003003	1,370991591056	1,275794439268	0,048995777965	0,118284597993	45086,1266211227
258	0,352877026441	0,351989286619	1,37068461279	1,270689270879	0,048995777965	0,118284597993	45086,2206641435
259	0,35194384119	0,352242503941	1,368015450489	1,271809869309	0,048995777965	0,118284597993	45086,3150250116
260	0,352041438064	0,351687010906	1,368231427506	1,269021121679	0,048995777965	0,118284597993	45086,4093467477
261	0,351628806971	0,351692170575	1,366836306538	1,269198576078	0,048995777965	0,118284597993	45086,5034554282
262	0,351592491242	0,35202543397	1,366925859215	1,270853365328	0,048995777965	0,118284597993	45086,5975487731
263	0,352016255386	0,35200608426	1,36782983131	1,271177326208	0,048995777965	0,118284597993	45086,6916373611
264	0,351888255475	0,352051242699	1,367491420425	1,271288203604	0,048995777965	0,118284597993	45086,785581794
265	0,352061579835	0,352881791893	1,367737718597	1,275560888434	0,048995777965	0,118284597993	45086,8794879282
266	0,352929635985	0,354011992036	1,369803781879	1,281635655358	0,048995777965	0,118284597993	45086,9729552778
267	0,354028143022	0,354117848108	1,372648776156	1,282449760719	0,048995777965	0,118284597993	45087,0661779282
268	0,353988746503	0,354130811073	1,372363181102	1,282555321276	0,048995777965	0,118284597993	45087,1591922338
269	0,354031690136	0,354030072917	1,372465716942	1,282291676754	0,048995777965	0,118284597993	45087,2523155208
270	0,35399451628	0,354197947802	1,372308385698	1,283056259369	0,048995777965	0,118284597993	45087,3453119907
271	0,354105029727	0,354489955673	1,372389182303	1,28447185423	0,048995777965	0,118284597993	45087,438183912
272	0,354477450362	0,354427890453	1,3736211632	1,284438325236	0,048995777965	0,118284597993	45087,5313193634
273	0,354320422804	0,354580340159	1,372872213479	1,285242126822	0,048995777965	0,118284597993	45087,6239512616
274	0,354538246289	0,354936837748	1,373395689683	1,286923396208	0,048995777965	0,118284597993	45087,7166625579
275	0,354861836452	0,355006536085	1,374278624808	1,287574941085	0,048995777965	0,118284597993	45087,8093189699
276	0,355039301031	0,355281664937	1,374612315465	1,289156500186	0,048995777965	0,118284597993	45087,9018717361
277	0,355177259158	6,53179E-7	1,374779416342	2,090341E-6	0,048995777965	0,118284597993	45088,0010698727
278	2,73390808982478E-13	0,192570776944	1,02493042871113E-12	0,676224723719	0,048959627748	0,108375035226	45088,2382658333
279	0,362065649878	0,357124875303	1,398487136599	1,296524604672	0,048959627748	0,108375035226	45088,3312871759
280	0,3571037335	0,357093802212	1,38107554201	1,296505562124	0,048959627748	0,108375035226	45088,4235987847
281	0,357041110225	0,357011141123	1,380713766472	1,296410406491	0,048959627748	0,108375035226	45088,5158487731
282	0,357001904187	0,356852325013	1,380511869745	1,295905815855	0,048959627748	0,108375035226	45088,6081864583
283	0,356801326903	0,356779887256	1,379827639315	1,295670115672	0,048959627748	0,108375035226	45088,7005305093
284	0,356700377405	0,356786485301	1,379323902638	1,295838157387	0,048959627748	0,108375035226	45088,7926982523
285	0,35676123543	0,356872919607	1,379383445787	1,296402570969	0,048959627748	0,108375035226	45088,8847836806
286	0,356801259382	0,356783776613	1,37939923084	1,295984562619	0,048959627748	0,108375035226	45088,9768192245
287	0,356744697226	0,356812301446	1,379213856817	1,296194369903	0,048959627748	0,108375035226	45089,0688789352
288	0,356735558598	0,356619842159	1,379141935343	1,295287859314	0,048959627748	0,108375035226	45089,1608860532
289	0,35657992728	0,356444135158	1,378792072095	1,294462846657	0,048959627748	0,108375035226	45089,2530611227
290	0,356372104634	0,356375665595	1,378170817339	1,294207243955	0,048959627748	0,108375035226	45089,3453087268
291	0,356253467467	0,3555529269	1,377547877785	1,290598454759	0,048959627748	0,108375035226	45089,4371152894
292	0,355128162485	0,353969300262	1,374951493792	1,281673146047	0,048959627748	0,108375035226	45089,5299584144
293	0,353653643996	0,351693495144	1,371221900564	1,269826546071	0,048959627748	0,108375035226	45089,6231943056
294	0,351467136348	0,351030897126	1,365669442453	1,266411505858	0,048959627748	0,108375035226	45089,717019375
295	0,351043036611	0,351615967655	1,364683673639	1,268806369171	0,048959627748	0,108375035226	45089,8110212384
296	0,351734397711	0,353155661243	1,366287886272	1,277010134267	0,048959627748	0,108375035226	45089,9047375463
297	0,35330261364	0,354217318705	1,369806817536	1,283492403771	0,048959627748	0,108375035226	45089,9976330324
298	0,354215613847	0,354713370645	1,371893469354	1,286405824577	0,048959627748	0,108375035226	45090,0900865972
299	0,354675355525	0,354967745533	1,372861307627	1,287943558415	0,048959627748	0,108375035226	45090,1822627431
300	0,354926272071	0,355060804371	1,373444238132	1,28852405944	0,048959627748	0,108375035226	45090,2743918519
301	0,355004265097	0,354958775348	1,37364160256	1,28832151173	0,048959627748	0,108375035226	45090,3664126505
302	0,354336272111	0,351308353828	1,371977784926	1,269392573297	0,048959627748	0,108375035226	45090,4593224769
303	0,350927102114	0,350196450524	1,36375225371	1,262938978353	0,048959627748	0,108375035226	45090,5535292245
304	0,350107141791	0,350552508567	1,361187693997	1,264832873264	0,048959627748	0,108375035226	45090,647725706
305	0,350554234901	0,350157711682	1,362870626115	1,262744306284	0,048959627748	0,108375035226	45090,7417248148
306	0,350143094442	0,350924997395	1,36127361479	1,266632355386	0,048959627748	0,108375035226	45090,8353789699
307	0,350862401089	0,351293065137	1,363208796832	1,268821026284	0,048959627748	0,108375035226	45090,9291404514
308	0,351256717338	0,35136796447	1,363846244415	1,269539786852	0,048959627748	0,108375035226	45091,0224533218
309	0,351284723359	0,351284065494	1,363831225728	1,269409249372	0,048959627748	0,108375035226	45091,115698206
310	0,351155623471	0,350918530751	1,363423701282	1,267850132451	0,048959627748	0,108375035226	45091,2089896875
311	0,350773623486	0,350892654204	1,362170538461	1,267618461449	0,048959627748	0,108375035226	45091,302125706
312	0,337854389415	0,337051983733	1,308059637036	1,211494669704	0,048959627748	0,108375035226	45091,3808370255
313	0,349368773029	0,348501909869	1,359075016272	1,255974572755	0,048959627748	0,108375035226	45091,4748915394
314	0,348645648577	0,349504183036	1,356038514047	1,260918930299	0,048959627748	0,108375035226	45091,5696993287
315	0,349466832839	0,34964912432	1,358445217665	1,261617617186	0,048959627748	0,108375035226	45091,6638634606
316	0,349649706877	0,350270047966	1,359226648449	1,265069187682	0,048959627748	0,108375035226	45091,7575831829
317	0,350236188693	0,350979197866	1,359976304648	1,268985393462	0,048959627748	0,108375035226	45091,8504798727
318	0,351119990858	0,35160049204	1,362468798489	1,272649984613	0,048959627748	0,108375035226	45091,9433457407
319	0,351557820895	0,351968621451	1,363225012855	1,27468867292	0,048959627748	0,108375035226	45092,0356750232
320	0,351930737261	0,352150773058	1,364140296994	1,275872949584	0,048959627748	0,108375035226	45092,1281505903
321	0,352103754639	0,352206222224	1,364508453654	1,276351840012	0,048959627748	0,108375035226	45092,2203975116
322	0,352099195621	0,352189523134	1,364383421542	1,276244015523	0,048959627748	0,108375035226	45092,3126229745
323	0,351973819696	0,350421220789	1,364249554463	1,267446126857	0,048959627748	0,108375035226	45092,4052312269
324	0,35001937666	0,348900935409	1,359309394721	1,259119658132	0,048959627748	0,108375035226	45092,4983647222
325	0,348701495714	0,348547083141	1,355602779291	1,257150351426	0,048959627748	0,108375035226	45092,5916214583
326	0,348396648368	0,348231961453	1,355044325907	1,255444019801	0,048959627748	0,108375035226	45092,6852985417
327	0,348082261855	0,348128601924	1,353892845858	1,255007397433	0,048959627748	0,108375035226	45092,778859375
328	0,348011046047	3,19176E-7	1,353519431922	1,037523E-6	0,048959627748	0,108375035226	45092,8792670949
329	0	0,192893798572	0	0,676803200311	0,053357809782	0,129984781146	45093,1145713773
330	0,356823836574	0,349470561053	1,384441415089	1,260393334548	0,053357809782	0,129984781146	45093,2090775
331	0,349288409073	0,348679097493	1,357955053023	1,25681577999	0,053357809782	0,129984781146	45093,3032558102
332	0,348486873734	0,348641329644	1,355829996378	1,256532525179	0,053357809782	0,129984781146	45093,3971538079
333	0,34859304955	0,348820898661	1,355807092191	1,25762108222	0,053357809782	0,129984781146	45093,4908253935
334	0,348739689434	0,34871366864	1,356092119646	1,257428825827	0,053357809782	0,129984781146	45093,5843110185
335	0,34867101583	0,34858582368	1,355760288909	1,256989264565	0,053357809782	0,129984781146	45093,6779092593
336	0,348430426841	0,34830552647	1,354925456272	1,255830533766	0,053357809782	0,129984781146	45093,7713873148
337	0,348234013613	0,348305554232	1,354195470117	1,256033646749	0,053357809782	0,129984781146	45093,8648872801
338	0,348204171629	0,348027821385	1,354030987185	1,254959513124	0,053357809782	0,129984781146	45093,9584445949
339	0,347959122053	0,347828875953	1,353284673189	1,254171209656	0,053357809782	0,129984781146	45094,0521740972
340	0,347715067554	0,347777228614	1,352425701834	1,253983221166	0,053357809782	0,129984781146	45094,1458820486
341	0,347630851624	0,347703651732	1,352037322278	1,253735245373	0,053357809782	0,129984781146	45094,2393965509
342	0,347608838525	0,347628693269	1,35194645514	1,253423526725	0,053357809782	0,129984781146	45094,332939456
343	0,347485122728	0,347471138571	1,351577221298	1,252608784322	0,053357809782	0,129984781146	45094,4264275694
344	0,347372048169	0,347340651256	1,351254179116	1,252251189139	0,053357809782	0,129984781146	45094,5199128819
345	0,347234211006	0,347175332895	1,350750306933	1,251636072852	0,053357809782	0,129984781146	45094,6133658681
346	0,347046773079	0,346991896775	1,350077121208	1,250980928975	0,053357809782	0,129984781146	45094,7067516319
347	0,346899512318	0,346839527814	1,349583428772	1,250498153494	0,053357809782	0,129984781146	45094,8002209028
348	0,346733538961	0,34659412417	1,348946482418	1,249637993406	0,053357809782	0,129984781146	45094,8936482986
349	0,34646244998	0,346297010881	1,34803221655	1,248467125135	0,053357809782	0,129984781146	45094,9870634144
350	0,346175813617	0,346047701564	1,347090530208	1,247522797699	0,053357809782	0,129984781146	45095,080512419
351	0,345892511207	0,345761000015	1,346092170581	1,246444775343	0,053357809782	0,129984781146	45095,1738376736
352	0,345667146804	0,345547900782	1,345360410006	1,24565264662	0,053357809782	0,129984781146	45095,2673683449
353	0,345415020661	0,345204293889	1,344492394257	1,244200738939	0,053357809782	0,129984781146	45095,3608503009
354	0,345055097826	0,344904573426	1,34334970193	1,243071083398	0,053357809782	0,129984781146	45095,4542838426
355	0,344819962778	0,344774206913	1,342533663324	1,242721186193	0,053357809782	0,129984781146	45095,5476738889
356	0,34469946228	0,344590677122	1,342064275897	1,242107719794	0,053357809782	0,129984781146	45095,6412087037
357	0,344457212822	0,344351771491	1,341212518227	1,241215758164	0,053357809782	0,129984781146	45095,734683125
358	0,344255978414	0,344261420489	1,340506404426	1,241011466932	0,053357809782	0,129984781146	45095,8282464236
359	0,344125711157	0,344016020663	1,339976598244	1,240093362809	0,053357809782	0,129984781146	45095,9217048032
360	0,343882729175	0,343775735363	1,339143613344	1,239197162178	0,053357809782	0,129984781146	45096,0151795255
361	0,343669496657	0,343607882095	1,33842172231	1,238581149367	0,053357809782	0,129984781146	45096,1086996875
362	0,343466970592	0,343645235546	1,337682877691	1,238720389157	0,053357809782	0,129984781146	45096,2021197685
363	0,343530239462	0,343425716928	1,337746664543	1,237526499931	0,053357809782	0,129984781146	45096,2954259954
364	0,343207363914	0,343673702522	1,336965723587	1,238364017424	0,053357809782	0,129984781146	45096,3888819444
365	0,343637157913	0,344052158266	1,338166056385	1,240239158289	0,053357809782	0,129984781146	45096,4820978704
366	0,343965237667	0,344045642451	1,339151233199	1,240166710297	0,053357809782	0,129984781146	45096,575256088
367	0,34394901153	0,344080486427	1,33906211709	1,240363676296	0,053357809782	0,129984781146	45096,6684432986
368	0,34396913398	0,344150283951	1,339042122623	1,240571838319	0,053357809782	0,129984781146	45096,7615488426
369	0,344017636299	0,343796384636	1,3392814393	1,238997231473	0,053357809782	0,129984781146	45096,854971088
370	0,343677982274	0,343973410693	1,33815531846	1,239878620095	0,053357809782	0,129984781146	45096,9482050116
371	0,343871228453	0,344063754699	1,338704788139	1,240271964309	0,053357809782	0,129984781146	45097,0414212847
372	0,343961489326	0,344072802028	1,339008186748	1,240274070904	0,053357809782	0,129984781146	45097,1346048495
373	0,343921514697	0,34403792075	1,338822199379	1,240131031028	0,053357809782	0,129984781146	45097,2276475926
374	0,34386781573	0,343541971386	1,338606210005	1,237820119796	0,053357809782	0,129984781146	45097,3207078588
375	0,34344112415	0,343792312382	1,337535549714	1,239016359324	0,053357809782	0,129984781146	45097,414126956
376	0,343721408389	0,343924271555	1,338219190274	1,239628820236	0,053357809782	0,129984781146	45097,5072311806
377	0,313231892423		1,209952873284		0,053357809782	0,129984781146	45097,543071412
