TesterID:	Maccor#2						
Channel Number:	64						
TestName:	KAI_Zelltest_regulaer_fix_no_degass_flag.000						
TestDesc:	Regular cycling: formation, followed by pulse, C-rate quick charge and cycling t						
StartDateTime:	45056,3212033912						
Comment:							
							
							
Cycle	AH-IN	AH-OUT	WH-IN	WH-OUT	ACR	DCIR	Date
0		2,0993E-8		5,83893146298029E-9	0	0	45057,5713427431
1	0,517874969272	0,443385724988	1,925287756097	1,624756098269	0	0	45058,0090456019
2	0,446227133809	0,44306281281	1,676450343838	1,62403726512	0	0	45058,4213834491
3	0,458800490972	7,6943E-8	1,728254366067	2,47017E-7	0	0	45058,9072719213
4	0	7,9685E-8	0	2,58261E-7	0,042470086366	0,130541414022	45059,2096359607
5	0,448697083227	0,44691284178	1,699330579251	1,63922203002	0,042470086366	0,130541414022	45059,473746875
6	0,447594968246	0,445746060469	1,694486963822	1,635148253667	0,042470086366	0,130541414022	45059,7437296759
7	0,446343876997	0,444960029469	1,689516031497	1,632402254182	0,042470086366	0,130541414022	45060,0129291088
8	0,445478273537	0,421878612725	1,685957286637	1,519980146551	0,042470086366	0,130541414022	45060,199603588
9	0,422308183833	0,420674817047	1,605653279767	1,515974290299	0,042470086366	0,130541414022	45060,379872338
10	0,421111614014	0,419509700657	1,601152062413	1,511830246836	0,042470086366	0,130541414022	45060,5596139931
11	0,419915088987	0,337747909602	1,596568687558	1,191471599223	0,042470086366	0,130541414022	45060,7163290625
12	0,338156771604	0,337892545208	1,305376608539	1,192907205427	0,042470086366	0,130541414022	45060,8504932986
13	0,338287381357	0,33373075444	1,305602919068	1,178890305617	0,042470086366	0,130541414022	45060,9844422685
14	0,334080430829	0,436313017778	1,290181494775	1,601785329076	0,042470086366	0,130541414022	45061,2197753588
15	0,436650878372	0,437071323976	1,652458466936	1,604570982652	0,042470086366	0,130541414022	45061,4831483681
16	0,437520677942	1,16561E-7	1,655351841156	3,69936E-7	0,042470086366	0,130541414022	45061,7536022801
17	0,382094824477	0,382617332132	1,454025520174	1,383670562541	0,042470086366	0,130541414022	45061,8978193634
18	0,381851929247	0,381943675355	1,452483952497	1,380919683532	0,042470086366	0,130541414022	45062,0487110301
19	0,381521310328	0,381224030644	1,450980642154	1,378216503561	0,042470086366	0,130541414022	45062,1993826042
20	0,355115830447	0,345012421837	1,379235926531	1,239796829478	0,042470086366	0,130541414022	45062,322029213
21	0,34389885332	0,332111030204	1,335699912957	1,194097924238	0,042470086366	0,130541414022	45062,4407030208
22	0,331555580025	1,0301E-7	1,288897551342	3,15133E-7	0,042470086366	0,130541414022	45062,5629115625
23	6,35792579029017E-15	0,230829631069	2,38105703320503E-14	0,809753348879	0,042949236929	0,114229232073	45062,8295225579
24	0,405575978062	0,398321682236	1,56540534241	1,437267295826	0,042949236929	0,114229232073	45062,9351733912
25	0,398654457173	0,397385179478	1,541279461886	1,434006616481	0,042949236929	0,114229232073	45063,039726169
26	0,397761142442	0,396849185143	1,538041817268	1,432440728444	0,042949236929	0,114229232073	45063,1440676042
27	0,397014074469	0,39582619531	1,535274922939	1,428470268205	0,042949236929	0,114229232073	45063,2483784144
28	0,396099890475	0,395180399596	1,531905159007	1,425998440967	0,042949236929	0,114229232073	45063,3525492708
29	0,395414202569	0,394429954758	1,529306995073	1,423218165978	0,042949236929	0,114229232073	45063,4565383449
30	0,394628274585	0,393764778178	1,52653221294	1,420885145537	0,042949236929	0,114229232073	45063,5602461574
31	0,393986806958	0,393237763565	1,524052874419	1,419128044374	0,042949236929	0,114229232073	45063,6637136343
32	0,39324099858	0,392352986137	1,521527330203	1,415616059171	0,042949236929	0,114229232073	45063,7668428935
33	0,392694792023	0,392195445003	1,519284877317	1,415648231082	0,042949236929	0,114229232073	45063,8700201157
34	0,392411603361	0,391654224664	1,517904250297	1,413490119155	0,042949236929	0,114229232073	45063,9730898495
35	0,391863589668	0,391127156642	1,516025765517	1,411659871486	0,042949236929	0,114229232073	45064,0760865972
36	0,391309987624	0,390627361795	1,514060150915	1,40991350901	0,042949236929	0,114229232073	45064,178889537
37	0,390766873103	0,390113326886	1,512167439822	1,408111539894	0,042949236929	0,114229232073	45064,281459456
38	0,390325836665	0,389665107321	1,51050267409	1,406704276451	0,042949236929	0,114229232073	45064,3841630671
39	0,389842014722	0,389139401168	1,508659476721	1,404688193486	0,042949236929	0,114229232073	45064,486833125
40	0,389312929224	0,38871448382	1,506651641877	1,403182141346	0,042949236929	0,114229232073	45064,5893363194
41	0,388869436554	0,388262389735	1,504969468347	1,401491494722	0,042949236929	0,114229232073	45064,6916995718
42	0,388421741692	0,387823253525	1,503257536243	1,399830036407	0,042949236929	0,114229232073	45064,793964456
43	0,388020312968	0,387369852246	1,501694041911	1,398506709437	0,042949236929	0,114229232073	45064,8958930093
44	0,38757352281	0,387031447833	1,500098817185	1,39760405122	0,042949236929	0,114229232073	45064,9979083449
45	0,387145624027	0,386430864813	1,498459212971	1,395246445036	0,042949236929	0,114229232073	45065,0998033333
46	0,386594248138	0,385936119218	1,496295265489	1,393308760278	0,042949236929	0,114229232073	45065,201536713
47	0,386115371186	0,385357508974	1,494618936258	1,391301656775	0,042949236929	0,114229232073	45065,3031395139
48	0,385430508639	0,384891159782	1,492296361932	1,389588425601	0,042949236929	0,114229232073	45065,4045036921
49	0,385042681208	0,384548933196	1,490944415835	1,388584218104	0,042949236929	0,114229232073	45065,5059254051
50	0,38474280073	0,384134284113	1,489634363527	1,387079858596	0,042949236929	0,114229232073	45065,6073523611
51	0,384240541543	0,383732551155	1,487604208016	1,385569265044	0,042949236929	0,114229232073	45065,7083580671
52	0,383999746165	0,383417399584	1,486680341238	1,384716060863	0,042949236929	0,114229232073	45065,8096378125
53	0,383488403139	0,383338712623	1,484769998569	1,384598597627	0,042949236929	0,114229232073	45065,9104828357
54	0,383529468387	0,382734235585	1,484575744306	1,382381822177	0,042949236929	0,114229232073	45066,0112365625
55	0,382857660532	0,382394441541	1,482418434178	1,381405632643	0,042949236929	0,114229232073	45066,1120507292
56	0,382502852569	0,381850708127	1,480868875636	1,379115596221	0,042949236929	0,114229232073	45066,212454456
57	0,382046617588	0,381629920252	1,479379044497	1,378681321205	0,042949236929	0,114229232073	45066,3130431019
58	0,381740477926	0,381173836566	1,478143915503	1,376603680238	0,042949236929	0,114229232073	45066,4136553009
59	0,381305160345	0,380805739156	1,476558202116	1,375464620596	0,042949236929	0,114229232073	45066,5139034375
60	0,380917882855	0,380636483333	1,475207329228	1,375209158111	0,042949236929	0,114229232073	45066,6140927315
61	0,380852099596	0,380351076042	1,47462795508	1,374164241158	0,042949236929	0,114229232073	45066,7142634722
62	0,380513182658	0,380265860974	1,473423014501	1,37414271729	0,042949236929	0,114229232073	45066,8144449074
63	0,380419178348	0,38016895898	1,472483836696	1,374337908866	0,042949236929	0,114229232073	45066,91417875
64	0,380303106554	0,379817599232	1,47189481561	1,373044278839	0,042949236929	0,114229232073	45067,0138296412
65	0,379954444889	0,379505034489	1,470677242697	1,371885803477	0,042949236929	0,114229232073	45067,1134719213
66	0,379622997294	0,379269997233	1,469462074296	1,371048349463	0,042949236929	0,114229232073	45067,2129908449
67	0,379406315033	0,378985810031	1,468611963326	1,370022884416	0,042949236929	0,114229232073	45067,3123953241
68	0,379139202652	0,378586657119	1,467628385222	1,368466155019	0,042949236929	0,114229232073	45067,4119202778
69	0,378729738956	0,378400752431	1,46626091599	1,367919691045	0,042949236929	0,114229232073	45067,5114318056
70	0,378595976504	0,378673304203	1,465508166151	1,369655011977	0,042949236929	0,114229232073	45067,6106263079
71	0,378844350505	0,378686181123	1,465775078367	1,370094623563	0,042949236929	0,114229232073	45067,7095926273
72	0,37885389326	0,378669354235	1,46535804771	1,370370137051	0,042949236929	0,114229232073	45067,8083831829
73	0,378912400018	1,80152E-7	1,465259234184	5,7816E-7	0,042949236929	0,114229232073	45067,914129537
74	1,52590218966964E-13	0,213115599083	5,71588539832311E-13	0,748082725778	0,041740573943	0,104926809669	45068,1657521065
75	0,385703833235	0,379477981302	1,488079521723	1,373973778807	0,041740573943	0,104926809669	45068,2649831134
76	0,379650044779	0,379056888672	1,467515153231	1,37237980468	0,041740573943	0,104926809669	45068,3635817708
77	0,379264964417	0,378850167286	1,465946355725	1,371785962031	0,041740573943	0,104926809669	45068,4620183449
78	0,378878989778	0,377999049566	1,4647351267	1,367945351107	0,041740573943	0,104926809669	45068,5605194907
79	0,378163812295	0,378042921373	1,462639790547	1,36857062425	0,041740573943	0,104926809669	45068,6591148148
80	0,378269782668	0,377849127134	1,46238109273	1,368148817306	0,041740573943	0,104926809669	45068,7574912384
81	0,378031225831	0,377712252222	1,461380753899	1,367849229335	0,041740573943	0,104926809669	45068,8557430324
82	0,377854974228	0,37769806769	1,46056663509	1,368208782443	0,041740573943	0,104926809669	45068,953845706
83	0,377782011795	0,377182699526	1,460006146258	1,366070959283	0,041740573943	0,104926809669	45069,0515709375
84	0,377310141138	0,37668416164	1,458663395176	1,36380939415	0,041740573943	0,104926809669	45069,1496180903
85	0,376762074862	0,37633924883	1,457067533016	1,362428100069	0,041740573943	0,104926809669	45069,2477430903
86	0,376454698484	0,375933685645	1,455779710255	1,360806127177	0,041740573943	0,104926809669	45069,3456401273
87	0,37597993848	0,375242653289	1,454534925832	1,357579646111	0,041740573943	0,104926809669	45069,4437005208
88	0,375364618401	0,375061819045	1,452782565527	1,356886095895	0,041740573943	0,104926809669	45069,5418313194
89	0,374683410956	0,372948755003	1,450542268554	1,347428370837	0,041740573943	0,104926809669	45069,6400290394
90	0,373250815476	0,373455091305	1,446952856188	1,349569699349	0,041740573943	0,104926809669	45069,7386533796
91	0,373715333627	0,37335429508	1,44774589499	1,349406714997	0,041740573943	0,104926809669	45069,8371339236
92	0,373513067974	0,373535080581	1,446916474299	1,350718879201	0,041740573943	0,104926809669	45069,9353603357
93	0,37368710676	0,373745644275	1,446985361972	1,352222751016	0,041740573943	0,104926809669	45070,0332951042
94	0,373881922789	0,373464083534	1,447226495644	1,351243560073	0,041740573943	0,104926809669	45070,1311715162
95	0,373587572284	0,373378776275	1,445952648806	1,351191195437	0,041740573943	0,104926809669	45070,2287579398
96	0,373502091889	0,37305848983	1,445673634499	1,349971577511	0,041740573943	0,104926809669	45070,3264440857
97	0,372249953923	0,370241448061	1,441357819982	1,336861683876	0,041740573943	0,104926809669	45070,424511169
98	0,370402487689	0,3705436905	1,43687964516	1,338801411345	0,041740573943	0,104926809669	45070,5227088773
99	0,370649307466	0,370370631999	1,437202869406	1,338365304354	0,041740573943	0,104926809669	45070,6206656019
100	0,370245338364	0,369822061259	1,43529003301	1,336686180678	0,041740573943	0,104926809669	45070,7428289931
101	0,370590081406	0,370444234735	1,436530649675	1,33886375281	0,041740573943	0,104926809669	45070,8405988079
102	0,370593163525	0,370241421352	1,436405987672	1,338056138889	0,041740573943	0,104926809669	45070,9384539005
103	0,370306732961	0,369817718371	1,435680121319	1,336267669291	0,041740573943	0,104926809669	45071,0362403935
104	0,369911055169	0,369595603598	1,434349828591	1,335430893101	0,041740573943	0,104926809669	45071,1340243403
105	0,369687096386	0,369400554091	1,433447850435	1,33452417355	0,041740573943	0,104926809669	45071,231900787
106	0,369519924082	0,369135756443	1,43281323607	1,333442086674	0,041740573943	0,104926809669	45071,3296928819
107	0,368802942624	0,36812751284	1,430209524845	1,329555880888	0,041740573943	0,104926809669	45071,4284727546
108	0,368242796882	0,368275557064	1,42864845567	1,33058932906	0,041740573943	0,104926809669	45071,5261399768
109	0,368452105241	0,368253573474	1,428985973828	1,330751499448	0,041740573943	0,104926809669	45071,6236412963
110	0,368396757624	0,368136114399	1,42869014524	1,330355008809	0,041740573943	0,104926809669	45071,7211986458
111	0,368406544976	0,368137342324	1,428641962812	1,330303826524	0,041740573943	0,104926809669	45071,8186616782
112	0,368263846536	0,367857021378	1,428013755844	1,329275131333	0,041740573943	0,104926809669	45071,9161389583
113	0,36795527464	0,367518619296	1,427220232873	1,327749425545	0,041740573943	0,104926809669	45072,0137255556
114	0,367600483529	0,367193157711	1,426029088295	1,326413497326	0,041740573943	0,104926809669	45072,1110512731
115	0,367271390666	0,367013640191	1,424693691288	1,325633367767	0,041740573943	0,104926809669	45072,2084033681
116	0,367072853958	0,366735891238	1,423996124276	1,324694049994	0,041740573943	0,104926809669	45072,3055960995
117	0,366870980167	0,366529256954	1,423223014973	1,323972583058	0,041740573943	0,104926809669	45072,4027839699
118	0,366589622852	0,366294189393	1,422328217643	1,323207112963	0,041740573943	0,104926809669	45072,4999740857
119	0,366377224311	0,366292884322	1,421695201794	1,3232372612	0,041740573943	0,104926809669	45072,5972466204
120	0,366373875305	0,366034587232	1,421583675587	1,322275082937	0,041740573943	0,104926809669	45072,6944918866
121	0,36606161808	0,365623788296	1,420243775164	1,320465944521	0,041740573943	0,104926809669	45072,7915607986
122	0,365750871124	0,365477889369	1,419178761212	1,320049530497	0,041740573943	0,104926809669	45072,8884956481
123	0,365576047333	0,365386141322	1,418745877674	1,319922288522	0,041740573943	0,104926809669	45072,9855072801
124	0,365428255041	7,6519E-8	1,418211041814	2,48663E-7	0,041740573943	0,104926809669	45073,0896
125	0	0,205107654719	0	0,719616470829	0,044368080795	0,116256691515	45073,3346062153
126	0,374048571093	0,366298079384	1,447641866486	1,323270682003	0,044368080795	0,116256691515	45073,4324955903
127	0,366393718223	0,365932576007	1,421252525358	1,321983149495	0,044368080795	0,116256691515	45073,5292829282
128	0,366054708711	0,36568707975	1,419885831365	1,320988372856	0,044368080795	0,116256691515	45073,6261736574
129	0,365777445608	0,365377120697	1,418974387457	1,319859426023	0,044368080795	0,116256691515	45073,7228856018
130	0,365541744827	0,365180781591	1,418091653582	1,319286770883	0,044368080795	0,116256691515	45073,819775081
131	0,365254572459	0,365118745825	1,417136728509	1,319251404162	0,044368080795	0,116256691515	45073,9166275579
132	0,365164955666	0,364705453736	1,416655615502	1,317374336077	0,044368080795	0,116256691515	45074,0133614815
133	0,36476460836	0,364325677027	1,415260840782	1,315943404108	0,044368080795	0,116256691515	45074,109879294
134	0,364444493761	0,364218480491	1,414357116041	1,315792976323	0,044368080795	0,116256691515	45074,2066529977
135	0,364268933511	0,364054348517	1,413695634152	1,315215589788	0,044368080795	0,116256691515	45074,3034139699
136	0,364143702155	0,363945970468	1,413169958789	1,314807346468	0,044368080795	0,116256691515	45074,4001452662
137	0,364020109928	0,36372771538	1,412752528726	1,313996864477	0,044368080795	0,116256691515	45074,496816412
138	0,363816412239	0,363453917667	1,411944664859	1,312878048825	0,044368080795	0,116256691515	45074,5934571759
139	0,363529227199	0,36319554237	1,410723659812	1,311818903166	0,044368080795	0,116256691515	45074,6898239005
140	0,363327067233	0,363133615113	1,410138222919	1,311775517978	0,044368080795	0,116256691515	45074,7862087731
141	0,363201338787	0,363178755113	1,409710861153	1,312144996607	0,044368080795	0,116256691515	45074,8825506366
142	0,363258718336	0,362709873347	1,409681456094	1,3101574517	0,044368080795	0,116256691515	45074,9789387153
143	0,362780936156	0,362522588987	1,40823927785	1,309559861891	0,044368080795	0,116256691515	45075,075327581
144	0,362577238886	0,362405049801	1,407527088128	1,308963680921	0,044368080795	0,116256691515	45075,1717424421
145	0,362477720376	0,362111868887	1,406969806969	1,307830262441	0,044368080795	0,116256691515	45075,2679442708
146	0,362229502027	0,362225532709	1,406269206412	1,308599462102	0,044368080795	0,116256691515	45075,364213287
147	0,362278579146	0,362106679339	1,406363364196	1,307954589594	0,044368080795	0,116256691515	45075,4605294792
148	0,362222263502	0,361787706019	1,405991192848	1,306724459173	0,044368080795	0,116256691515	45075,5568377546
149	0,361905586456	0,361698545857	1,404998781539	1,306671287771	0,044368080795	0,116256691515	45075,6532064699
150	0,361748726558	0,361592622815	1,404375192241	1,306213943067	0,044368080795	0,116256691515	45075,7494553472
151	0,36172068007	0,361583619145	1,404092587771	1,306271760251	0,044368080795	0,116256691515	45075,8456978356
152	0,361683838482	0,36155644643	1,403949449923	1,306585024238	0,044368080795	0,116256691515	45075,9419074884
153	0,361575837278	0,36116769233	1,403345465775	1,304761627106	0,044368080795	0,116256691515	45076,0378652199
154	0,361273591553	0,361068135903	1,402599694002	1,304549310598	0,044368080795	0,116256691515	45076,1340587847
155	0,361091266028	0,360732442296	1,401838290211	1,3029257675	0,044368080795	0,116256691515	45076,2299848148
156	0,360820084189	0,360861541674	1,401010603447	1,303679890009	0,044368080795	0,116256691515	45076,325927037
157	0,35990558931	0,359146288809	1,397239129747	1,296492024132	0,044368080795	0,116256691515	45076,4208105324
158	0,35973764096	0,360003897757	1,39756587766	1,30052033503	0,044368080795	0,116256691515	45076,5168408218
159	0,356880685813	0,357027944924	1,384179459942	1,288974280171	0,044368080795	0,116256691515	45076,6056247454
160	0,360618787866	0,360200234741	1,399935511787	1,301379235486	0,044368080795	0,116256691515	45076,7015056134
161	0,360366150558	0,360174398463	1,399171043348	1,301223569966	0,044368080795	0,116256691515	45076,7973792824
162	0,360368386607	0,360139525451	1,399059855631	1,301299905101	0,044368080795	0,116256691515	45076,8931271065
163	0,36021580093	0,359992273768	1,398441884642	1,300696334605	0,044368080795	0,116256691515	45076,9889206134
164	0,360036420922	0,359891554264	1,398025358332	1,29997544207	0,044368080795	0,116256691515	45077,0848647222
165	0,360001742709	0,359557065487	1,397743412947	1,298685285483	0,044368080795	0,116256691515	45077,1806765393
166	0,359635324266	0,359611290538	1,396678289423	1,299071760841	0,044368080795	0,116256691515	45077,2765831134
167	0,359584650355	0,358946028766	1,396066957878	1,296439095919	0,044368080795	0,116256691515	45077,3716924421
168	0,358986261007	0,359049364557	1,394562932067	1,296848661144	0,044368080795	0,116256691515	45077,4675514236
169	0,359203154719	0,359177217358	1,395002625332	1,29752787649	0,044368080795	0,116256691515	45077,5631064583
170	0,359129883969	0,358842737268	1,39446651295	1,296331415921	0,044368080795	0,116256691515	45077,6586687616
171	0,358975247453	0,358947334892	1,394258760011	1,296609252238	0,044368080795	0,116256691515	45077,7544529861
172	0,359193158507	0,359252149751	1,394657729894	1,298046871649	0,044368080795	0,116256691515	45077,8500828588
173	0,359331379316	0,359101026094	1,394858167416	1,297438333245	0,044368080795	0,116256691515	45077,9454571181
174	0,359210286476	0,359072611039	1,394645939838	1,297504868624	0,044368080795	0,116256691515	45078,0409708218
175	0,35912125598	1,2823E-7	1,394205860231	4,1589E-7	0,044368080795	0,116256691515	45078,1433707292
176	0	0,199476209956	0	0,699998038941	0,046496573836	0,120137564838	45078,3847423611
177	0,366877318749	0,359361949432	1,421893341383	1,297909140868	0,046496573836	0,120137564838	45078,48146
178	0,359579392768	0,359619034281	1,396121471807	1,299454824379	0,046496573836	0,120137564838	45078,5769739815
179	0,359753970326	0,359495034383	1,396322894321	1,29908622484	0,046496573836	0,120137564838	45078,6723834491
180	0,359640491669	0,359458844644	1,395878711301	1,298785377808	0,046496573836	0,120137564838	45078,7679774884
181	0,359677025867	0,359620306077	1,396003778931	1,299629471195	0,046496573836	0,120137564838	45078,8633957755
182	0,359758905371	0,359439500231	1,395962104357	1,299134228707	0,046496573836	0,120137564838	45078,9587525926
183	0,359481294455	0,359325792334	1,395043934361	1,298550137815	0,046496573836	0,120137564838	45079,053974375
184	0,359447202717	0,359263775427	1,394952166703	1,298621510878	0,046496573836	0,120137564838	45079,1493270949
185	0,359291980123	0,359464037586	1,394159865933	1,299746909734	0,046496573836	0,120137564838	45079,2443549537
186	0,359614412142	0,359500139161	1,394876409531	1,300373468271	0,046496573836	0,120137564838	45079,339245
187	0,359139000023	0,357715090255	1,393470339709	1,291635133352	0,046496573836	0,120137564838	45079,4344228472
188	0,357736165656	0,357897222788	1,389637843524	1,292789948045	0,046496573836	0,120137564838	45079,5296131944
189	0,358084323724	0,358035485843	1,390483825036	1,293561523721	0,046496573836	0,120137564838	45079,6248796991
190	0,35818743113	0,358160761564	1,390694306211	1,294044713059	0,046496573836	0,120137564838	45079,719971713
191	0,358347774897	0,358107753842	1,391083649567	1,29387750587	0,046496573836	0,120137564838	45079,8151471412
192	0,358208263171	0,358069022417	1,390470967886	1,293768896925	0,046496573836	0,120137564838	45079,9099697107
193	0,358164035281	0,357928265572	1,390443159422	1,29317039592	0,046496573836	0,120137564838	45080,0051291435
194	0,357977139554	0,357759047469	1,389813253688	1,292452719419	0,046496573836	0,120137564838	45080,1001455093
195	0,357839400097	0,357933383915	1,389351962314	1,293351772238	0,046496573836	0,120137564838	45080,1951826968
196	0,35808452136	0,357914008134	1,389886960972	1,293600399084	0,046496573836	0,120137564838	45080,2902387963
197	0,357931133428	0,357624733957	1,389252036379	1,292200517935	0,046496573836	0,120137564838	45080,3851527546
198	0,357704295253	0,357451630525	1,388795237335	1,291346931767	0,046496573836	0,120137564838	45080,480195463
199	0,35749778821	0,357487788049	1,388014456037	1,291603191707	0,046496573836	0,120137564838	45080,5750541319
200	0,357676976986	0,357651823381	1,388437712769	1,292667384497	0,046496573836	0,120137564838	45080,6700304167
201	0,357777384415	0,358165957474	1,388307762594	1,295646318053	0,046496573836	0,120137564838	45080,7646357407
202	0,358311574693	0,358443620174	1,3896469886	1,297141730173	0,046496573836	0,120137564838	45080,8592130093
203	0,358525503597	0,358439758155	1,390050332561	1,297449894021	0,046496573836	0,120137564838	45080,9534909028
204	0,358574795452	0,35855467957	1,390205268141	1,298190501437	0,046496573836	0,120137564838	45081,0478628125
205	0,358598624972	0,358390651235	1,389997822878	1,297440289571	0,046496573836	0,120137564838	45081,1420075926
206	0,358465014619	0,358393234879	1,389663554687	1,297389673487	0,046496573836	0,120137564838	45081,2362278009
207	0,358584971473	0,358557292466	1,389898196599	1,298492559297	0,046496573836	0,120137564838	45081,3305154282
208	0,358617519465	0,358535275605	1,389778768887	1,298479755074	0,046496573836	0,120137564838	45081,4244801852
209	0,358624871967	0,358482376815	1,389817528598	1,29825489483	0,046496573836	0,120137564838	45081,5186615625
210	0,358570808593	0,358389349129	1,389623711757	1,297891330874	0,046496573836	0,120137564838	45081,6126424884
211	0,35848033097	0,358443564647	1,389272226268	1,298156929652	0,046496573836	0,120137564838	45081,7066158681
212	0,358562205365	0,358477186417	1,389502047662	1,298530867621	0,046496573836	0,120137564838	45081,8006648727
213	0,358622604757	0,358811724787	1,389392629621	1,300333176914	0,046496573836	0,120137564838	45081,8944456597
214	0,358919097325	0,358869837499	1,39003059015	1,300964794743	0,046496573836	0,120137564838	45081,9881490509
215	0,358948069955	0,35886597273	1,389940252593	1,301027521663	0,046496573836	0,120137564838	45082,0816353935
216	0,358935063851	0,358858207159	1,38984591501	1,301056334344	0,046496573836	0,120137564838	45082,1752082986
217	0,358976094897	0,358765229913	1,390013724069	1,300671512284	0,046496573836	0,120137564838	45082,268801169
218	0,358831546281	0,358592161875	1,389462829418	1,300344159299	0,046496573836	0,120137564838	45082,362171956
219	0,357951824966	0,355902963577	1,387420157652	1,286368893262	0,046496573836	0,120137564838	45082,4561878472
220	0,355974681385	0,355631768796	1,382471936685	1,284644508593	0,046496573836	0,120137564838	45082,5509195949
221	0,355742964844	0,355686947749	1,38169603046	1,285197322426	0,046496573836	0,120137564838	45082,6459107523
222	0,355794717914	0,355476723569	1,381731175285	1,283828925816	0,046496573836	0,120137564838	45082,7405567477
223	0,355736007935	0,355995923443	1,381596074346	1,28633920123	0,046496573836	0,120137564838	45082,8352025579
224	0,356099322178	0,35632919129	1,382366484432	1,28817978351	0,046496573836	0,120137564838	45082,9296089236
225	0,356473107815	0,356464782534	1,383342342188	1,289215571331	0,046496573836	0,120137564838	45083,0240663079
226	0,356547775667	1,40522E-7	1,383331012686	4,51549E-7	0,046496573836	0,120137564838	45083,1252378588
227	9,72762645914397E-13	0,195876989468	3,64998978123626E-12	0,687528877446	0,047341611236	0,116748519242	45083,365029456
228	0,363992584313	0,358907250293	1,408679183331	1,302673502802	0,047341611236	0,116748519242	45083,4589179167
229	0,349588134461	0,348025229905	1,351870977957	1,254926804693	0,047341611236	0,116748519242	45083,5409325116
230	0,357043095125	0,356507391448	1,385569849428	1,288452381086	0,047341611236	0,116748519242	45083,6353865278
231	0,356612226575	0,356123585721	1,384386315711	1,286223498079	0,047341611236	0,116748519242	45083,7305366551
232	0,356351049754	0,356712849723	1,383539833221	1,289346566939	0,047341611236	0,116748519242	45083,8251664352
233	0,356912719131	0,357235933865	1,384349699301	1,292738785632	0,047341611236	0,116748519242	45083,919111088
234	0,357391580785	0,357331523584	1,3855645251	1,293597766831	0,047341611236	0,116748519242	45084,0129928241
235	0,357429058072	0,357256591615	1,385462831787	1,293377843393	0,047341611236	0,116748519242	45084,1068231481
236	0,357336607717	0,357380609314	1,385170672289	1,294042557545	0,047341611236	0,116748519242	45084,2006638889
237	0,357545721918	0,35732764864	1,385587898093	1,29412853185	0,047341611236	0,116748519242	45084,2945049653
238	0,357190394711	0,35650225975	1,384103014752	1,290586171422	0,047341611236	0,116748519242	45084,3878319676
239	0,356326729299	0,355086627524	1,38236966798	1,28279398419	0,047341611236	0,116748519242	45084,4819022106
240	0,355126600018	0,354930328515	1,379423360578	1,281805659777	0,047341611236	0,116748519242	45084,5763710532
241	0,355143811322	0,355108629762	1,379273525475	1,282402992681	0,047341611236	0,116748519242	45084,6708784954
242	0,355213295866	0,35518486341	1,379488814536	1,282909736146	0,047341611236	0,116748519242	45084,7653965046
243	0,355290538074	0,355564575905	1,379687152952	1,284838810393	0,047341611236	0,116748519242	45084,8599581481
244	0,355758520826	0,356231062003	1,380509897074	1,288807191865	0,047341611236	0,116748519242	45084,9540221875
245	0,356365281364	0,356383383705	1,38176330579	1,289888811069	0,047341611236	0,116748519242	45085,0477045255
246	0,356536243282	0,356697335535	1,382107503657	1,291692644519	0,047341611236	0,116748519242	45085,1413033681
247	0,356755128268	0,356524222145	1,382665628248	1,291006935815	0,047341611236	0,116748519242	45085,2349160648
248	0,356622666583	0,356489342565	1,382281913744	1,290837607308	0,047341611236	0,116748519242	45085,328505081
249	0,356569932102	0,356546152115	1,3820142012	1,291324890191	0,047341611236	0,116748519242	45085,4219709722
250	0,356623886934	0,356592728585	1,381861882426	1,291733516482	0,047341611236	0,116748519242	45085,5152931597
251	0,356753754631	0,356590086442	1,382329240141	1,291969769147	0,047341611236	0,116748519242	45085,6086795949
252	0,356559741175	0,35578159289	1,381680294708	1,287642041347	0,047341611236	0,116748519242	45085,7021442245
253	0,355706658281	0,355230014644	1,379720770321	1,284416785204	0,047341611236	0,116748519242	45085,7959385417
254	0,35529646962	0,3552519959	1,378799809598	1,284692133632	0,047341611236	0,116748519242	45085,8899119676
255	0,35529082816	0,354917452232	1,378530351204	1,283301854934	0,047341611236	0,116748519242	45085,983774294
256	0,354982083509	0,354881237274	1,377653829909	1,283003217613	0,047341611236	0,116748519242	45086,0776419213
257	0,35489015628	0,354474353338	1,37733185148	1,28088116374	0,047341611236	0,116748519242	45086,1715188889
258	0,354440383877	0,354152799335	1,376345929515	1,278902810211	0,047341611236	0,116748519242	45086,2657505208
259	0,354216574924	0,353997859862	1,375626178327	1,278294327085	0,047341611236	0,116748519242	45086,359901875
260	0,354056266625	0,354048199587	1,375383132803	1,278543911567	0,047341611236	0,116748519242	45086,4543303125
261	0,354117655782	0,353991331545	1,375424745919	1,278111804823	0,047341611236	0,116748519242	45086,5486766782
262	0,354101179895	0,35421859645	1,375232775338	1,279641970152	0,047341611236	0,116748519242	45086,6427961806
263	0,354310323038	0,354303918328	1,37563254399	1,279938113501	0,047341611236	0,116748519242	45086,736777419
264	0,354403573618	0,354603580298	1,375937576147	1,281636872095	0,047341611236	0,116748519242	45086,8307808449
265	0,354846043265	0,355383738693	1,376857410175	1,286059614396	0,047341611236	0,116748519242	45086,9245235185
266	0,355579461346	0,355890108061	1,378213604333	1,28938138995	0,047341611236	0,116748519242	45087,0175807407
267	0,355976127524	0,356024361598	1,37910717851	1,290216767972	0,047341611236	0,116748519242	45087,1105441898
268	0,356158364693	0,355984313447	1,379670069701	1,290137497287	0,047341611236	0,116748519242	45087,2036482986
269	0,356030942864	0,355975269721	1,379168226556	1,290082255172	0,047341611236	0,116748519242	45087,2964712384
270	0,356106882758	0,356144490578	1,37934019269	1,291130153288	0,047341611236	0,116748519242	45087,3894422454
271	0,356291719203	0,356181960165	1,379766987146	1,291474671182	0,047341611236	0,116748519242	45087,4823162963
272	0,356269714468	0,356281436697	1,379555369946	1,291995589349	0,047341611236	0,116748519242	45087,575050787
273	0,356401209036	0,356367933097	1,379870536727	1,292643982678	0,047341611236	0,116748519242	45087,6678292361
274	0,356519209681	0,356469967	1,380083538656	1,29338499115	0,047341611236	0,116748519242	45087,7605505093
275	0,356584507627	0,356648247052	1,380056417234	1,294457762597	0,047341611236	0,116748519242	45087,8529752778
276	0,356768759329	0,356817419801	1,380355080316	1,295418859236	0,047341611236	0,116748519242	45087,9453197106
277	0,356911651419	3,4122E-7	1,38073826292	1,084802E-6	0,047341611236	0,116748519242	45088,0445966435
278	3,2997634851606E-12	0,192546191494	1,23709596943556E-11	0,676105673727	0,045157499611	0,106403082609	45088,2823374074
279	0,362414390772	0,357966925784	1,399650194423	1,300266074838	0,045157499611	0,106403082609	45088,3752427778
280	0,358118690375	0,357804251897	1,384697052645	1,299755721196	0,045157499611	0,106403082609	45088,4675861921
281	0,357910609951	0,357684075443	1,383824230691	1,299387213399	0,045157499611	0,106403082609	45088,55971375
282	0,357772850615	0,357560208	1,383258054178	1,298911027385	0,045157499611	0,106403082609	45088,6517660532
283	0,357697937824	0,357545918138	1,382989784365	1,298974835781	0,045157499611	0,106403082609	45088,7438191319
284	0,3576906092	0,357592443321	1,382862240454	1,299388997571	0,045157499611	0,106403082609	45088,8358217014
285	0,357751410076	0,357642775415	1,382858304164	1,299801867644	0,045157499611	0,106403082609	45088,927819294
286	0,357745722896	0,357596266557	1,382777309325	1,299629380926	0,045157499611	0,106403082609	45089,0198095486
287	0,357692253035	0,35749552077	1,382555459667	1,299195715067	0,045157499611	0,106403082609	45089,1117743171
288	0,357551170274	0,357339246771	1,382146580409	1,298408496179	0,045157499611	0,106403082609	45089,2036944792
289	0,357429657145	0,357234659739	1,381839414613	1,297879389211	0,045157499611	0,106403082609	45089,2956780324
290	0,357330916226	0,357287583324	1,381527612217	1,298254834439	0,045157499611	0,106403082609	45089,3876279977
291	0,356817390612	0,355639467818	1,379638552637	1,290036564631	0,045157499611	0,106403082609	45089,4797362731
292	0,355495376485	0,354486016529	1,377343765454	1,283688641816	0,045157499611	0,106403082609	45089,5726093403
293	0,354246664947	0,352989048628	1,374743063507	1,274745687032	0,045157499611	0,106403082609	45089,6665357176
294	0,35315078383	0,352899829975	1,371952246387	1,273589327865	0,045157499611	0,106403082609	45089,7607422222
295	0,353109687908	0,35363743668	1,371780147836	1,277497249392	0,045157499611	0,106403082609	45089,8548515278
296	0,354000249808	0,354980693248	1,373596190175	1,2855161702	0,045157499611	0,106403082609	45089,9482852199
297	0,355171577372	0,355611055733	1,375798427892	1,289591489333	0,045157499611	0,106403082609	45090,0407277546
298	0,355808385444	0,356012675306	1,377272450821	1,292036871745	0,045157499611	0,106403082609	45090,1330479282
299	0,356145804209	0,356176764046	1,37798164225	1,293130950365	0,045157499611	0,106403082609	45090,2252528009
300	0,356297665285	0,356220683749	1,378293284076	1,293472415853	0,045157499611	0,106403082609	45090,3173775347
301	0,355901994334	0,354746944108	1,37654811716	1,286682680708	0,045157499611	0,106403082609	45090,4091810764
302	0,354187936883	0,35227913225	1,373516934744	1,271786757108	0,045157499611	0,106403082609	45090,5034321181
303	0,352374933364	0,352339305914	1,369242465027	1,271979087794	0,045157499611	0,106403082609	45090,5973444213
304	0,352489145177	0,352331587818	1,369504112504	1,271773165777	0,045157499611	0,106403082609	45090,6914514699
305	0,352539843529	0,35262214121	1,36963121402	1,272890382866	0,045157499611	0,106403082609	45090,785557037
306	0,352808343237	0,352800370612	1,370176681474	1,274223241276	0,045157499611	0,106403082609	45090,8794680671
307	0,35294323985	0,353359729477	1,37021878867	1,277711480332	0,045157499611	0,106403082609	45090,9728455324
308	0,353420603919	0,353247376026	1,371357787878	1,277190995896	0,045157499611	0,106403082609	45091,0662299769
309	0,353301810997	0,353240851735	1,37097155441	1,277356366476	0,045157499611	0,106403082609	45091,1595677893
310	0,353270786508	0,353112986008	1,370788015549	1,276574426182	0,045157499611	0,106403082609	45091,2529511574
311	0,353141439968	0,352760995977	1,370501734247	1,275484353337	0,045157499611	0,106403082609	45091,3471208681
312	0,35213073495	0,351189757122	1,368112020711	1,266921474572	0,045157499611	0,106403082609	45091,4411719792
313	0,338761566171	0,339211596708	1,312806312318	1,220060614431	0,045157499611	0,106403082609	45091,520543206
314	0,352152709222	0,352096455405	1,367978982214	1,271505081453	0,045157499611	0,106403082609	45091,6143445602
315	0,34730414514	0,347218020654	1,347301359677	1,25205532543	0,045157499611	0,106403082609	45091,6988884028
316	0,352196638488	0,35255113208	1,367774924669	1,274207859208	0,045157499611	0,106403082609	45091,7924394444
317	0,352805335949	0,353113015254	1,369193745622	1,277325866079	0,045157499611	0,106403082609	45091,8859041551
318	0,353356137517	0,353612859269	1,370231665156	1,280675617421	0,045157499611	0,106403082609	45091,978644456
319	0,353766334538	0,353992517932	1,370978519271	1,282961963121	0,045157499611	0,106403082609	45092,0711927431
320	0,354131645418	0,353988778624	1,371871310083	1,283316617785	0,045157499611	0,106403082609	45092,1636927431
321	0,354072524701	0,354031317388	1,371456782188	1,283605414779	0,045157499611	0,106403082609	45092,255908912
322	0,354158307717	0,353788498665	1,371701381011	1,282485730896	0,045157499611	0,106403082609	45092,3481455208
323	0,353578552441	0,352407772086	1,370495653446	1,274448488041	0,045157499611	0,106403082609	45092,4408077662
324	0,35225653259	0,351572076997	1,367781820228	1,269349628555	0,045157499611	0,106403082609	45092,5343737616
325	0,351580373163	0,351223304502	1,365981632005	1,267386643934	0,045157499611	0,106403082609	45092,6281896875
326	0,351241052806	0,35112261933	1,365193963519	1,267037208602	0,045157499611	0,106403082609	45092,7221789699
327	0,351120697897	0,351030915575	1,364794054624	1,266922327955	0,045157499611	0,106403082609	45092,8160216435
328	0,351132677812	1,48787E-7	1,364624605743	4,77908E-7	0,045157499611	0,106403082609	45092,9169742014
329	0	0,192689847556	0	0,675927872731	0,050634305924	0,13011290133	45093,1534929398
330	0,357647465906	0,351720629298	1,387265020843	1,269764367084	0,050634305924	0,13011290133	45093,2479902894
331	0,35146743101	0,350912055427	1,365485490182	1,266072030205	0,050634305924	0,13011290133	45093,3424553241
332	0,351076007095	0,351105802194	1,364572278849	1,267409542805	0,050634305924	0,13011290133	45093,4361826157
333	0,351240022471	0,351156208674	1,36474579083	1,267848401351	0,050634305924	0,13011290133	45093,5297688889
334	0,351333396528	0,351167800233	1,364936300092	1,267870656878	0,050634305924	0,13011290133	45093,6233420718
335	0,351239796636	0,351059292057	1,364592936865	1,267388634299	0,050634305924	0,13011290133	45093,7169752546
336	0,351095330109	0,350980523929	1,364104988921	1,267141339944	0,050634305924	0,13011290133	45093,8105634375
337	0,351055548506	0,350896545689	1,363906353811	1,266822814145	0,050634305924	0,13011290133	45093,9041740394
338	0,350948781007	0,350788030521	1,363537536247	1,266374615917	0,050634305924	0,13011290133	45093,9977728935
339	0,350770584051	0,350630493199	1,362868088392	1,26578664354	0,050634305924	0,13011290133	45094,0911579514
340	0,350718342335	0,350569727324	1,362746046532	1,265559207847	0,050634305924	0,13011290133	45094,1847289931
341	0,350605010527	0,350466458288	1,362341854524	1,265157713549	0,050634305924	0,13011290133	45094,2782539236
342	0,350508281927	0,350330787572	1,361982481012	1,264559720722	0,050634305924	0,13011290133	45094,3716686574
343	0,350424962996	0,350324385565	1,361783721547	1,264517903239	0,050634305924	0,13011290133	45094,4652417361
344	0,350388809197	0,350263622655	1,361606677186	1,264344753256	0,050634305924	0,13011290133	45094,5587726042
345	0,350287539911	0,350138337609	1,361242705442	1,263880658615	0,050634305924	0,13011290133	45094,6522205671
346	0,350201678159	0,350072527356	1,36093169746	1,26365319994	0,050634305924	0,13011290133	45094,7456386227
347	0,350126762187	0,350007974062	1,36063456627	1,263486535308	0,050634305924	0,13011290133	45094,8390507523
348	0,350014086207	0,349878715101	1,360197448796	1,262968673445	0,050634305924	0,13011290133	45094,9323484954
349	0,349928065474	0,349789685702	1,35993825965	1,262608313013	0,050634305924	0,13011290133	45095,0256942361
350	0,349847361673	0,349761179305	1,359655705621	1,26251057005	0,050634305924	0,13011290133	45095,1190853588
351	0,349806047442	0,349709504417	1,35950572523	1,262318766328	0,050634305924	0,13011290133	45095,2124884722
352	0,349768372112	0,349661749613	1,359369254463	1,262152467042	0,050634305924	0,13011290133	45095,3059636343
353	0,349711078962	0,349557114262	1,359194941516	1,261605658614	0,050634305924	0,13011290133	45095,3993778472
354	0,349662015039	0,349563629226	1,359081113296	1,261684664051	0,050634305924	0,13011290133	45095,4929366782
355	0,349555440692	0,349473134961	1,358592518698	1,261437534555	0,050634305924	0,13011290133	45095,586250544
356	0,349568779282	0,34946156714	1,358647967251	1,261390493144	0,050634305924	0,13011290133	45095,6796979051
357	0,349508368642	0,349421486353	1,358443145521	1,261237760846	0,050634305924	0,13011290133	45095,7731124653
358	0,349452218757	0,349341435407	1,35818326124	1,260960464878	0,050634305924	0,13011290133	45095,8664085532
359	0,34935164309	0,349227815033	1,357824929981	1,260515087081	0,050634305924	0,13011290133	45095,9596245602
360	0,349305722348	0,349204498399	1,357691928067	1,260428843005	0,050634305924	0,13011290133	45096,0529909954
361	0,349272699847	0,349169589785	1,357578728752	1,260307392114	0,050634305924	0,13011290133	45096,1464034144
362	0,349193813034	0,349088256443	1,357264237506	1,260001216055	0,050634305924	0,13011290133	45096,2397135301
363	0,349047693614	0,348765352652	1,356797730548	1,25840780463	0,050634305924	0,13011290133	45096,3330643287
364	0,348865114666	0,348942269355	1,356393692799	1,25944231463	0,050634305924	0,13011290133	45096,4265533912
365	0,349064104102	0,348969411976	1,356799450136	1,259609491137	0,050634305924	0,13011290133	45096,5198686458
366	0,349043531443	0,348951332791	1,356706682834	1,259523649535	0,050634305924	0,13011290133	45096,6132101736
367	0,349020656557	0,348974578849	1,356601192685	1,259623373005	0,050634305924	0,13011290133	45096,7065705787
368	0,349042166146	0,348780829751	1,356846915149	1,25878819865	0,050634305924	0,13011290133	45096,7999255324
369	0,348775744984	0,34870204827	1,356014930171	1,25829517053	0,050634305924	0,13011290133	45096,893329213
370	0,348737565866	0,348699476065	1,355699919183	1,258534960406	0,050634305924	0,13011290133	45096,9867070602
371	0,348739232598	0,348646475759	1,355620700396	1,258378569731	0,050634305924	0,13011290133	45097,0800063194
372	0,348689290406	0,348596121197	1,355440753152	1,2581865773	0,050634305924	0,13011290133	45097,1733094444
373	0,348628746847	0,348494121631	1,355221073301	1,257824375569	0,050634305924	0,13011290133	45097,2665725
374	0,348486079454	0,348306847658	1,354842722646	1,25679868256	0,050634305924	0,13011290133	45097,3599187847
375	0,348393078435	0,348415338242	1,354304459931	1,257481740079	0,050634305924	0,13011290133	45097,453447662
376	0,348581247679	0,323384697358	1,355020299673	1,179017240527	0,050634305924	0,13011290133	45097,5444872801
