TesterID:	Maccor#2						
Channel Number:	59						
TestName:	KAI_Zelltest_regulaer_fix_no_degass_flag.000						
TestDesc:	Regular cycling: formation, followed by pulse, C-rate quick charge and cycling t						
StartDateTime:	45056,3185967593						
Comment:							
							
							
Cycle	AH-IN	AH-OUT	WH-IN	WH-OUT	ACR	DCIR	Date
0		1,41366E-7		3,4431E-8	0	0	45057,5687360301
1	0,518127106209	0,442779422516	1,928475855159	1,622062754209	0	0	45058,0062809838
2	0,445640717257	0,442600142983	1,6745560895	1,621652953238	0	0	45058,4181488194
3	0,458875430306	2,04734E-7	1,729094048453	6,58322E-7	0	0	45058,9044176736
4	1,08084738434933E-13	2,27188E-7	4,06887847432801E-13	7,37285E-7	0,053192708641	0,151649430394	45059,2084161921
5	0,448782246598	0,447230603315	1,700536333269	1,638834091165	0,053192708641	0,151649430394	45059,4733728472
6	0,447461606722	0,446126101486	1,695766564391	1,634309097678	0,053192708641	0,151649430394	45059,7443712616
7	0,446355046264	0,445646384756	1,690457980871	1,634075636053	0,053192708641	0,151649430394	45060,0140348958
8	0,445731552503	0,42342716609	1,688760882561	1,52239416234	0,053192708641	0,151649430394	45060,2013207176
9	0,422548697602	0,335329658673	1,607462043571	1,201370024442	0,053192708641	0,151649430394	45060,3789466551
10	0,332287736727	0,337234838679	1,268193616625	1,208649382314	0,053192708641	0,151649430394	45060,5275467593
11	0,333374082199	0,241494472237	1,272761993927	0,848689903453	0,053192708641	0,151649430394	45060,6587488194
12	0,241568156646	0,356477150306	0,940688843485	1,232192934168	0,053192708641	0,151649430394	45060,7667677546
13	0,365058891235	0,36432538618	1,401992291539	1,281508004772	0,053192708641	0,151649430394	45060,9094621065
14	0,364520670955	0,439438698079	1,399985019551	1,612899644897	0,053192708641	0,151649430394	45061,1541407755
15	0,439405923139	0,439942367446	1,662099376108	1,614683857947	0,053192708641	0,151649430394	45061,4189307407
16	0,439890446532	1,93703E-7	1,663581594323	6,12857E-7	0,053192708641	0,151649430394	45061,6906440509
17	0,383918565183	0,384501311446	1,459901693903	1,389774781452	0,053192708641	0,151649430394	45061,835532662
18	0,382260029673	0,382291915298	1,452896940008	1,380325526407	0,053192708641	0,151649430394	45061,9865541204
19	0,376897141963	0,376882648037	1,435431428864	1,358401742633	0,053192708641	0,151649430394	45062,1356421759
20	0,350951347309	0,343654782192	1,367104161243	1,232008648563	0,053192708641	0,151649430394	45062,2577394792
21	0,341023498763	0,334429792664	1,323694919924	1,198309759612	0,053192708641	0,151649430394	45062,3769065046
22	0,334195689417	1,93501E-7	1,299614309303	5,91498E-7	0,053192708641	0,151649430394	45062,5011879514
23	9,53688868543526E-14	0,245257377363	3,5725945133876E-13	0,859531646434	0,048289064318	0,120138332248	45062,7767135417
24	0,42027899666	0,411121730947	1,621573495826	1,480119482408	0,048289064318	0,120138332248	45062,8856649421
25	0,411363169693	0,409967064869	1,590885021097	1,475447910498	0,048289064318	0,120138332248	45062,9938502662
26	0,410077530668	0,409334111318	1,586430574627	1,473823374271	0,048289064318	0,120138332248	45063,1016291319
27	0,409458941705	0,408848442297	1,583836360955	1,471667028637	0,048289064318	0,120138332248	45063,2089362269
28	0,408970081543	0,408376971796	1,58236912912	1,470208418403	0,048289064318	0,120138332248	45063,3162062037
29	0,408475711872	0,408233671355	1,580115043824	1,470283261027	0,048289064318	0,120138332248	45063,4234364931
30	0,408290092867	0,408021793687	1,578987206605	1,469645306741	0,048289064318	0,120138332248	45063,5303186458
31	0,40808068237	0,407917116374	1,57776343619	1,469941163572	0,048289064318	0,120138332248	45063,6370004745
32	0,407892589433	0,40732953404	1,576426755905	1,46752147495	0,048289064318	0,120138332248	45063,7437164699
33	0,407513894987	0,407461210711	1,575082418154	1,468362250651	0,048289064318	0,120138332248	45063,8501749074
34	0,407557754371	0,406834790776	1,574750189237	1,46613105969	0,048289064318	0,120138332248	45063,9564817245
35	0,406872630702	0,406616507503	1,572695074194	1,465180866847	0,048289064318	0,120138332248	45064,0627421296
36	0,406681566269	0,40629745725	1,572008244898	1,464150900361	0,048289064318	0,120138332248	45064,1692403935
37	0,406298970312	0,406089555832	1,570469137477	1,463380017429	0,048289064318	0,120138332248	45064,2752874653
38	0,406119048183	0,40593318625	1,569496419738	1,463056108809	0,048289064318	0,120138332248	45064,3812666204
39	0,406027332181	0,40545525991	1,568943824933	1,461188774116	0,048289064318	0,120138332248	45064,4873084722
40	0,405442312825	0,405295134069	1,566792753357	1,460446461256	0,048289064318	0,120138332248	45064,5929690278
41	0,405343394385	0,405159507855	1,566475223715	1,46009873696	0,048289064318	0,120138332248	45064,6988016898
42	0,405214943786	0,404657084638	1,565952929937	1,458226701543	0,048289064318	0,120138332248	45064,8045746644
43	0,404692570191	0,40476940757	1,5638984222	1,458944186348	0,048289064318	0,120138332248	45064,910031794
44	0,404835206381	0,404598969594	1,564462775678	1,45832786453	0,048289064318	0,120138332248	45065,015563912
45	0,40461569859	0,404114507095	1,5635940798	1,456413603136	0,048289064318	0,120138332248	45065,1213203588
46	0,404085569663	0,404025504188	1,561684240566	1,455791794284	0,048289064318	0,120138332248	45065,2266771412
47	0,404087840187	0,403357610654	1,561754447344	1,453337370376	0,048289064318	0,120138332248	45065,3321172222
48	0,403319457535	0,403216924168	1,559387960695	1,452551834979	0,048289064318	0,120138332248	45065,4375205671
49	0,403289877555	0,402987036619	1,55936837994	1,451922434196	0,048289064318	0,120138332248	45065,5432440509
50	0,402947690678	0,403068358304	1,55808642642	1,452171230813	0,048289064318	0,120138332248	45065,6485314931
51	0,403138025283	0,402635619864	1,558525341338	1,450520215195	0,048289064318	0,120138332248	45065,7541365509
52	0,402649584253	0,402581374887	1,55663051322	1,45057721493	0,048289064318	0,120138332248	45065,8594096412
53	0,402563891618	0,402692543007	1,556343330988	1,451200086995	0,048289064318	0,120138332248	45065,9644061343
54	0,402694993762	0,402222308062	1,556581179125	1,44903886717	0,048289064318	0,120138332248	45066,0694323495
55	0,402256943456	0,402107352104	1,555047018342	1,448912973392	0,048289064318	0,120138332248	45066,1744981829
56	0,402082926601	0,401749611329	1,55440432125	1,447593735217	0,048289064318	0,120138332248	45066,2796262731
57	0,401703337947	0,401794813426	1,552734928469	1,447813300882	0,048289064318	0,120138332248	45066,3842897685
58	0,401826442846	0,401943329274	1,553187593739	1,448710960559	0,048289064318	0,120138332248	45066,4890821181
59	0,401950079417	0,40161400504	1,553098782049	1,447640514409	0,048289064318	0,120138332248	45066,5938728009
60	0,401669923949	0,401734058148	1,551695862527	1,448761504409	0,048289064318	0,120138332248	45066,6984175347
61	0,401761870209	0,401923936541	1,551824510988	1,449527258331	0,048289064318	0,120138332248	45066,802994838
62	0,401961273253	0,402122916729	1,552115298398	1,451019918357	0,048289064318	0,120138332248	45066,9071570139
63	0,402135453029	0,401808991388	1,552266916781	1,449878719024	0,048289064318	0,120138332248	45067,0112170833
64	0,401865179074	0,401650145181	1,551377161507	1,449149894938	0,048289064318	0,120138332248	45067,1155624769
65	0,401616193104	0,401493836846	1,550483944313	1,448461181846	0,048289064318	0,120138332248	45067,2198266898
66	0,401509896154	0,401185187104	1,550093693635	1,447443829814	0,048289064318	0,120138332248	45067,3240093287
67	0,401145018556	0,401076729792	1,548902588708	1,446854831534	0,048289064318	0,120138332248	45067,4281274653
68	0,401115115665	0,40118249325	1,548677894972	1,447393293759	0,048289064318	0,120138332248	45067,5322736343
69	0,401232150381	0,401550700654	1,548650490962	1,449284644312	0,048289064318	0,120138332248	45067,6361081481
70	0,401590878863	0,401650197954	1,54978139183	1,450195638967	0,048289064318	0,120138332248	45067,7398133912
71	0,401710459223	0,401498986557	1,549684856937	1,449703410706	0,048289064318	0,120138332248	45067,8435461227
72	0,401548692331	0,401790930427	1,549173807008	1,451269833207	0,048289064318	0,120138332248	45067,9469630903
73	0,401834531147	2,75942E-7	1,549669414227	8,79289E-7	0,048289064318	0,120138332248	45068,0575244792
74	2,09811551079576E-13	0,233589837014	7,85385011974467E-13	0,819114690676	0,046814721078	0,109906218946	45068,3221394444
75	0,407962516652	0,402107333241	1,570905080488	1,452037022211	0,046814721078	0,109906218946	45068,4266970486
76	0,402020486507	0,401360777331	1,550251466725	1,448856371223	0,046814721078	0,109906218946	45068,5303323843
77	0,401245002802	0,401150282093	1,548402704494	1,447471767245	0,046814721078	0,109906218946	45068,6338340162
78	0,401386937256	0,401302709546	1,548574529743	1,448967094917	0,046814721078	0,109906218946	45068,7376245023
79	0,401295405576	0,401096030123	1,54790747532	1,448350996473	0,046814721078	0,109906218946	45068,8412061806
80	0,401080831483	0,401013442574	1,547165715871	1,447884731265	0,046814721078	0,109906218946	45068,9444514931
81	0,401088955088	0,400846786717	1,547199140293	1,447558330546	0,046814721078	0,109906218946	45069,0479852431
82	0,400769920358	0,400443803789	1,545965437757	1,445723673004	0,046814721078	0,109906218946	45069,1513855093
83	0,400352494714	0,40028745604	1,544770736826	1,444750797863	0,046814721078	0,109906218946	45069,2546416319
84	0,40033442286	0,399698503573	1,544722442441	1,442325625704	0,046814721078	0,109906218946	45069,358205162
85	0,399531317487	0,398991980132	1,542656922453	1,438389657745	0,046814721078	0,109906218946	45069,461786331
86	0,398975055463	0,398023224464	1,541672282112	1,434876387396	0,046814721078	0,109906218946	45069,5655288194
87	0,397345653375	0,395272007144	1,537122188354	1,421050478705	0,046814721078	0,109906218946	45069,6698733565
88	0,395706774887	0,398586317554	1,530087913752	1,437272955314	0,046814721078	0,109906218946	45069,7735068634
89	0,398618347498	0,398681954532	1,539248238275	1,437909837887	0,046814721078	0,109906218946	45069,8769366204
90	0,39872526155	0,399083614161	1,53917566975	1,440296424663	0,046814721078	0,109906218946	45069,9804296759
91	0,399092846887	0,399145696551	1,53961659558	1,440810303751	0,046814721078	0,109906218946	45070,0832475116
92	0,399170284296	0,399198598095	1,540018990909	1,441452402503	0,046814721078	0,109906218946	45070,1863924653
93	0,399166852046	0,399190917296	1,539586160609	1,441140643828	0,046814721078	0,109906218946	45070,2892284606
94	0,397584830771	0,396008281018	1,533241224078	1,427468262974	0,046814721078	0,109906218946	45070,3879173148
95	0,396799798485	0,396889132852	1,534178405837	1,430149333037	0,046814721078	0,109906218946	45070,4916133912
96	0,396835264843	0,396908527915	1,53348099786	1,43066866642	0,046814721078	0,109906218946	45070,5948107407
97	0,392582650974	0,392874041902	1,515347771091	1,415515539724	0,046814721078	0,109906218946	45070,7143059838
98	0,397499207815	0,39727797087	1,535560725384	1,432212168958	0,046814721078	0,109906218946	45070,8191226273
99	0,397311781182	0,397102319186	1,534557824543	1,431529396538	0,046814721078	0,109906218946	45070,9225132523
100	0,397059127272	0,396917560406	1,533793121102	1,430649213144	0,046814721078	0,109906218946	45071,0258766898
101	0,396899590415	0,396845254894	1,533325251419	1,430412049291	0,046814721078	0,109906218946	45071,1294184954
102	0,396775852241	0,396688994032	1,532772209512	1,42976902089	0,046814721078	0,109906218946	45071,2327844329
103	0,396681836692	0,39654811024	1,532455388719	1,429303545375	0,046814721078	0,109906218946	45071,3361289236
104	0,39327947573	0,393131053497	1,518704867247	1,415156547669	0,046814721078	0,109906218946	45071,4328663426
105	0,395976684121	0,396183921895	1,530409582081	1,427974538453	0,046814721078	0,109906218946	45071,5363357292
106	0,39621192835	0,396205854621	1,530763526299	1,428254711665	0,046814721078	0,109906218946	45071,6395969792
107	0,396232520551	0,396239501397	1,530737308688	1,428440951116	0,046814721078	0,109906218946	45071,7429447569
108	0,39630261521	0,396302717616	1,530817989742	1,428764039797	0,046814721078	0,109906218946	45071,8460145602
109	0,396228437799	0,395950207932	1,530540027788	1,427221973424	0,046814721078	0,109906218946	45071,9488412269
110	0,395909346229	0,396006940339	1,529501809728	1,427051347081	0,046814721078	0,109906218946	45072,0519225
111	0,395980411675	0,395769323462	1,529772084194	1,426378929493	0,046814721078	0,109906218946	45072,1550044329
112	0,395745690797	0,395766755919	1,528939320108	1,426391745492	0,046814721078	0,109906218946	45072,258160625
113	0,395710837778	0,395734454053	1,528808438592	1,42630671726	0,046814721078	0,109906218946	45072,3613850463
114	0,395728988266	0,395632458936	1,528839515868	1,425777612421	0,046814721078	0,109906218946	45072,4647111343
115	0,395557352035	0,39554719131	1,528257901674	1,425336444763	0,046814721078	0,109906218946	45072,5678958912
116	0,395521149662	0,395491561792	1,528085928095	1,425219853782	0,046814721078	0,109906218946	45072,6710013773
117	0,395475262884	0,395290159233	1,527944696407	1,424511314734	0,046814721078	0,109906218946	45072,7741975694
118	0,395217574695	0,395194534757	1,527132269482	1,424370018211	0,046814721078	0,109906218946	45072,8772605556
119	0,395069366771	0,395020179876	1,526517852432	1,423518526146	0,046814721078	0,109906218946	45072,9800656713
120	0,394969518513	0,394905252526	1,526083662287	1,423013820372	0,046814721078	0,109906218946	45073,0829687847
121	0,394832603121	0,394840575464	1,525597168975	1,422827460338	0,046814721078	0,109906218946	45073,185826088
122	0,394832740064	0,395007277102	1,525588586505	1,423455925999	0,046814721078	0,109906218946	45073,2889556597
123	0,394962107973	0,39491688626	1,525973724389	1,423097785737	0,046814721078	0,109906218946	45073,3920489005
124	0,394823639586	2,08972E-7	1,525536258205	6,661E-7	0,046814721078	0,109906218946	45073,5018694792
125	0	0,230033869499	0	0,806331251725	0,049735095352	0,118778213859	45073,7631516088
126	0,401060022929	0,395328860987	1,546780285072	1,424392066187	0,049735095352	0,118778213859	45073,8667438889
127	0,395314522541	0,395146710228	1,527244434456	1,424018075965	0,049735095352	0,118778213859	45073,9697896528
128	0,395107140815	0,39491037871	1,5265951267	1,423056006719	0,049735095352	0,118778213859	45074,0729809491
129	0,394837590241	0,394659776405	1,525550940641	1,421981903261	0,049735095352	0,118778213859	45074,1759297338
130	0,3945743051	0,394515166865	1,524574134778	1,421466151775	0,049735095352	0,118778213859	45074,2786428588
131	0,394498555411	0,39446603769	1,524264057807	1,421358901456	0,049735095352	0,118778213859	45074,3814356713
132	0,394401373533	0,394402843509	1,523906542197	1,421135784456	0,049735095352	0,118778213859	45074,4842367708
133	0,394378745986	0,39428525982	1,523767704569	1,420697194257	0,049735095352	0,118778213859	45074,5870326852
134	0,394220872445	0,394271053033	1,523205856684	1,420637274235	0,049735095352	0,118778213859	45074,6896427083
135	0,394195128228	0,394371764485	1,523128880775	1,421228630081	0,049735095352	0,118778213859	45074,7922753588
136	0,394358416825	0,394357522307	1,523550501129	1,421369472649	0,049735095352	0,118778213859	45074,8950984491
137	0,394278061333	0,394183192858	1,522986431901	1,420260181624	0,049735095352	0,118778213859	45074,9975960532
138	0,394192535895	0,394051441378	1,523133726427	1,419979890494	0,049735095352	0,118778213859	45075,1007043866
139	0,393898910067	0,393997195977	1,522041499709	1,419513629701	0,049735095352	0,118778213859	45075,2033107986
140	0,393956562826	0,394003673009	1,522081441243	1,41957024137	0,049735095352	0,118778213859	45075,3059783102
141	0,39403384356	0,393794419895	1,522427841113	1,418965342428	0,049735095352	0,118778213859	45075,4087243287
142	0,393698543711	0,39393779748	1,521353851003	1,419481605966	0,049735095352	0,118778213859	45075,5113401968
143	0,393893797777	0,393864163586	1,521817377299	1,419224352907	0,049735095352	0,118778213859	45075,6141369329
144	0,393870938452	0,393663920927	1,521717388226	1,418441520067	0,049735095352	0,118778213859	45075,7168255324
145	0,393597681875	0,393896457187	1,520790578904	1,41974604033	0,049735095352	0,118778213859	45075,8194612616
146	0,393855530421	0,393846000264	1,521432258198	1,419439863506	0,049735095352	0,118778213859	45075,9219273495
147	0,393831096865	0,39367171214	1,521142171169	1,418929843045	0,049735095352	0,118778213859	45076,0245304977
148	0,393513150899	0,393691005479	1,520279158638	1,418760689099	0,049735095352	0,118778213859	45076,1269893171
149	0,393697147925	0,393476677046	1,520851653766	1,417817940809	0,049735095352	0,118778213859	45076,2294545139
150	0,39337381425	0,393437862121	1,519924643053	1,417823321605	0,049735095352	0,118778213859	45076,3321444792
151	0,386597592623	0,386350594318	1,491682452049	1,388584613953	0,049735095352	0,118778213859	45076,423228206
152	0,392603336364	0,392940320525	1,517803591595	1,415986449617	0,049735095352	0,118778213859	45076,5261026852
153	0,393159054369	0,393188608332	1,518726344198	1,416940053061	0,049735095352	0,118778213859	45076,6294479398
154	0,393193751437	0,393071110261	1,51919420111	1,41623784996	0,049735095352	0,118778213859	45076,7320879282
155	0,393050570736	0,39323383713	1,518754678477	1,416859554066	0,049735095352	0,118778213859	45076,8345770139
156	0,393256798601	0,393102087133	1,51908443268	1,416535558826	0,049735095352	0,118778213859	45076,9368804051
157	0,393030505974	0,392965205443	1,518378466891	1,415798967335	0,049735095352	0,118778213859	45077,0390989005
158	0,392913905769	0,393109800781	1,51825453611	1,416521354989	0,049735095352	0,118778213859	45077,1415859722
159	0,393058205666	0,392786917123	1,518589503452	1,415051756314	0,049735095352	0,118778213859	45077,2440949421
160	0,392780407843	0,393076300233	1,517746099061	1,416526528263	0,049735095352	0,118778213859	45077,3463290625
161	0,392817012623	0,392567409948	1,518295582594	1,413769515634	0,049735095352	0,118778213859	45077,4489557176
162	0,392625310621	0,392821802637	1,517281670543	1,415227991356	0,049735095352	0,118778213859	45077,5515772222
163	0,392637123141	0,39237622373	1,517126297193	1,413244344028	0,049735095352	0,118778213859	45077,6537064583
164	0,392320431126	0,392505347905	1,516438580209	1,413938998943	0,049735095352	0,118778213859	45077,7563187153
165	0,39263474625	0,392842440677	1,516922118537	1,41573760457	0,049735095352	0,118778213859	45077,8587313079
166	0,392842904092	0,392797289867	1,517456709087	1,415530738132	0,049735095352	0,118778213859	45077,9608924306
167	0,392723566569	0,392744344239	1,517099320127	1,41550420766	0,049735095352	0,118778213859	45078,0632965162
168	0,392680487294	0,392753366984	1,516876788872	1,415126202487	0,049735095352	0,118778213859	45078,1655078588
169	0,39273209959	0,392682282194	1,517209917565	1,415069544998	0,049735095352	0,118778213859	45078,267816713
170	0,392637976796	0,392293582351	1,516711835421	1,413628646314	0,049735095352	0,118778213859	45078,3701451389
171	0,391808783436	0,391749749331	1,514775128091	1,41036184061	0,049735095352	0,118778213859	45078,4727789931
172	0,391848460304	0,392086839559	1,514804187779	1,412300227738	0,049735095352	0,118778213859	45078,5753243981
173	0,392016398629	0,392015838059	1,514977668818	1,41204191861	0,049735095352	0,118778213859	45078,677584838
174	0,392056679921	0,392174699311	1,515054003478	1,412893548357	0,049735095352	0,118778213859	45078,7800029861
175	0,39225423357	2,40126E-7	1,515507230351	7,60878E-7	0,049735095352	0,118778213859	45078,8891676505
176	1,01726812644643E-13	0,227687820971	3,811553955122E-13	0,79820009018	0,051964230835	0,118285372853	45079,148651875
177	0,398083929362	0,39339530153	1,535085622966	1,418580474247	0,051964230835	0,118285372853	45079,2516772685
178	0,393410675049	0,393009063052	1,51895640827	1,416844289736	0,051964230835	0,118285372853	45079,3538482292
179	0,392441430935	0,391642546435	1,51635374513	1,409456177518	0,051964230835	0,118285372853	45079,4562981597
180	0,391630607772	0,391887856406	1,514299407741	1,411143019486	0,051964230835	0,118285372853	45079,5588324769
181	0,391929724902	0,39197571531	1,514945483397	1,411664640764	0,051964230835	0,118285372853	45079,6612646412
182	0,392113838914	0,392256014214	1,515515573672	1,412956079668	0,051964230835	0,118285372853	45079,7638214005
183	0,392257185664	0,392306429599	1,515824266421	1,413479635462	0,051964230835	0,118285372853	45079,8664106597
184	0,392233958125	0,392329676294	1,515357824865	1,413494329858	0,051964230835	0,118285372853	45079,9684623611
185	0,392312176584	0,392187591702	1,515776176753	1,412694251996	0,051964230835	0,118285372853	45080,0709227778
186	0,392074034196	0,39203392593	1,51495531426	1,412396711832	0,051964230835	0,118285372853	45080,173240463
187	0,391983814559	0,392454975752	1,514501376431	1,414220605019	0,051964230835	0,118285372853	45080,2752359259
188	0,392439532082	0,392254788406	1,515776628547	1,413357422996	0,051964230835	0,118285372853	45080,3772158333
189	0,392198488663	0,39201713359	1,515207275594	1,412115956721	0,051964230835	0,118285372853	45080,4795488889
190	0,391895397967	0,391907358916	1,514211824764	1,411931952877	0,051964230835	0,118285372853	45080,5816589699
191	0,391950624416	0,392414938198	1,51424762645	1,414461472508	0,051964230835	0,118285372853	45080,6837392477
192	0,392488597776	0,392488534791	1,515374471064	1,415335409396	0,051964230835	0,118285372853	45080,7857186806
193	0,392482004235	0,392430413389	1,515453848837	1,415132973893	0,051964230835	0,118285372853	45080,8876509491
194	0,392436425069	0,392019718723	1,515499189924	1,413303444912	0,051964230835	0,118285372853	45080,9897066898
195	0,391945239362	0,390998021879	1,514027121257	1,409055941355	0,051964230835	0,118285372853	45081,0917817014
196	0,390984878547	0,391735518805	1,510725800391	1,412216388704	0,051964230835	0,118285372853	45081,1936414468
197	0,391699974333	0,391880123256	1,513377529418	1,413123941998	0,051964230835	0,118285372853	45081,2957318171
198	0,391884745474	0,392631898176	1,51328802817	1,416844310645	0,051964230835	0,118285372853	45081,3970797801
199	0,392600651638	0,392546689255	1,515219159342	1,416524187477	0,051964230835	0,118285372853	45081,4987029051
200	0,392447434008	0,392594437702	1,514630611087	1,416709662361	0,051964230835	0,118285372853	45081,6000883333
201	0,392558385878	0,392571232543	1,515089732114	1,416517359892	0,051964230835	0,118285372853	45081,7013598611
202	0,392596824692	0,392630609424	1,515160391426	1,417023844139	0,051964230835	0,118285372853	45081,8029879977
203	0,392650428896	0,392872188139	1,515188700055	1,418753168587	0,051964230835	0,118285372853	45081,9042885185
204	0,392885042349	0,393011590959	1,515483628791	1,41935141914	0,051964230835	0,118285372853	45082,0053884375
205	0,393032558974	0,39265774378	1,515987107967	1,417962060316	0,051964230835	0,118285372853	45082,1067154051
206	0,392556586736	0,392080336036	1,514668147829	1,415400869812	0,051964230835	0,118285372853	45082,2080748264
207	0,3919862348	0,391388054557	1,513299525175	1,412441647318	0,051964230835	0,118285372853	45082,3094665972
208	0,390945337267	0,390750030989	1,509577865216	1,408172883388	0,051964230835	0,118285372853	45082,4104398495
209	0,39023992968	0,390464523882	1,509048838997	1,405234232941	0,051964230835	0,118285372853	45082,5124980671
210	0,390440776118	0,390640256314	1,509631510879	1,406287872443	0,051964230835	0,118285372853	45082,6146684375
211	0,390639434379	0,390716417907	1,50993806329	1,406835810314	0,051964230835	0,118285372853	45082,7169290162
212	0,390758582802	0,391225323872	1,510587583285	1,409227761323	0,051964230835	0,118285372853	45082,8190030556
213	0,391330449155	0,391460408602	1,511757793538	1,410711642073	0,051964230835	0,118285372853	45082,9210785417
214	0,391458985292	0,391537914261	1,511753454289	1,411446261865	0,051964230835	0,118285372853	45083,0230904514
215	0,391516141342	0,391933098554	1,511710035422	1,413664410123	0,051964230835	0,118285372853	45083,1247115741
216	0,391902302219	0,391778185149	1,512716929882	1,412810410315	0,051964230835	0,118285372853	45083,2264456597
217	0,391722486766	0,391937038138	1,512128069403	1,413894038592	0,051964230835	0,118285372853	45083,3280906597
218	0,391858955807	0,392094579485	1,512597425794	1,416798772808	0,051964230835	0,118285372853	45083,4313739931
219	0,391491028845	0,389788832986	1,51095422467	1,403046577151	0,051964230835	0,118285372853	45083,5328988194
220	0,389960744626	0,389893587232	1,508364107908	1,402667404824	0,051964230835	0,118285372853	45083,6350948958
221	0,389830801967	0,389665560088	1,508611513149	1,401377364776	0,051964230835	0,118285372853	45083,7381173611
222	0,389736175332	0,390459350224	1,508222742378	1,405814772465	0,051964230835	0,118285372853	45083,8403674421
223	0,390587750408	0,3908365134	1,509784672427	1,408252122217	0,051964230835	0,118285372853	45083,9423101852
224	0,390834885567	0,390719010455	1,510478113911	1,408117383702	0,051964230835	0,118285372853	45084,0439821991
225	0,390691470776	0,390637649985	1,509853690018	1,407832652086	0,051964230835	0,118285372853	45084,1458153588
226	0,390615703227	3,14514E-7	1,509676033438	9,97874E-7	0,051964230835	0,118285372853	45084,2544245139
227	1,27158515805803E-13	0,226698502083	4,76636335533376E-13	0,794112276121	0,05385587737	0,125185221434	45084,5128569444
228	0,395510212026	0,38890428932	1,528746364588	1,39813549259	0,05385587737	0,125185221434	45084,616174294
229	0,388968922969	0,388785419419	1,506624379234	1,39745140064	0,05385587737	0,125185221434	45084,7188602083
230	0,388762220469	0,386753646751	1,506050999025	1,39018219076	0,05385587737	0,125185221434	45084,8214898727
231	0,386810348616	0,37509921595	1,500748549863	1,351507838508	0,05385587737	0,125185221434	45084,9240960532
232	0,332427180105	0,311415010296	1,285889042864	1,115851275485	0,05385587737	0,125185221434	45085,0117915046
233	0,311368159416	0,311429160284	1,20774341921	1,116370276022	0,05385587737	0,125185221434	45085,0974190394
234	0,311494863422	0,311598311627	1,207818753689	1,117466264489	0,05385587737	0,125185221434	45085,1830534375
235	0,311549735989	0,311482161224	1,20789004619	1,116842829727	0,05385587737	0,125185221434	45085,268701875
236	0,311420067461	0,31149501801	1,207491615358	1,11698609335	0,05385587737	0,125185221434	45085,3543168519
237	0,311462729032	0,311445920837	1,207506071191	1,117019238584	0,05385587737	0,125185221434	45085,4399195255
238	0,311419253682	0,311563513006	1,207181541775	1,117810154985	0,05385587737	0,125185221434	45085,525328831
239	0,312314724151	0,312248038023	1,210550086702	1,120236349082	0,05385587737	0,125185221434	45085,6114140394
240	0,311636985142	0,310946049903	1,207689820465	1,114363875008	0,05385587737	0,125185221434	45085,6967546181
241	0,31076771479	0,311436929245	1,205727199165	1,114615671091	0,05385587737	0,125185221434	45085,7825046181
242	0,311230285191	0,311252189327	1,208279985951	1,114525589783	0,05385587737	0,125185221434	45085,8685954514
243	0,310276628612	0,310053569001	1,204421402551	1,109830133918	0,05385587737	0,125185221434	45085,9545472685
244	0,309982436974	0,310185333623	1,203635859141	1,110407499568	0,05385587737	0,125185221434	45086,0406353935
245	0,310066482698	0,309858550438	1,203866956596	1,108543071751	0,05385587737	0,125185221434	45086,1267758565
246	0,309751413708	0,309337965383	1,203141640462	1,10587924223	0,05385587737	0,125185221434	45086,2129515509
247	0,309029499638	0,309163628302	1,201221525652	1,104802491573	0,05385587737	0,125185221434	45086,2992565856
248	0,309104636358	0,309030555009	1,201428443667	1,104047933692	0,05385587737	0,125185221434	45086,3855445949
249	0,308927801688	0,308998305702	1,201129048388	1,103959750057	0,05385587737	0,125185221434	45086,471872419
250	0,308950902166	0,308786482292	1,201079530954	1,103145804319	0,05385587737	0,125185221434	45086,5580384722
251	0,308794288366	0,309044787227	1,200476871516	1,104651301296	0,05385587737	0,125185221434	45086,6441210417
252	0,309047802545	0,309207508163	1,200905658981	1,105515068366	0,05385587737	0,125185221434	45086,7301003241
253	0,309152071351	0,309477507018	1,201237409936	1,106946156388	0,05385587737	0,125185221434	45086,8160741204
254	0,309565192369	0,310163323755	1,202139600711	1,110874184831	0,05385587737	0,125185221434	45086,9019273264
255	0,309818978942	0,317732368686	1,201715704095	1,138071270697	0,05385587737	0,125185221434	45086,9858724768
256	0,311366287607	0,311001588928	1,206548784838	1,116142114603	0,05385587737	0,125185221434	45087,0710238773
257	0,310985003731	0,311050727853	1,204949593733	1,116487821431	0,05385587737	0,125185221434	45087,1560577778
258	0,310993660086	0,311033903934	1,204901717964	1,116459048341	0,05385587737	0,125185221434	45087,2410663773
259	0,311041638198	0,311159168424	1,205076693674	1,117072722377	0,05385587737	0,125185221434	45087,3262292245
260	0,312559846349	0,311316812133	1,210915419783	1,118039166228	0,05385587737	0,125185221434	45087,4113674306
261	0,311308666356	0,311347783921	1,205531872052	1,118374951054	0,05385587737	0,125185221434	45087,4963980556
262	0,311324292945	0,311341347155	1,205441359147	1,118619623119	0,05385587737	0,125185221434	45087,581275706
263	0,311362414652	0,311434367425	1,205424335609	1,119284579913	0,05385587737	0,125185221434	45087,6661823611
264	0,311424962137	0,311523468668	1,205415456151	1,119980435437	0,05385587737	0,125185221434	45087,7510026852
265	0,311559333697	0,311743009329	1,205689516397	1,121126346514	0,05385587737	0,125185221434	45087,8359006829
266	0,31169791391	0,311857936253	1,205831455961	1,121855368129	0,05385587737	0,125185221434	45087,9204949306
267	0,311830492523	0,311779169607	1,206098102127	1,121657305088	0,05385587737	0,125185221434	45088,0049864931
268	0,311763985181	0,311740419746	1,205936551343	1,121513244259	0,05385587737	0,125185221434	45088,0894794444
269	0,311690255426	0,311679771067	1,205616170249	1,121354589626	0,05385587737	0,125185221434	45088,1737965741
270	0,311684681762	0,311674536164	1,205524217191	1,121376217653	0,05385587737	0,125185221434	45088,2580423611
271	0,311668767234	0,31169140162	1,205498913131	1,121602316199	0,05385587737	0,125185221434	45088,3423010995
272	0,311686596804	0,311750782104	1,205402736646	1,121994820811	0,05385587737	0,125185221434	45088,4266819213
273	0,311703722649	0,311832151897	1,205389638787	1,12219955209	0,05385587737	0,125185221434	45088,5111297801
274	0,311790784945	0,332759298692	1,205646757891	1,19600560135	0,05385587737	0,125185221434	45088,5973861111
275	0,382169899983	0,391163335365	1,490184374944	1,417657203766	0,05385587737	0,125185221434	45088,6961209722
276	0,39112576159	0,39129640209	1,504326379455	1,418212087093	0,05385587737	0,125185221434	45088,7953853704
277	0,391326153846	4,30228E-7	1,504826515295	1,341123E-6	0,05385587737	0,125185221434	45088,9013643171
278	9,02825462221205E-13	0,22144522674	3,3783758153277E-12	0,777172505461	0,047754026949	0,10339730233	45089,158076169
279	0,395275394468	0,39196412947	1,51840286424	1,420814645409	0,047754026949	0,10339730233	45089,2578205324
280	0,391899120057	0,39193445046	1,506895259907	1,420733326234	0,047754026949	0,10339730233	45089,3566764352
281	0,391645287876	0,391159485646	1,505685056665	1,416768870606	0,047754026949	0,10339730233	45089,4555827199
282	0,390603565957	0,389972463022	1,504550147814	1,408739654566	0,047754026949	0,10339730233	45089,5556831829
283	0,389599378595	0,388549019448	1,503035071707	1,399444387124	0,047754026949	0,10339730233	45089,6567767477
284	0,388502325721	0,388480541197	1,501513950136	1,398534122491	0,047754026949	0,10339730233	45089,7586007407
285	0,388549264286	0,389308549126	1,501583664877	1,402943181667	0,047754026949	0,10339730233	45089,8601249653
286	0,389642772348	0,390632488408	1,503718087312	1,411139373314	0,047754026949	0,10339730233	45089,9611699537
287	0,390797889263	0,391154277655	1,505824963743	1,414778908289	0,047754026949	0,10339730233	45090,0612869676
288	0,39116368026	0,39146429605	1,506120204573	1,416845644068	0,047754026949	0,10339730233	45090,1609228125
289	0,39152906137	0,391505670886	1,506967493982	1,417365620787	0,047754026949	0,10339730233	45090,2607507407
290	0,391538904257	0,391612884379	1,506790780574	1,418059429804	0,047754026949	0,10339730233	45090,3602770833
291	0,390756020991	0,388918206608	1,504679853672	1,402076184251	0,047754026949	0,10339730233	45090,4608700463
292	0,388369371741	0,388078909755	1,500964090747	1,396380077253	0,047754026949	0,10339730233	45090,5629609838
293	0,388050319406	0,388192057308	1,500486891714	1,397163004858	0,047754026949	0,10339730233	45090,6652868866
294	0,388284690148	0,388320431669	1,50130270522	1,397316393755	0,047754026949	0,10339730233	45090,7669381481
295	0,388398413202	0,388988212666	1,501405470721	1,400713572223	0,047754026949	0,10339730233	45090,8686278009
296	0,389116981645	0,389418301338	1,503239247431	1,403771158764	0,047754026949	0,10339730233	45090,9700891204
297	0,389289648489	0,389405443704	1,503113952308	1,403376732607	0,047754026949	0,10339730233	45091,0712355093
298	0,389430678994	0,389435103854	1,503809240209	1,403977951816	0,047754026949	0,10339730233	45091,1726933565
299	0,389208918577	0,389192276865	1,502873990629	1,402315830855	0,047754026949	0,10339730233	45091,2737435069
300	0,388866606618	0,388056475813	1,501850290062	1,397171089759	0,047754026949	0,10339730233	45091,3750657176
301	0,387635571381	0,387681068273	1,499933565692	1,394167364193	0,047754026949	0,10339730233	45091,4772694329
302	0,387953291535	0,388437984631	1,500443983272	1,397952808284	0,047754026949	0,10339730233	45091,5802374306
303	0,379019029812	0,379241278492	1,461982990569	1,361399785403	0,047754026949	0,10339730233	45091,6677883565
304	0,388649590425	0,38916643444	1,50244109472	1,402049509362	0,047754026949	0,10339730233	45091,7695968403
305	0,38930793491	0,389652051115	1,503415142251	1,404915248554	0,047754026949	0,10339730233	45091,8707209722
306	0,389863630059	0,390255351089	1,504403994745	1,408915089905	0,047754026949	0,10339730233	45091,971730787
307	0,390276483822	0,390669888483	1,504747869728	1,411618932382	0,047754026949	0,10339730233	45092,0720265625
308	0,390749349422	0,390826237293	1,505874257881	1,412560361305	0,047754026949	0,10339730233	45092,1723409144
309	0,390774908158	0,390791287565	1,505676598372	1,412626375014	0,047754026949	0,10339730233	45092,2726142014
310	0,390741062706	0,390283725662	1,505352045686	1,409834755141	0,047754026949	0,10339730233	45092,3727072917
311	0,389800650911	0,388499998991	1,50390251081	1,398813354665	0,047754026949	0,10339730233	45092,4735032176
312	0,38817373795	0,387567394279	1,501638249138	1,393156485526	0,047754026949	0,10339730233	45092,5756529051
313	0,387448063642	0,387107641434	1,499864795171	1,390684264323	0,047754026949	0,10339730233	45092,6777694329
314	0,386950110964	0,386987498254	1,498504403637	1,390084533098	0,047754026949	0,10339730233	45092,7798485069
315	0,386968160338	0,38703139422	1,498653333255	1,390341235874	0,047754026949	0,10339730233	45092,8821796412
316	0,386998355894	0,387055910382	1,498783436988	1,390262669668	0,047754026949	0,10339730233	45092,98483
317	0,386839147138	0,386761419738	1,498320603583	1,38921723211	0,047754026949	0,10339730233	45093,0871901042
318	0,386711991636	0,386767883631	1,497964062138	1,389313808526	0,047754026949	0,10339730233	45093,1897312037
319	0,386646632156	0,386458644931	1,497663183772	1,388253635014	0,047754026949	0,10339730233	45093,292666088
320	0,38619079506	0,386318366624	1,49673834172	1,387438582624	0,047754026949	0,10339730233	45093,3951690856
321	0,386385685176	0,386504309038	1,497097877333	1,388485408179	0,047754026949	0,10339730233	45093,4976008333
322	0,386470451728	0,386451376337	1,49727736443	1,388158052863	0,047754026949	0,10339730233	45093,5999144907
323	0,386400760383	0,386401070522	1,497121384884	1,387850450634	0,047754026949	0,10339730233	45093,702294537
324	0,386297231542	0,386335141164	1,496832684291	1,387567205797	0,047754026949	0,10339730233	45093,8046095602
325	0,386259391693	0,386271914769	1,496747800972	1,38726736958	0,047754026949	0,10339730233	45093,90696
326	0,38617036908	0,386070429134	1,496513585293	1,386448596365	0,047754026949	0,10339730233	45094,0092409491
327	0,385972923341	0,382957532516	1,496023290858	1,376725833273	0,047754026949	0,10339730233	45094,1114007755
328	0,310061482755	2,10879E-7	1,205634868722	6,80884E-7	0,047754026949	0,10339730233	45094,2051047107
329	0	0,182982507222	0	0,639865814605	0,062778905034	0,148769274354	45094,4190558912
330	0,313787452042	0,307612340405	1,218175785009	1,097596602156	0,062778905034	0,148769274354	45094,5061745718
331	0,307547014012	0,307434100192	1,196733450993	1,096971903689	0,062778905034	0,148769274354	45094,592625162
332	0,307363543233	0,307355295824	1,196100656302	1,096667188429	0,062778905034	0,148769274354	45094,6790211227
333	0,307300143109	0,307285575869	1,195866970093	1,096370211814	0,062778905034	0,148769274354	45094,7653899306
334	0,307209461435	0,307199016737	1,195565866022	1,096050583322	0,062778905034	0,148769274354	45094,8517716551
335	0,307124757783	0,307116327037	1,195285069578	1,095724892519	0,062778905034	0,148769274354	45094,9381684144
336	0,307050935751	0,30708150849	1,195037453232	1,095607606228	0,062778905034	0,148769274354	45095,0245994213
337	0,307008461917	0,307050497285	1,194850535782	1,095475672493	0,062778905034	0,148769274354	45095,1110028588
338	0,306955356522	0,306943256456	1,194678872114	1,095070151431	0,062778905034	0,148769274354	45095,1973021528
339	0,306886935178	0,306911018169	1,194448853709	1,094987742238	0,062778905034	0,148769274354	45095,2836313194
340	0,306836928086	0,306855530431	1,194237909977	1,094724962869	0,062778905034	0,148769274354	45095,3699255093
341	0,306819776565	0,306883882119	1,194195880591	1,094912818921	0,062778905034	0,148769274354	45095,4562756481
342	0,306848352375	0,306864498923	1,1942388922	1,094848195555	0,062778905034	0,148769274354	45095,5426276505
343	0,306778391258	0,306779251642	1,193992813714	1,094522852795	0,062778905034	0,148769274354	45095,6289691898
344	0,306695382569	0,306726270198	1,193692263162	1,094269273758	0,062778905034	0,148769274354	45095,7152377083
345	0,30664047039	0,30665783836	1,193500577778	1,093963727335	0,062778905034	0,148769274354	45095,801405463
346	0,306602832418	0,306591950964	1,193398414654	1,093705666702	0,062778905034	0,148769274354	45095,8876011574
347	0,306530107476	0,306548081912	1,193182028386	1,093549089036	0,062778905034	0,148769274354	45095,9739079167
348	0,306475601819	0,306505452655	1,192984926218	1,093438146081	0,062778905034	0,148769274354	45096,0601999306
349	0,306437418095	0,306507966155	1,192826429969	1,093436500051	0,062778905034	0,148769274354	45096,1464647106
350	0,3064288142	0,306440820524	1,192792747709	1,09318468346	0,062778905034	0,148769274354	45096,2327259954
351	0,30631036738	0,306269023436	1,192387783775	1,092416173286	0,062778905034	0,148769274354	45096,3189464931
352	0,30624091771	0,306430527892	1,192254556302	1,09328791129	0,062778905034	0,148769274354	45096,4053148611
353	0,306411384305	0,306417590148	1,192632201629	1,093268865451	0,062778905034	0,148769274354	45096,4915693287
354	0,306377419221	0,306409869929	1,192545943845	1,093113710352	0,062778905034	0,148769274354	45096,5778363426
355	0,306338124229	0,306501537868	1,192434692828	1,093564594583	0,062778905034	0,148769274354	45096,6641514699
356	0,306469721833	0,306381414398	1,192899109703	1,09279508114	0,062778905034	0,148769274354	45096,7503863079
357	0,306271027537	0,306022350753	1,192168439735	1,091249631732	0,062778905034	0,148769274354	45096,8365611574
358	0,305926174971	0,306085659587	1,191268594171	1,091597441263	0,062778905034	0,148769274354	45096,9228620602
359	0,306031631657	0,306077924321	1,191501868633	1,091727873796	0,062778905034	0,148769274354	45097,0092143287
360	0,306002373127	0,306037912622	1,191332753214	1,091623700117	0,062778905034	0,148769274354	45097,0954402083
361	0,305977030501	0,306026248797	1,191225962507	1,091613863358	0,062778905034	0,148769274354	45097,1817106829
362	0,305959909956	0,305974573906	1,191164217783	1,091410589661	0,062778905034	0,148769274354	45097,2680225347
363	0,305827784879	0,305910014681	1,190725013135	1,091137625864	0,062778905034	0,148769274354	45097,3541290046
364	0,305900777076	0,305977173238	1,190916129173	1,091561409419	0,062778905034	0,148769274354	45097,4403659838
365	0,3059782407	0,306017137888	1,191135963122	1,091655502796	0,062778905034	0,148769274354	45097,526591331
366	0,124758913129		0,459029341263		0,062778905034	0,148769274354	45097,5447277315
