TesterID:	Maccor#2														
Channel Number:	55														
TestName:	KAI_Zelltest_regulaer_fix_no_degass_flag.000														
TestDesc:	Regular cycling: formation, followed by pulse, C-rate quick charge and cycling t														
StartDateTime:	45056,3167931944														
Comment:															
															
									Charge			Discharge			
Cycle	AH-IN	AH-OUT	WH-IN	WH-OUT	ACR	DCIR	T1_Start	T1_End	T1_Min	T1_Max	T1_Start	T1_End	T1_Min	T1_Max	Date
0		5,5113E-8		1,3246E-8	0	0					0,318060070276	0,318060070276	0,318060070276	0,318060070276	45057,5669448611
1	0,51793412892	0,443234085927	1,925587732202	1,624209290908	0	0	0,318060070276	0,351408928633	0,301385641098	0,368083357811	0,351408928633	0,351408928633	0,351408928633	0,368083357811	45058,0046118519
2	0,446255028776	0,443021215686	1,67648255397	1,624025030675	0	0	0,351408928633	0,351408928633	0,351408928633	0,368083357811	0,351408928633	0,351408928633	0,351408928633	0,368083357811	45058,4169481134
3	0,45868876607	4,16242E-7	1,727808872563	1,342747E-6	0	0	0,368083357811	0,351408928633	0,351408928633	0,368083357811	0,368083357811	0,351408928633	0,351408928633	0,368083357811	45058,9029269676
4	1,01091020065614E-12	4,23224E-7	3,79399410819986E-12	1,375829E-6	0,043735980988	0,129127219319	0,351408928633	0,351408928633	0,351408928633	0,351408928633	0,351408928633	0,351408928633	0,351408928633	0,368083357811	45059,2055382176
5	0,449636060832	0,447068563226	1,702513675233	1,640036230013	0,043735980988	0,129127219319	0,351408928633	0,351408928633	0,351408928633	0,368083357811	0,351408928633	0,368083357811	0,351408928633	0,368083357811	45059,4697017361
6	0,448172838987	0,446027990984	1,696536432761	1,636438360982	0,043735980988	0,129127219319	0,351408928633	0,351408928633	0,351408928633	0,368083357811	0,351408928633	0,368083357811	0,351408928633	0,368083357811	45059,7397576273
7	0,446959547682	0,445029659101	1,691600733448	1,632907607715	0,043735980988	0,129127219319	0,351408928633	0,368083357811	0,351408928633	0,368083357811	0,368083357811	0,351408928633	0,351408928633	0,368083357811	45060,0086837732
8	0,445922804074	0,422087739297	1,687421530971	1,52181016169	0,043735980988	0,129127219319	0,368083357811	0,368083357811	0,351408928633	0,368083357811	0,368083357811	0,351408928633	0,351408928633	0,368083357811	45060,1952925116
9	0,423354814759	0,420536518154	1,609048764132	1,516570741193	0,043735980988	0,129127219319	0,368083357811	0,351408928633	0,351408928633	0,368083357811	0,351408928633	0,351408928633	0,351408928633	0,368083357811	45060,3753942824
10	0,421855543737	0,4194811828	1,603422361545	1,513097873494	0,043735980988	0,129127219319	0,368083357811	0,351408928633	0,351408928633	0,368083357811	0,351408928633	0,368083357811	0,351408928633	0,368083357811	45060,5549959722
11	0,420740373588	0,345851839212	1,599184991445	1,220628877271	0,043735980988	0,129127219319	0,368083357811	0,368083357811	0,351408928633	0,368083357811	0,368083357811	0,351408928633	0,351408928633	0,368083357811	45060,7121161921
12	0,347037697762	0,344309535695	1,337250237534	1,21630676132	0,043735980988	0,129127219319	0,368083357811	0,351408928633	0,351408928633	0,368083357811	0,368083357811	0,368083357811	0,351408928633	0,368083357811	45060,8489429282
13	0,345433681966	0,341648698616	1,331165825359	1,207291659957	0,043735980988	0,129127219319	0,368083357811	0,368083357811	0,351408928633	0,368083357811	0,368083357811	0,368083357811	0,351408928633	0,368083357811	45060,9851131481
14	0,34276760298	0,435343751965	1,321292879755	1,59873840007	0,043735980988	0,129127219319	0,368083357811	0,368083357811	0,351408928633	0,368083357811	0,368083357811	0,368083357811	0,351408928633	0,368083357811	45061,2223381597
15	0,435974461141	0,436082237331	1,649801173246	1,601411131297	0,043735980988	0,129127219319	0,351408928633	0,368083357811	0,351408928633	0,368083357811	0,368083357811	0,351408928633	0,351408928633	0,368083357811	45061,4848163773
16	0,436892096775	5,09268E-7	1,652917604165	1,62294E-6	0,043735980988	0,129127219319	0,351408928633	0,368083357811	0,351408928633	0,368083357811	0,368083357811	0,368083357811	0,351408928633	0,384757786989	45061,7548521528
17	0,381554807495	0,382461315184	1,451825721162	1,383768617637	0,043735980988	0,129127219319	0,368083357811	0,368083357811	0,351408928633	0,384757786989	0,368083357811	0,368083357811	0,368083357811	0,384757786989	45061,8989795139
18	0,381342982389	0,381820189589	1,450629926513	1,38121415828	0,043735980988	0,129127219319	0,368083357811	0,368083357811	0,368083357811	0,384757786989	0,368083357811	0,368083357811	0,368083357811	0,384757786989	45062,0497941088
19	0,381098835923	0,38138098005	1,449466063488	1,37951182835	0,043735980988	0,129127219319	0,368083357811	0,368083357811	0,368083357811	0,384757786989	0,368083357811	0,368083357811	0,368083357811	0,384757786989	45062,2004716667
20	0,35406172217	0,346192431854	1,37518621781	1,244207783991	0,043735980988	0,129127219319	0,368083357811	0,368083357811	0,368083357811	0,384757786989	0,368083357811	0,351408928633	0,351408928633	0,384757786989	45062,3233897569
21	0,344994129592	0,334931467925	1,339715626305	1,204433002253	0,043735980988	0,129127219319	0,368083357811	0,368083357811	0,368083357811	0,384757786989	0,368083357811	0,368083357811	0,351408928633	0,384757786989	45062,4428731829
22	0,334167305521	5,32804E-7	1,298060749664	1,633338E-6	0,043735980988	0,129127219319	0,368083357811	0,368083357811	0,351408928633	0,384757786989	0,368083357811	0,368083357811	0,351408928633	0,384757786989	45062,5662553935
23	1,65941863126574E-12	0,233406933235	6,21216935926352E-12	0,818800676223	0,041680317372	0,113848984241	0,368083357811	0,368083357811	0,368083357811	0,368083357811	0,368083357811	0,368083357811	0,368083357811	0,384757786989	45062,8342507986
24	0,408178703776	0,399898665887	1,574357350182	1,444076780321	0,041680317372	0,113848984241	0,368083357811	0,368083357811	0,368083357811	0,384757786989	0,368083357811	0,368083357811	0,351408928633	0,384757786989	45062,9400551273
25	0,400323104886	0,398705226634	1,546950389263	1,439902701129	0,041680317372	0,113848984241	0,368083357811	0,368083357811	0,368083357811	0,384757786989	0,368083357811	0,368083357811	0,368083357811	0,384757786989	45063,0444657639
26	0,399165761057	0,397612442033	1,542668899386	1,435976476506	0,041680317372	0,113848984241	0,368083357811	0,368083357811	0,368083357811	0,384757786989	0,368083357811	0,368083357811	0,368083357811	0,384757786989	45063,1488047454
27	0,397896875852	0,396539149353	1,537923861849	1,432130718672	0,041680317372	0,113848984241	0,368083357811	0,368083357811	0,368083357811	0,384757786989	0,351408928633	0,368083357811	0,351408928633	0,384757786989	45063,2525446991
28	0,396983481246	0,395610400089	1,534618751938	1,428835026	0,041680317372	0,113848984241	0,368083357811	0,368083357811	0,368083357811	0,384757786989	0,368083357811	0,368083357811	0,351408928633	0,384757786989	45063,3564420255
29	0,395960442105	0,394655911394	1,530831078197	1,425417631374	0,041680317372	0,113848984241	0,368083357811	0,368083357811	0,368083357811	0,384757786989	0,368083357811	0,368083357811	0,351408928633	0,384757786989	45063,4601563657
30	0,394963798149	0,39364456907	1,527162322553	1,421749533383	0,041680317372	0,113848984241	0,368083357811	0,368083357811	0,351408928633	0,368083357811	0,368083357811	0,368083357811	0,368083357811	0,384757786989	45063,5635117361
31	0,393951213689	0,39272748914	1,523351733598	1,41849892045	0,041680317372	0,113848984241	0,368083357811	0,368083357811	0,351408928633	0,384757786989	0,368083357811	0,351408928633	0,351408928633	0,384757786989	45063,6665728588
32	0,392998700588	0,391854303269	1,519921570229	1,415373678816	0,041680317372	0,113848984241	0,351408928633	0,351408928633	0,334734499454	0,351408928633	0,368083357811	0,368083357811	0,351408928633	0,368083357811	45063,7696167245
33	0,392146926307	0,390981177592	1,516740420655	1,41229956893	0,041680317372	0,113848984241	0,368083357811	0,368083357811	0,351408928633	0,368083357811	0,368083357811	0,368083357811	0,351408928633	0,384757786989	45063,8722714468
34	0,391321523282	0,390140376452	1,513768434812	1,409300036814	0,041680317372	0,113848984241	0,368083357811	0,368083357811	0,368083357811	0,384757786989	0,368083357811	0,368083357811	0,351408928633	0,384757786989	45063,9749580671
35	0,390449099833	0,389313665325	1,51056879385	1,406357392234	0,041680317372	0,113848984241	0,368083357811	0,368083357811	0,351408928633	0,384757786989	0,368083357811	0,368083357811	0,351408928633	0,384757786989	45064,0774637269
36	0,38957092395	0,388431513721	1,507328960406	1,403193207738	0,041680317372	0,113848984241	0,368083357811	0,368083357811	0,351408928633	0,384757786989	0,368083357811	0,368083357811	0,351408928633	0,368083357811	45064,1796256597
37	0,388727003209	0,387672053343	1,504251624361	1,400499277624	0,041680317372	0,113848984241	0,368083357811	0,368083357811	0,351408928633	0,368083357811	0,368083357811	0,368083357811	0,351408928633	0,368083357811	45064,2817091898
38	0,387974171647	0,386964235426	1,501377518436	1,398028820938	0,041680317372	0,113848984241	0,368083357811	0,368083357811	0,368083357811	0,384757786989	0,368083357811	0,368083357811	0,351408928633	0,384757786989	45064,3836654745
39	0,387262635607	0,38624733882	1,498793892986	1,395505142525	0,041680317372	0,113848984241	0,368083357811	0,368083357811	0,351408928633	0,384757786989	0,368083357811	0,368083357811	0,351408928633	0,384757786989	45064,485551875
40	0,386516909569	0,385520117571	1,496027992386	1,39290960101	0,041680317372	0,113848984241	0,368083357811	0,368083357811	0,368083357811	0,384757786989	0,368083357811	0,368083357811	0,351408928633	0,384757786989	45064,5871719097
41	0,385804255179	0,384813644359	1,493441660097	1,390380221053	0,041680317372	0,113848984241	0,368083357811	0,368083357811	0,368083357811	0,384757786989	0,368083357811	0,368083357811	0,351408928633	0,384757786989	45064,6886966204
42	0,385106777447	0,384205230071	1,49088385054	1,38827236904	0,041680317372	0,113848984241	0,368083357811	0,368083357811	0,351408928633	0,384757786989	0,368083357811	0,368083357811	0,351408928633	0,384757786989	45064,7901735069
43	0,384455210609	0,383522013087	1,488441120011	1,385811524601	0,041680317372	0,113848984241	0,368083357811	0,368083357811	0,368083357811	0,384757786989	0,368083357811	0,368083357811	0,368083357811	0,384757786989	45064,8913871528
44	0,383774469015	0,382860696195	1,485936174083	1,383445954097	0,041680317372	0,113848984241	0,368083357811	0,384757786989	0,368083357811	0,384757786989	0,368083357811	0,368083357811	0,351408928633	0,384757786989	45064,9924319097
45	0,383171598224	0,382280673859	1,483737300432	1,381397208086	0,041680317372	0,113848984241	0,384757786989	0,368083357811	0,368083357811	0,384757786989	0,368083357811	0,368083357811	0,368083357811	0,384757786989	45065,0934731018
46	0,38254335223	0,38166465549	1,481434809923	1,379187866537	0,041680317372	0,113848984241	0,368083357811	0,368083357811	0,368083357811	0,384757786989	0,368083357811	0,368083357811	0,368083357811	0,384757786989	45065,1943848727
47	0,381969591906	0,381124680034	1,479325306409	1,377282559976	0,041680317372	0,113848984241	0,368083357811	0,368083357811	0,351408928633	0,384757786989	0,368083357811	0,368083357811	0,368083357811	0,384757786989	45065,2953373264
48	0,381341831617	0,380547326332	1,47700368102	1,375237292213	0,041680317372	0,113848984241	0,368083357811	0,368083357811	0,368083357811	0,384757786989	0,368083357811	0,368083357811	0,351408928633	0,384757786989	45065,3960197338
49	0,380777939632	0,379967406997	1,474868008875	1,373168125393	0,041680317372	0,113848984241	0,368083357811	0,368083357811	0,351408928633	0,384757786989	0,368083357811	0,368083357811	0,368083357811	0,384757786989	45065,4965270949
50	0,38018327314	0,379452059811	1,472581495359	1,371399044274	0,041680317372	0,113848984241	0,368083357811	0,368083357811	0,368083357811	0,384757786989	0,368083357811	0,368083357811	0,368083357811	0,384757786989	45065,5967765394
51	0,379750494043	0,378959917361	1,471031975383	1,369624942737	0,041680317372	0,113848984241	0,368083357811	0,368083357811	0,368083357811	0,384757786989	0,384757786989	0,384757786989	0,368083357811	0,384757786989	45065,6969766088
52	0,379226394157	0,378491020974	1,469075903558	1,367992290623	0,041680317372	0,113848984241	0,368083357811	0,368083357811	0,368083357811	0,384757786989	0,368083357811	0,368083357811	0,368083357811	0,384757786989	45065,7971041667
53	0,378757322577	0,377966649985	1,46734620988	1,366094921404	0,041680317372	0,113848984241	0,368083357811	0,368083357811	0,368083357811	0,384757786989	0,368083357811	0,368083357811	0,368083357811	0,384757786989	45065,8971476157
54	0,37826158878	0,377497804885	1,465568385843	1,364425202751	0,041680317372	0,113848984241	0,384757786989	0,368083357811	0,368083357811	0,384757786989	0,368083357811	0,368083357811	0,368083357811	0,384757786989	45065,9971820023
55	0,377728319375	0,377008233791	1,46355907668	1,362670628781	0,041680317372	0,113848984241	0,368083357811	0,368083357811	0,368083357811	0,384757786989	0,368083357811	0,384757786989	0,368083357811	0,384757786989	45066,0970118866
56	0,377281486656	0,376588419953	1,461912818528	1,361181008435	0,041680317372	0,113848984241	0,368083357811	0,368083357811	0,368083357811	0,384757786989	0,368083357811	0,368083357811	0,368083357811	0,384757786989	45066,1967940394
57	0,376838805508	0,376149311926	1,460243380912	1,359607063707	0,041680317372	0,113848984241	0,368083357811	0,368083357811	0,368083357811	0,384757786989	0,368083357811	0,368083357811	0,368083357811	0,384757786989	45066,2964457986
58	0,376378317589	0,375710118282	1,458550506142	1,358048203461	0,041680317372	0,113848984241	0,368083357811	0,368083357811	0,368083357811	0,384757786989	0,368083357811	0,368083357811	0,368083357811	0,384757786989	45066,3958979167
59	0,375962380915	0,375327820658	1,456980675014	1,356711115377	0,041680317372	0,113848984241	0,368083357811	0,368083357811	0,368083357811	0,384757786989	0,368083357811	0,368083357811	0,368083357811	0,384757786989	45066,4953114236
60	0,375608463608	0,374961020688	1,455653150119	1,355418163311	0,041680317372	0,113848984241	0,368083357811	0,368083357811	0,368083357811	0,384757786989	0,368083357811	0,384757786989	0,368083357811	0,384757786989	45066,5947095602
61	0,375169770055	0,374559270352	1,454005659488	1,353983094425	0,041680317372	0,113848984241	0,368083357811	0,368083357811	0,368083357811	0,384757786989	0,384757786989	0,368083357811	0,368083357811	0,384757786989	45066,6938196296
62	0,374845036715	0,374262169143	1,452810953003	1,352992471237	0,041680317372	0,113848984241	0,368083357811	0,384757786989	0,368083357811	0,384757786989	0,384757786989	0,368083357811	0,368083357811	0,384757786989	45066,7929637963
63	0,374510931308	0,373825660027	1,451539258159	1,351367387339	0,041680317372	0,113848984241	0,384757786989	0,384757786989	0,368083357811	0,384757786989	0,368083357811	0,368083357811	0,368083357811	0,384757786989	45066,8920193634
64	0,374034422984	0,373471786779	1,449730651636	1,350146269919	0,041680317372	0,113848984241	0,384757786989	0,368083357811	0,368083357811	0,384757786989	0,384757786989	0,384757786989	0,368083357811	0,384757786989	45066,9908994213
65	0,373727688854	0,373129497672	1,448616882218	1,348929383454	0,041680317372	0,113848984241	0,384757786989	0,384757786989	0,368083357811	0,384757786989	0,384757786989	0,384757786989	0,368083357811	0,384757786989	45067,0898516667
66	0,373366319712	0,372791114665	1,447277534893	1,347734140468	0,041680317372	0,113848984241	0,384757786989	0,384757786989	0,368083357811	0,384757786989	0,384757786989	0,384757786989	0,368083357811	0,384757786989	45067,1886776042
67	0,37302279401	0,372456526913	1,445997798148	1,346538970047	0,041680317372	0,113848984241	0,384757786989	0,384757786989	0,368083357811	0,384757786989	0,384757786989	0,384757786989	0,368083357811	0,384757786989	45067,2874522222
68	0,372701245627	0,372120688347	1,444830541768	1,345331847238	0,041680317372	0,113848984241	0,384757786989	0,384757786989	0,368083357811	0,384757786989	0,384757786989	0,384757786989	0,368083357811	0,384757786989	45067,3861442361
69	0,372358027521	0,371843010177	1,443529845088	1,344381957159	0,041680317372	0,113848984241	0,384757786989	0,384757786989	0,368083357811	0,384757786989	0,368083357811	0,384757786989	0,368083357811	0,384757786989	45067,4847258449
70	0,372116203449	0,371531666789	1,442636841942	1,34327448679	0,041680317372	0,113848984241	0,384757786989	0,384757786989	0,368083357811	0,384757786989	0,384757786989	0,384757786989	0,368083357811	0,384757786989	45067,5834066898
71	0,371672096999	0,371146805013	1,440927958891	1,341866598028	0,041680317372	0,113848984241	0,384757786989	0,384757786989	0,368083357811	0,384757786989	0,384757786989	0,384757786989	0,368083357811	0,401432216167	45067,6815855671
72	0,371447466739	0,370900115162	1,440161460248	1,341025862375	0,041680317372	0,113848984241	0,384757786989	0,384757786989	0,368083357811	0,384757786989	0,384757786989	0,384757786989	0,368083357811	0,401432216167	45067,7800102431
73	0,371165400644	6,99381E-7	1,439078104858	2,287949E-6	0,041680317372	0,113848984241	0,384757786989	0,384757786989	0,384757786989	0,401432216167	0,384757786989	0,384757786989	0,384757786989	0,401432216167	45067,8853954514
74	2,31428498766562E-12	0,210629249136	8,67402109145617E-12	0,738965784291	0,044760804623	0,114342600107	0,384757786989	0,384757786989	0,384757786989	0,384757786989	0,384757786989	0,384757786989	0,384757786989	0,401432216167	45068,1340876389
75	0,38103517918	0,371990262914	1,472834757136	1,345216272409	0,044760804623	0,114342600107	0,384757786989	0,384757786989	0,384757786989	0,401432216167	0,384757786989	0,384757786989	0,384757786989	0,401432216167	45068,2334323843
76	0,372266813878	0,371686719007	1,442602292018	1,344171811184	0,044760804623	0,114342600107	0,384757786989	0,384757786989	0,384757786989	0,401432216167	0,384757786989	0,384757786989	0,384757786989	0,401432216167	45068,3316160532
77	0,371921282155	0,371337987417	1,441224993994	1,342904013183	0,044760804623	0,114342600107	0,384757786989	0,384757786989	0,384757786989	0,401432216167	0,384757786989	0,384757786989	0,384757786989	0,401432216167	45068,4296774653
78	0,371545392558	0,37091683142	1,439785234241	1,341271364367	0,044760804623	0,114342600107	0,384757786989	0,384757786989	0,368083357811	0,384757786989	0,384757786989	0,384757786989	0,368083357811	0,384757786989	45068,5276144213
79	0,371163287153	0,370559073478	1,438449703006	1,339964237812	0,044760804623	0,114342600107	0,384757786989	0,384757786989	0,368083357811	0,384757786989	0,384757786989	0,384757786989	0,368083357811	0,401432216167	45068,6255025926
80	0,370824175254	0,37024652463	1,43729379424	1,338838869678	0,044760804623	0,114342600107	0,384757786989	0,384757786989	0,384757786989	0,401432216167	0,384757786989	0,384757786989	0,384757786989	0,401432216167	45068,7234916204
81	0,370452385872	0,369917071539	1,435900901882	1,337655851753	0,044760804623	0,114342600107	0,401432216167	0,384757786989	0,384757786989	0,401432216167	0,384757786989	0,401432216167	0,384757786989	0,401432216167	45068,8212666782
82	0,370161600907	0,369559345814	1,43484568507	1,336324400519	0,044760804623	0,114342600107	0,384757786989	0,384757786989	0,384757786989	0,401432216167	0,384757786989	0,384757786989	0,384757786989	0,401432216167	45068,9190883912
83	0,369803428246	0,369240298738	1,433588621201	1,335109153647	0,044760804623	0,114342600107	0,384757786989	0,384757786989	0,384757786989	0,401432216167	0,384757786989	0,384757786989	0,384757786989	0,401432216167	45069,0168875
84	0,369439558309	0,368868369831	1,432271028101	1,333754262296	0,044760804623	0,114342600107	0,384757786989	0,384757786989	0,384757786989	0,401432216167	0,384757786989	0,384757786989	0,368083357811	0,401432216167	45069,1146402431
85	0,369060091095	0,368527367144	1,430892196496	1,332498346321	0,044760804623	0,114342600107	0,384757786989	0,384757786989	0,368083357811	0,401432216167	0,384757786989	0,384757786989	0,368083357811	0,401432216167	45069,2122207523
86	0,368759252902	0,368199244345	1,429808344199	1,331309238841	0,044760804623	0,114342600107	0,384757786989	0,384757786989	0,368083357811	0,384757786989	0,384757786989	0,384757786989	0,368083357811	0,384757786989	45069,3098030093
87	0,368430218673	0,367913822435	1,428654588413	1,330215530874	0,044760804623	0,114342600107	0,384757786989	0,384757786989	0,368083357811	0,384757786989	0,384757786989	0,384757786989	0,368083357811	0,384757786989	45069,4073583565
88	0,368123017633	0,367627097148	1,427464434587	1,329266716059	0,044760804623	0,114342600107	0,368083357811	0,384757786989	0,368083357811	0,384757786989	0,384757786989	0,384757786989	0,368083357811	0,384757786989	45069,5047906597
89	0,367939267024	0,367119489259	1,426764416217	1,327247549557	0,044760804623	0,114342600107	0,384757786989	0,351408928633	0,351408928633	0,384757786989	0,351408928633	0,318060070276	0,318060070276	0,351408928633	45069,6018456481
90	0,367144966001	0,367053600587	1,423850005451	1,327093992855	0,044760804623	0,114342600107	0,334734499454	0,334734499454	0,318060070276	0,334734499454	0,334734499454	0,351408928633	0,334734499454	0,368083357811	45069,699058287
91	0,367309020669	0,366945074399	1,424429623938	1,326865098416	0,044760804623	0,114342600107	0,368083357811	0,384757786989	0,351408928633	0,384757786989	0,368083357811	0,368083357811	0,368083357811	0,384757786989	45069,7963432755
92	0,367189878616	0,36669449837	1,423981974068	1,325944412521	0,044760804623	0,114342600107	0,384757786989	0,384757786989	0,368083357811	0,384757786989	0,384757786989	0,384757786989	0,368083357811	0,384757786989	45069,8936334606
93	0,366890856742	0,366376756581	1,422902640667	1,32475856399	0,044760804623	0,114342600107	0,384757786989	0,384757786989	0,368083357811	0,384757786989	0,384757786989	0,384757786989	0,368083357811	0,384757786989	45069,9908152778
94	0,366620110258	0,366182988832	1,421904288893	1,324078497183	0,044760804623	0,114342600107	0,384757786989	0,384757786989	0,368083357811	0,384757786989	0,384757786989	0,384757786989	0,368083357811	0,401432216167	45070,0880397569
95	0,366362095604	0,365856297837	1,420959698954	1,322865824989	0,044760804623	0,114342600107	0,384757786989	0,384757786989	0,368083357811	0,384757786989	0,384757786989	0,384757786989	0,368083357811	0,384757786989	45070,1850418519
96	0,366079796308	0,36559275927	1,419959526052	1,321929878066	0,044760804623	0,114342600107	0,384757786989	0,384757786989	0,368083357811	0,401432216167	0,384757786989	0,384757786989	0,368083357811	0,384757786989	45070,2821430671
97	0,365841795145	0,364787320148	1,419126190166	1,318635954082	0,044760804623	0,114342600107	0,384757786989	0,318060070276	0,318060070276	0,384757786989	0,318060070276	0,301385641098	0,301385641098	0,334734499454	45070,3794708102
98	0,364955917342	0,364524587051	1,415961385668	1,317692274185	0,044760804623	0,114342600107	0,301385641098	0,301385641098	0,301385641098	0,318060070276	0,318060070276	0,301385641098	0,301385641098	0,318060070276	45070,4764638657
99	0,364709059149	0,364204180232	1,415078594846	1,316498524134	0,044760804623	0,114342600107	0,301385641098	0,301385641098	0,301385641098	0,318060070276	0,301385641098	0,301385641098	0,301385641098	0,318060070276	45070,5734176389
100	0,364457565389	0,367302328369	1,414158177591	1,329439626794	0,044760804623	0,114342600107	0,301385641098	0,318060070276	0,301385641098	0,318060070276	0,318060070276	0,318060070276	0,301385641098	0,334734499454	45070,6963990972
101	0,36745925471	0,364550368439	1,423761881087	1,317988844819	0,044760804623	0,114342600107	0,318060070276	0,351408928633	0,301385641098	0,351408928633	0,334734499454	0,351408928633	0,334734499454	0,368083357811	45070,7952939583
102	0,364814047258	0,364425041854	1,415297219609	1,317602919294	0,044760804623	0,114342600107	0,351408928633	0,368083357811	0,351408928633	0,368083357811	0,351408928633	0,351408928633	0,351408928633	0,368083357811	45070,8921302431
103	0,364642577428	0,364257169725	1,414619284252	1,317014920195	0,044760804623	0,114342600107	0,368083357811	0,368083357811	0,351408928633	0,368083357811	0,368083357811	0,368083357811	0,351408928633	0,368083357811	45070,9889352083
104	0,364471535632	0,364002691626	1,414029799332	1,316072851524	0,044760804623	0,114342600107	0,368083357811	0,368083357811	0,351408928633	0,368083357811	0,351408928633	0,368083357811	0,351408928633	0,368083357811	45071,0857696759
105	0,364193628697	0,363801257703	1,412966001562	1,315348881898	0,044760804623	0,114342600107	0,368083357811	0,368083357811	0,351408928633	0,368083357811	0,368083357811	0,351408928633	0,351408928633	0,368083357811	45071,1824442014
106	0,363989831262	0,363620423246	1,412206592072	1,314690138098	0,044760804623	0,114342600107	0,368083357811	0,368083357811	0,351408928633	0,368083357811	0,368083357811	0,368083357811	0,351408928633	0,368083357811	45071,2790611574
107	0,36384648606	0,363127035492	1,411612560535	1,312761336793	0,044760804623	0,114342600107	0,368083357811	0,351408928633	0,351408928633	0,368083357811	0,334734499454	0,318060070276	0,318060070276	0,351408928633	45071,3756506482
108	0,363253564945	0,362862193765	1,409008480551	1,311708701295	0,044760804623	0,114342600107	0,318060070276	0,318060070276	0,301385641098	0,318060070276	0,318060070276	0,301385641098	0,301385641098	0,318060070276	45071,4732688542
109	0,363095060246	0,362766669745	1,408944208166	1,311379362563	0,044760804623	0,114342600107	0,318060070276	0,318060070276	0,301385641098	0,318060070276	0,318060070276	0,318060070276	0,318060070276	0,334734499454	45071,5698131944
110	0,362941485398	0,362616814916	1,408357251066	1,310871557101	0,044760804623	0,114342600107	0,318060070276	0,318060070276	0,318060070276	0,334734499454	0,318060070276	0,334734499454	0,318060070276	0,334734499454	45071,6662163657
111	0,362783870355	0,362616780583	1,407689637078	1,310982524167	0,044760804623	0,114342600107	0,318060070276	0,334734499454	0,318060070276	0,351408928633	0,334734499454	0,351408928633	0,334734499454	0,351408928633	45071,7625626968
112	0,362846856145	0,362567747412	1,407951527606	1,310900413247	0,044760804623	0,114342600107	0,351408928633	0,351408928633	0,334734499454	0,368083357811	0,351408928633	0,351408928633	0,351408928633	0,368083357811	45071,8589497569
113	0,36276430277	0,362416651517	1,407618368594	1,310328006765	0,044760804623	0,114342600107	0,351408928633	0,368083357811	0,351408928633	0,368083357811	0,351408928633	0,368083357811	0,351408928633	0,368083357811	45071,9552657176
114	0,362612140759	0,362282275061	1,407034880203	1,309847048007	0,044760804623	0,114342600107	0,351408928633	0,368083357811	0,351408928633	0,368083357811	0,368083357811	0,368083357811	0,351408928633	0,368083357811	45072,0514845833
115	0,362481453605	0,362145343142	1,406531773077	1,30934781578	0,044760804623	0,114342600107	0,368083357811	0,351408928633	0,351408928633	0,368083357811	0,368083357811	0,351408928633	0,351408928633	0,368083357811	45072,1476729167
116	0,362353155982	0,362021353204	1,406057469803	1,308896088527	0,044760804623	0,114342600107	0,351408928633	0,368083357811	0,351408928633	0,368083357811	0,368083357811	0,351408928633	0,351408928633	0,368083357811	45072,243875463
117	0,362208059431	0,361924480668	1,405492279694	1,308607035351	0,044760804623	0,114342600107	0,368083357811	0,368083357811	0,351408928633	0,368083357811	0,368083357811	0,368083357811	0,351408928633	0,368083357811	45072,3399868519
118	0,362154651384	0,361803091335	1,405273059236	1,308145164968	0,044760804623	0,114342600107	0,368083357811	0,368083357811	0,351408928633	0,368083357811	0,351408928633	0,368083357811	0,351408928633	0,368083357811	45072,4362069676
119	0,361979276798	0,36165321468	1,404600088425	1,307589202732	0,044760804623	0,114342600107	0,368083357811	0,351408928633	0,351408928633	0,368083357811	0,368083357811	0,368083357811	0,351408928633	0,368083357811	45072,532302338
120	0,361812470668	0,361502113063	1,403990115664	1,307064382896	0,044760804623	0,114342600107	0,368083357811	0,368083357811	0,351408928633	0,368083357811	0,368083357811	0,368083357811	0,351408928633	0,384757786989	45072,6282879514
121	0,361740984001	0,361367778568	1,403719005145	1,306556959711	0,044760804623	0,114342600107	0,368083357811	0,368083357811	0,351408928633	0,368083357811	0,351408928633	0,351408928633	0,351408928633	0,368083357811	45072,7244128125
122	0,361550198485	0,361246379699	1,403008502857	1,306116181065	0,044760804623	0,114342600107	0,351408928633	0,351408928633	0,351408928633	0,368083357811	0,351408928633	0,351408928633	0,351408928633	0,368083357811	45072,8204313773
123	0,361412281903	0,361064253737	1,402471527806	1,305415551476	0,044760804623	0,114342600107	0,351408928633	0,351408928633	0,351408928633	0,368083357811	0,368083357811	0,368083357811	0,351408928633	0,368083357811	45072,9163346991
124	0,361271327363	4,17513E-7	1,401966207814	1,360308E-6	0,044760804623	0,114342600107	0,368083357811	0,351408928633	0,351408928633	0,368083357811	0,351408928633	0,351408928633	0,351408928633	0,368083357811	45073,0192496181
125	3,30612141095089E-13	0,202127628363	1,24001526973243E-12	0,709258306498	0,047219306231	0,115269944072	0,351408928633	0,351408928633	0,351408928633	0,368083357811	0,351408928633	0,351408928633	0,351408928633	0,368083357811	45073,2619218866
126	0,370622733294	0,362518691561	1,434111308832	1,310948492263	0,047219306231	0,115269944072	0,351408928633	0,351408928633	0,351408928633	0,368083357811	0,351408928633	0,351408928633	0,334734499454	0,368083357811	45073,3588129977
127	0,362784720081	0,362392108228	1,407092895048	1,310469313833	0,047219306231	0,115269944072	0,351408928633	0,351408928633	0,334734499454	0,368083357811	0,351408928633	0,351408928633	0,334734499454	0,368083357811	45073,4548156019
128	0,362602157486	0,362243468187	1,406273543225	1,309947104589	0,047219306231	0,115269944072	0,351408928633	0,351408928633	0,351408928633	0,368083357811	0,351408928633	0,351408928633	0,351408928633	0,368083357811	45073,5507758449
129	0,362449692291	0,362027804802	1,405737694598	1,309082761317	0,047219306231	0,115269944072	0,351408928633	0,351408928633	0,334734499454	0,368083357811	0,351408928633	0,351408928633	0,351408928633	0,368083357811	45073,6466720255
130	0,36223557251	0,361815995591	1,404974680076	1,308280337766	0,047219306231	0,115269944072	0,351408928633	0,351408928633	0,334734499454	0,368083357811	0,368083357811	0,351408928633	0,351408928633	0,368083357811	45073,7425810185
131	0,36201452969	0,361584762708	1,404178594679	1,307414255088	0,047219306231	0,115269944072	0,351408928633	0,351408928633	0,351408928633	0,368083357811	0,351408928633	0,351408928633	0,351408928633	0,368083357811	45073,8384409607
132	0,361772549725	0,361348415929	1,403286327513	1,306501653654	0,047219306231	0,115269944072	0,368083357811	0,351408928633	0,351408928633	0,368083357811	0,368083357811	0,351408928633	0,351408928633	0,368083357811	45073,9342035185
133	0,361541207552	0,361096597138	1,402498038447	1,305539747338	0,047219306231	0,115269944072	0,351408928633	0,351408928633	0,351408928633	0,368083357811	0,368083357811	0,351408928633	0,351408928633	0,368083357811	45074,0299648843
134	0,361316059253	0,360936414284	1,401694163989	1,304955159432	0,047219306231	0,115269944072	0,351408928633	0,351408928633	0,351408928633	0,368083357811	0,351408928633	0,351408928633	0,351408928633	0,368083357811	45074,1258172569
135	0,361105045095	0,360670281686	1,400956997671	1,303939932601	0,047219306231	0,115269944072	0,351408928633	0,351408928633	0,351408928633	0,368083357811	0,368083357811	0,351408928633	0,351408928633	0,368083357811	45074,221514213
136	0,360855032769	0,360489465881	1,400040659413	1,303312278723	0,047219306231	0,115269944072	0,351408928633	0,351408928633	0,351408928633	0,368083357811	0,368083357811	0,351408928633	0,351408928633	0,368083357811	45074,3171790278
137	0,360664172907	0,360289285104	1,399319523231	1,302561567915	0,047219306231	0,115269944072	0,351408928633	0,351408928633	0,351408928633	0,368083357811	0,351408928633	0,351408928633	0,351408928633	0,368083357811	45074,4127160648
138	0,360464471582	0,360112319871	1,398596449048	1,301921173614	0,047219306231	0,115269944072	0,351408928633	0,351408928633	0,351408928633	0,368083357811	0,351408928633	0,351408928633	0,351408928633	0,368083357811	45074,5081780903
139	0,360315899662	0,359961163789	1,398073721515	1,301376091684	0,047219306231	0,115269944072	0,351408928633	0,351408928633	0,351408928633	0,368083357811	0,351408928633	0,351408928633	0,351408928633	0,368083357811	45074,6036771181
140	0,360184928907	0,35984107147	1,397610899474	1,300937503917	0,047219306231	0,115269944072	0,368083357811	0,351408928633	0,351408928633	0,368083357811	0,351408928633	0,351408928633	0,351408928633	0,368083357811	45074,6992605787
141	0,360008461453	0,359704160533	1,396951514925	1,300471544442	0,047219306231	0,115269944072	0,351408928633	0,351408928633	0,351408928633	0,368083357811	0,351408928633	0,351408928633	0,351408928633	0,368083357811	45074,794692963
142	0,359933671549	0,359574956672	1,39666865415	1,299975849947	0,047219306231	0,115269944072	0,368083357811	0,368083357811	0,351408928633	0,368083357811	0,368083357811	0,368083357811	0,351408928633	0,368083357811	45074,8902072685
143	0,359727106004	0,359382520909	1,395912631759	1,2992280112	0,047219306231	0,115269944072	0,368083357811	0,351408928633	0,351408928633	0,368083357811	0,368083357811	0,368083357811	0,351408928633	0,368083357811	45074,985513287
144	0,359556479192	0,359237833805	1,395294534804	1,298693478719	0,047219306231	0,115269944072	0,351408928633	0,351408928633	0,351408928633	0,368083357811	0,351408928633	0,368083357811	0,351408928633	0,368083357811	45075,0807336806
145	0,359472224809	0,359139680572	1,39499170976	1,298323625661	0,047219306231	0,115269944072	0,351408928633	0,351408928633	0,351408928633	0,368083357811	0,351408928633	0,368083357811	0,351408928633	0,368083357811	45075,1761277431
146	0,359321078556	0,359015696357	1,394436135929	1,297869871627	0,047219306231	0,115269944072	0,368083357811	0,368083357811	0,351408928633	0,368083357811	0,351408928633	0,351408928633	0,351408928633	0,368083357811	45075,2714559259
147	0,359208908099	0,358913688523	1,393991721895	1,297548005637	0,047219306231	0,115269944072	0,351408928633	0,351408928633	0,351408928633	0,368083357811	0,351408928633	0,351408928633	0,351408928633	0,368083357811	45075,3667292361
148	0,359075444109	0,35876643748	1,393514098145	1,297009617224	0,047219306231	0,115269944072	0,368083357811	0,368083357811	0,351408928633	0,368083357811	0,351408928633	0,351408928633	0,351408928633	0,368083357811	45075,4619551389
149	0,358975191075	0,358757327631	1,39308508367	1,29702169906	0,047219306231	0,115269944072	0,351408928633	0,351408928633	0,351408928633	0,368083357811	0,351408928633	0,368083357811	0,351408928633	0,368083357811	45075,5571885069
150	0,358976492842	0,358654067921	1,393149146776	1,296610794963	0,047219306231	0,115269944072	0,368083357811	0,351408928633	0,351408928633	0,368083357811	0,351408928633	0,351408928633	0,351408928633	0,368083357811	45075,6525771065
151	0,358836850503	0,358517120745	1,392649752705	1,296092132587	0,047219306231	0,115269944072	0,351408928633	0,368083357811	0,351408928633	0,368083357811	0,368083357811	0,368083357811	0,351408928633	0,368083357811	45075,7478942593
152	0,35868874989	0,358366065542	1,392103920681	1,295533024432	0,047219306231	0,115269944072	0,351408928633	0,351408928633	0,351408928633	0,368083357811	0,368083357811	0,368083357811	0,351408928633	0,368083357811	45075,8431231944
153	0,358510968343	0,358141332998	1,391458507792	1,294667650951	0,047219306231	0,115269944072	0,368083357811	0,368083357811	0,351408928633	0,384757786989	0,368083357811	0,368083357811	0,351408928633	0,368083357811	45075,9381433681
154	0,358378485775	0,358012089084	1,391038267241	1,294166973203	0,047219306231	0,115269944072	0,368083357811	0,368083357811	0,351408928633	0,368083357811	0,368083357811	0,368083357811	0,351408928633	0,368083357811	45076,0333391782
155	0,358196426031	0,357835149707	1,390394219651	1,293483155264	0,047219306231	0,115269944072	0,351408928633	0,368083357811	0,351408928633	0,368083357811	0,368083357811	0,368083357811	0,351408928633	0,368083357811	45076,1284433796
156	0,358001785559	0,357634942649	1,389696814813	1,292755573627	0,047219306231	0,115269944072	0,368083357811	0,368083357811	0,351408928633	0,368083357811	0,368083357811	0,368083357811	0,351408928633	0,368083357811	45076,223535463
157	0,35782445001	0,357520019964	1,389011540027	1,292363216441	0,047219306231	0,115269944072	0,351408928633	0,368083357811	0,351408928633	0,368083357811	0,368083357811	0,351408928633	0,351408928633	0,368083357811	45076,3186318866
158	0,353746332857	0,353314140592	1,371866192532	1,275689438797	0,047219306231	0,115269944072	0,368083357811	0,318060070276	0,318060070276	0,368083357811	0,318060070276	0,301385641098	0,284711182117	0,318060070276	45076,4054802199
159	0,357323799392	0,356781185968	1,387300348936	1,289302421994	0,047219306231	0,115269944072	0,301385641098	0,301385641098	0,301385641098	0,318060070276	0,301385641098	0,318060070276	0,301385641098	0,318060070276	45076,5006177778
160	0,351735806233	0,351866217306	1,363737958334	1,270027543441	0,047219306231	0,115269944072	0,318060070276	0,334734499454	0,318060070276	0,334734499454	0,318060070276	0,334734499454	0,318060070276	0,334734499454	45076,5862183102
161	0,357325671311	0,356774774633	1,387301595979	1,289361005094	0,047219306231	0,115269944072	0,334734499454	0,351408928633	0,318060070276	0,351408928633	0,334734499454	0,351408928633	0,334734499454	0,351408928633	45076,6813189236
162	0,356998019138	0,356686882032	1,386161548796	1,289124695435	0,047219306231	0,115269944072	0,351408928633	0,351408928633	0,334734499454	0,368083357811	0,351408928633	0,351408928633	0,351408928633	0,368083357811	45076,7763290393
163	0,356887546035	0,35668563715	1,385677311891	1,28928931112	0,047219306231	0,115269944072	0,351408928633	0,351408928633	0,351408928633	0,368083357811	0,368083357811	0,368083357811	0,351408928633	0,368083357811	45076,8712891088
164	0,356866708762	0,356588779449	1,38553766368	1,288944424738	0,047219306231	0,115269944072	0,368083357811	0,368083357811	0,351408928633	0,368083357811	0,368083357811	0,368083357811	0,351408928633	0,368083357811	45076,9661819097
165	0,35680188329	0,356534510313	1,385299984638	1,288766092446	0,047219306231	0,115269944072	0,351408928633	0,368083357811	0,351408928633	0,368083357811	0,368083357811	0,368083357811	0,351408928633	0,368083357811	45077,0611174768
166	0,356703657281	0,356440166749	1,3849104817	1,288416933042	0,047219306231	0,115269944072	0,368083357811	0,368083357811	0,351408928633	0,368083357811	0,368083357811	0,368083357811	0,351408928633	0,368083357811	45077,1559734144
167	0,356639685108	0,356393707055	1,384659362813	1,288256469205	0,047219306231	0,115269944072	0,351408928633	0,368083357811	0,351408928633	0,368083357811	0,368083357811	0,368083357811	0,351408928633	0,384757786989	45077,2508543056
168	0,356550771022	0,356180547844	1,384265309134	1,28753277719	0,047219306231	0,115269944072	0,351408928633	0,368083357811	0,351408928633	0,384757786989	0,368083357811	0,334734499454	0,318060070276	0,384757786989	45077,3454876505
169	0,356277060705	0,356104371839	1,383279933711	1,287143510696	0,047219306231	0,115269944072	0,334734499454	0,351408928633	0,318060070276	0,351408928633	0,334734499454	0,351408928633	0,334734499454	0,351408928633	45077,4401618287
170	0,356300866642	0,356090130298	1,383340249972	1,287130958543	0,047219306231	0,115269944072	0,351408928633	0,351408928633	0,334734499454	0,351408928633	0,351408928633	0,351408928633	0,334734499454	0,368083357811	45077,5348531944
171	0,356286804687	0,355909277192	1,383273849209	1,286398310213	0,047219306231	0,115269944072	0,351408928633	0,351408928633	0,351408928633	0,368083357811	0,351408928633	0,334734499454	0,334734499454	0,351408928633	45077,6295929514
172	0,356076185457	0,355874407148	1,382501424387	1,286245492957	0,047219306231	0,115269944072	0,334734499454	0,351408928633	0,334734499454	0,351408928633	0,334734499454	0,351408928633	0,334734499454	0,351408928633	45077,7243691319
173	0,35607757065	0,356056565748	1,382460115607	1,287144885605	0,047219306231	0,115269944072	0,351408928633	0,368083357811	0,334734499454	0,368083357811	0,368083357811	0,368083357811	0,351408928633	0,368083357811	45077,8191305093
174	0,356235925838	0,355966227676	1,383023062816	1,286770305047	0,047219306231	0,115269944072	0,368083357811	0,368083357811	0,351408928633	0,384757786989	0,368083357811	0,368083357811	0,351408928633	0,384757786989	45077,9138280093
175	0,356125137394	6,34531E-7	1,382649062483	2,058826E-6	0,047219306231	0,115269944072	0,368083357811	0,368083357811	0,368083357811	0,384757786989	0,368083357811	0,384757786989	0,351408928633	0,384757786989	45078,0154271412
176	1,77386129549096E-12	0,197436858212	6,6556893757534E-12	0,692873622175	0,048256903887	0,11976313591	0,368083357811	0,368083357811	0,368083357811	0,384757786989	0,368083357811	0,368083357811	0,368083357811	0,384757786989	45078,255081875
177	0,364708632317	0,357106653272	1,412239658455	1,291151667125	0,048256903887	0,11976313591	0,368083357811	0,368083357811	0,368083357811	0,384757786989	0,368083357811	0,334734499454	0,334734499454	0,384757786989	45078,3505867477
178	0,357273073146	0,356881882583	1,38663750106	1,29006866633	0,048256903887	0,11976313591	0,334734499454	0,334734499454	0,318060070276	0,351408928633	0,334734499454	0,334734499454	0,318060070276	0,351408928633	45078,4453863194
179	0,357062690095	0,356790198963	1,385715673004	1,289715594465	0,048256903887	0,11976313591	0,334734499454	0,334734499454	0,318060070276	0,351408928633	0,334734499454	0,351408928633	0,334734499454	0,351408928633	45078,5400408796
180	0,35696235773	0,356557757858	1,385354457219	1,288845016582	0,048256903887	0,11976313591	0,334734499454	0,351408928633	0,334734499454	0,351408928633	0,351408928633	0,351408928633	0,334734499454	0,384757786989	45078,6346621644
181	0,356752835834	0,356454386674	1,384593818894	1,288455275572	0,048256903887	0,11976313591	0,351408928633	0,351408928633	0,334734499454	0,351408928633	0,351408928633	0,351408928633	0,334734499454	0,368083357811	45078,7292722569
182	0,356722567681	0,3565008771	1,384469242343	1,288793385442	0,048256903887	0,11976313591	0,351408928633	0,351408928633	0,351408928633	0,368083357811	0,368083357811	0,368083357811	0,351408928633	0,384757786989	45078,8240090046
183	0,356638703953	0,356308432434	1,38410778742	1,288052588619	0,048256903887	0,11976313591	0,368083357811	0,368083357811	0,368083357811	0,384757786989	0,368083357811	0,384757786989	0,368083357811	0,384757786989	45078,9184725116
184	0,356502596664	0,356196051859	1,383644121132	1,287612298182	0,048256903887	0,11976313591	0,368083357811	0,368083357811	0,368083357811	0,384757786989	0,368083357811	0,384757786989	0,368083357811	0,384757786989	45079,0130090856
185	0,35637968746	0,356055246266	1,383214191809	1,287086222745	0,048256903887	0,11976313591	0,368083357811	0,368083357811	0,368083357811	0,384757786989	0,384757786989	0,368083357811	0,368083357811	0,384757786989	45079,1075110995
186	0,356261206382	0,355944155502	1,382790095637	1,286666939825	0,048256903887	0,11976313591	0,368083357811	0,384757786989	0,368083357811	0,384757786989	0,368083357811	0,368083357811	0,368083357811	0,384757786989	45079,2020959028
187	0,356129020639	0,35587057226	1,382317589622	1,286438384917	0,048256903887	0,11976313591	0,368083357811	0,384757786989	0,368083357811	0,384757786989	0,368083357811	0,384757786989	0,368083357811	0,384757786989	45079,2966430208
188	0,356025321094	0,355410743121	1,381857460879	1,284495090097	0,048256903887	0,11976313591	0,368083357811	0,334734499454	0,334734499454	0,384757786989	0,334734499454	0,334734499454	0,318060070276	0,351408928633	45079,3909768056
189	0,355579541917	0,355262152249	1,380334192004	1,283916406068	0,048256903887	0,11976313591	0,334734499454	0,318060070276	0,318060070276	0,334734499454	0,318060070276	0,318060070276	0,318060070276	0,334734499454	45079,4854491088
190	0,355402882152	0,355215729642	1,379648847642	1,283753208336	0,048256903887	0,11976313591	0,318060070276	0,318060070276	0,318060070276	0,334734499454	0,318060070276	0,334734499454	0,318060070276	0,334734499454	45079,5797968866
191	0,355390935121	0,355227366552	1,379684775878	1,283829315043	0,048256903887	0,11976313591	0,334734499454	0,334734499454	0,318060070276	0,351408928633	0,334734499454	0,351408928633	0,334734499454	0,351408928633	45079,6741489236
192	0,355478498764	0,355171787049	1,37998892515	1,283694316904	0,048256903887	0,11976313591	0,351408928633	0,351408928633	0,334734499454	0,368083357811	0,351408928633	0,368083357811	0,351408928633	0,368083357811	45079,7686528356
193	0,355352366314	0,355045183793	1,379547706333	1,283229066587	0,048256903887	0,11976313591	0,351408928633	0,368083357811	0,351408928633	0,384757786989	0,368083357811	0,368083357811	0,351408928633	0,384757786989	45079,863063912
194	0,355212520502	0,354848877746	1,379082035971	1,282485413368	0,048256903887	0,11976313591	0,368083357811	0,368083357811	0,368083357811	0,384757786989	0,368083357811	0,368083357811	0,368083357811	0,384757786989	45079,9574398032
195	0,355008341232	0,354737808388	1,378317208456	1,282087156281	0,048256903887	0,11976313591	0,368083357811	0,368083357811	0,368083357811	0,384757786989	0,368083357811	0,384757786989	0,368083357811	0,384757786989	45080,0516776273
196	0,354945477298	0,354604712206	1,37814195052	1,281577130416	0,048256903887	0,11976313591	0,384757786989	0,368083357811	0,368083357811	0,384757786989	0,384757786989	0,368083357811	0,368083357811	0,384757786989	45080,1460702431
197	0,354799243143	0,354509162757	1,377610005524	1,281238836354	0,048256903887	0,11976313591	0,368083357811	0,368083357811	0,368083357811	0,384757786989	0,384757786989	0,368083357811	0,368083357811	0,384757786989	45080,2404350694
198	0,354676520259	0,354325783645	1,377185869417	1,280527032401	0,048256903887	0,11976313591	0,384757786989	0,368083357811	0,368083357811	0,384757786989	0,368083357811	0,368083357811	0,368083357811	0,384757786989	45080,3347665625
199	0,354481387246	0,354222445522	1,376448007848	1,280207076575	0,048256903887	0,11976313591	0,368083357811	0,368083357811	0,368083357811	0,384757786989	0,384757786989	0,368083357811	0,368083357811	0,384757786989	45080,4290009491
200	0,354413118728	0,354138460714	1,376184125034	1,279934129699	0,048256903887	0,11976313591	0,368083357811	0,384757786989	0,368083357811	0,384757786989	0,384757786989	0,368083357811	0,368083357811	0,384757786989	45080,5232733912
201	0,354292642561	0,354036508617	1,375736286922	1,279572391217	0,048256903887	0,11976313591	0,384757786989	0,384757786989	0,368083357811	0,384757786989	0,368083357811	0,384757786989	0,368083357811	0,384757786989	45080,6174512037
202	0,354256562963	0,353991289569	1,375630292906	1,279417624426	0,048256903887	0,11976313591	0,368083357811	0,368083357811	0,368083357811	0,384757786989	0,368083357811	0,384757786989	0,368083357811	0,384757786989	45080,7117715046
203	0,354129086485	0,353902141485	1,375131530708	1,279151862825	0,048256903887	0,11976313591	0,384757786989	0,384757786989	0,368083357811	0,384757786989	0,384757786989	0,384757786989	0,368083357811	0,384757786989	45080,8059589699
204	0,354094457281	0,353828514586	1,375005841615	1,278843108233	0,048256903887	0,11976313591	0,384757786989	0,384757786989	0,368083357811	0,384757786989	0,384757786989	0,384757786989	0,368083357811	0,401432216167	45080,9002138889
205	0,353983145865	0,353726435757	1,374607381099	1,278445499709	0,048256903887	0,11976313591	0,384757786989	0,384757786989	0,368083357811	0,401432216167	0,384757786989	0,384757786989	0,368083357811	0,401432216167	45080,9943893981
206	0,353917452617	0,353642459426	1,374366073221	1,278136710018	0,048256903887	0,11976313591	0,384757786989	0,384757786989	0,368083357811	0,384757786989	0,384757786989	0,384757786989	0,368083357811	0,401432216167	45081,0885964352
207	0,353802524171	0,353581762639	1,373918550971	1,277941899808	0,048256903887	0,11976313591	0,384757786989	0,384757786989	0,368083357811	0,384757786989	0,384757786989	0,384757786989	0,368083357811	0,401432216167	45081,1826645949
208	0,353757823549	0,353533926456	1,373763385538	1,277764955206	0,048256903887	0,11976313591	0,384757786989	0,384757786989	0,368083357811	0,384757786989	0,384757786989	0,384757786989	0,384757786989	0,401432216167	45081,2767276157
209	0,353705203901	0,353435869648	1,373460196316	1,277413924482	0,048256903887	0,11976313591	0,384757786989	0,384757786989	0,384757786989	0,401432216167	0,384757786989	0,384757786989	0,368083357811	0,401432216167	45081,3706808333
210	0,353622695216	0,353479705639	1,373203817537	1,277600748759	0,048256903887	0,11976313591	0,384757786989	0,384757786989	0,384757786989	0,401432216167	0,384757786989	0,384757786989	0,384757786989	0,401432216167	45081,4647387268
211	0,353638475409	0,353364810925	1,373273376287	1,277139530685	0,048256903887	0,11976313591	0,384757786989	0,384757786989	0,384757786989	0,401432216167	0,384757786989	0,384757786989	0,384757786989	0,401432216167	45081,558767581
212	0,353565164634	0,353269240705	1,373035490264	1,276737929288	0,048256903887	0,11976313591	0,384757786989	0,384757786989	0,384757786989	0,401432216167	0,384757786989	0,384757786989	0,384757786989	0,401432216167	45081,6528218287
213	0,353429881813	0,353119401985	1,372537457029	1,276174055399	0,048256903887	0,11976313591	0,384757786989	0,384757786989	0,384757786989	0,401432216167	0,384757786989	0,384757786989	0,384757786989	0,401432216167	45081,7467906829
214	0,35334967535	0,353063806164	1,372247070849	1,275981598278	0,048256903887	0,11976313591	0,384757786989	0,401432216167	0,384757786989	0,401432216167	0,384757786989	0,401432216167	0,384757786989	0,401432216167	45081,8408960764
215	0,353235350752	0,352895973241	1,371861386366	1,275319677501	0,048256903887	0,11976313591	0,401432216167	0,401432216167	0,384757786989	0,401432216167	0,401432216167	0,401432216167	0,384757786989	0,401432216167	45081,9349751157
216	0,353064241011	0,352726703214	1,371303598153	1,27469653071	0,048256903887	0,11976313591	0,401432216167	0,401432216167	0,384757786989	0,401432216167	0,384757786989	0,401432216167	0,384757786989	0,401432216167	45082,0290522338
217	0,35288532755	0,352620809208	1,37060885546	1,274328044628	0,048256903887	0,11976313591	0,401432216167	0,401432216167	0,384757786989	0,401432216167	0,401432216167	0,384757786989	0,384757786989	0,401432216167	45082,1230067014
218	0,35279187295	0,352495466938	1,370306905823	1,273843293168	0,048256903887	0,11976313591	0,401432216167	0,401432216167	0,384757786989	0,401432216167	0,401432216167	0,401432216167	0,384757786989	0,401432216167	45082,2169402315
219	0,352658590533	0,352436119516	1,369833355923	1,273753386351	0,048256903887	0,11976313591	0,384757786989	0,384757786989	0,384757786989	0,401432216167	0,401432216167	0,384757786989	0,384757786989	0,401432216167	45082,3108558449
220	0,352614569677	0,351902659242	1,369627368414	1,271310837138	0,048256903887	0,11976313591	0,384757786989	0,334734499454	0,334734499454	0,401432216167	0,334734499454	0,334734499454	0,318060070276	0,351408928633	45082,4048822222
221	0,35206592538	0,351866463569	1,367692969727	1,271282330475	0,048256903887	0,11976313591	0,334734499454	0,334734499454	0,318060070276	0,351408928633	0,334734499454	0,334734499454	0,334734499454	0,351408928633	45082,498741412
222	0,352007228182	0,351800580836	1,36746809216	1,271064917102	0,048256903887	0,11976313591	0,334734499454	0,351408928633	0,334734499454	0,351408928633	0,334734499454	0,334734499454	0,334734499454	0,351408928633	45082,5925475579
223	0,351958147975	0,351787704764	1,367272493834	1,271099495627	0,048256903887	0,11976313591	0,334734499454	0,351408928633	0,334734499454	0,351408928633	0,351408928633	0,351408928633	0,334734499454	0,351408928633	45082,6864397801
224	0,351916100111	0,351857412212	1,367088840724	1,271483565204	0,048256903887	0,11976313591	0,351408928633	0,351408928633	0,334734499454	0,368083357811	0,368083357811	0,368083357811	0,351408928633	0,368083357811	45082,7802158912
225	0,352058760427	0,351825201267	1,367582169962	1,27138551084	0,048256903887	0,11976313591	0,368083357811	0,368083357811	0,351408928633	0,384757786989	0,368083357811	0,384757786989	0,368083357811	0,384757786989	45082,8740819907
226	0,351959130991	5,91085E-7	1,367233171131	1,915225E-6	0,048256903887	0,11976313591	0,368083357811	0,368083357811	0,368083357811	0,384757786989	0,384757786989	0,368083357811	0,368083357811	0,384757786989	45082,9748524537
227	1,77386129549096E-12	0,194117000109	6,65837380097072E-12	0,681260930592	0,048901621252	0,122287645936	0,368083357811	0,368083357811	0,368083357811	0,384757786989	0,368083357811	0,368083357811	0,368083357811	0,384757786989	45083,2123329167
228	0,360315613466	0,353142613077	1,39619745966	1,276500215501	0,048901621252	0,122287645936	0,368083357811	0,368083357811	0,368083357811	0,384757786989	0,368083357811	0,368083357811	0,368083357811	0,384757786989	45083,3071228935
229	0,353311276847	0,352822886209	1,37189804705	1,274991682397	0,048901621252	0,122287645936	0,368083357811	0,334734499454	0,334734499454	0,384757786989	0,334734499454	0,351408928633	0,334734499454	0,351408928633	45083,4015172454
230	0,353009206727	0,352984780752	1,37078263428	1,275995904714	0,048901621252	0,122287645936	0,351408928633	0,351408928633	0,334734499454	0,351408928633	0,351408928633	0,351408928633	0,334734499454	0,351408928633	45083,4958896296
231	0,353282354096	0,352700884104	1,371641897983	1,274647378602	0,048901621252	0,122287645936	0,351408928633	0,368083357811	0,334734499454	0,384757786989	0,368083357811	0,351408928633	0,351408928633	0,368083357811	45083,5898397685
232	0,3528812919	0,352551058524	1,370269256044	1,274040821796	0,048901621252	0,122287645936	0,351408928633	0,351408928633	0,351408928633	0,368083357811	0,351408928633	0,351408928633	0,351408928633	0,368083357811	45083,6836923032
233	0,352779917501	0,352685355507	1,369710048831	1,274711029192	0,048901621252	0,122287645936	0,368083357811	0,368083357811	0,351408928633	0,384757786989	0,368083357811	0,384757786989	0,368083357811	0,384757786989	45083,7777259259
234	0,352845865985	0,352504582935	1,37008041058	1,273989668444	0,048901621252	0,122287645936	0,384757786989	0,384757786989	0,368083357811	0,384757786989	0,384757786989	0,384757786989	0,368083357811	0,384757786989	45083,8713642824
235	0,352747906717	0,352439927068	1,369772317984	1,273723881679	0,048901621252	0,122287645936	0,384757786989	0,384757786989	0,368083357811	0,384757786989	0,384757786989	0,384757786989	0,368083357811	0,401432216167	45083,9652211343
236	0,352528269911	0,352264286402	1,368964693892	1,273058135171	0,048901621252	0,122287645936	0,384757786989	0,384757786989	0,368083357811	0,384757786989	0,384757786989	0,384757786989	0,368083357811	0,401432216167	45084,0588154398
237	0,352489229812	0,352137719809	1,368883316787	1,272538724277	0,048901621252	0,122287645936	0,384757786989	0,384757786989	0,368083357811	0,401432216167	0,384757786989	0,384757786989	0,384757786989	0,401432216167	45084,1525837153
238	0,352320957708	0,352013803622	1,368267258257	1,272066315666	0,048901621252	0,122287645936	0,384757786989	0,384757786989	0,384757786989	0,401432216167	0,384757786989	0,384757786989	0,384757786989	0,401432216167	45084,246315787
239	0,35217255742	0,351851049413	1,367710816966	1,271413621848	0,048901621252	0,122287645936	0,384757786989	0,384757786989	0,384757786989	0,401432216167	0,384757786989	0,368083357811	0,368083357811	0,401432216167	45084,3399647801
240	0,351896242241	0,351479036157	1,366748781698	1,269869451669	0,048901621252	0,122287645936	0,368083357811	0,334734499454	0,334734499454	0,368083357811	0,351408928633	0,351408928633	0,334734499454	0,351408928633	45084,4335600694
241	0,351704052622	0,35145060754	1,366079707281	1,269823567757	0,048901621252	0,122287645936	0,334734499454	0,351408928633	0,334734499454	0,368083357811	0,351408928633	0,351408928633	0,351408928633	0,368083357811	45084,527306956
242	0,351618281664	0,35133694033	1,365787272234	1,269377911577	0,048901621252	0,122287645936	0,368083357811	0,368083357811	0,351408928633	0,368083357811	0,368083357811	0,368083357811	0,351408928633	0,368083357811	45084,6210277894
243	0,351522573747	0,351327863121	1,365460615176	1,269406815144	0,048901621252	0,122287645936	0,368083357811	0,384757786989	0,368083357811	0,384757786989	0,384757786989	0,384757786989	0,368083357811	0,384757786989	45084,7146245255
244	0,351520451633	0,351268503615	1,36544338849	1,269300165555	0,048901621252	0,122287645936	0,384757786989	0,384757786989	0,368083357811	0,384757786989	0,384757786989	0,384757786989	0,368083357811	0,401432216167	45084,8082331366
245	0,351478434306	0,351211659732	1,365232977059	1,269082180779	0,048901621252	0,122287645936	0,384757786989	0,384757786989	0,368083357811	0,401432216167	0,384757786989	0,384757786989	0,384757786989	0,401432216167	45084,9018332523
246	0,35139871011	0,351119936693	1,364999471062	1,268734168406	0,048901621252	0,122287645936	0,384757786989	0,384757786989	0,384757786989	0,401432216167	0,384757786989	0,384757786989	0,384757786989	0,401432216167	45084,9954911921
247	0,35126161546	0,350997282133	1,364503549686	1,268275110395	0,048901621252	0,122287645936	0,401432216167	0,384757786989	0,368083357811	0,401432216167	0,384757786989	0,384757786989	0,384757786989	0,401432216167	45085,0890614468
248	0,351204957902	0,35093648786	1,364313398117	1,268073606377	0,048901621252	0,122287645936	0,384757786989	0,384757786989	0,384757786989	0,401432216167	0,384757786989	0,384757786989	0,384757786989	0,401432216167	45085,1827352778
249	0,35108615227	0,350862884906	1,363871542602	1,267830307514	0,048901621252	0,122287645936	0,384757786989	0,384757786989	0,384757786989	0,401432216167	0,401432216167	0,401432216167	0,384757786989	0,401432216167	45085,2763049074
250	0,351030463197	0,350755684131	1,363609690865	1,267430523562	0,048901621252	0,122287645936	0,384757786989	0,384757786989	0,384757786989	0,401432216167	0,401432216167	0,384757786989	0,384757786989	0,401432216167	45085,3698628357
251	0,350926762445	0,350667842605	1,363273915712	1,267118491789	0,048901621252	0,122287645936	0,401432216167	0,384757786989	0,384757786989	0,401432216167	0,384757786989	0,401432216167	0,384757786989	0,401432216167	45085,4634210532
252	0,350868909846	0,350661438055	1,363054623493	1,267138690739	0,048901621252	0,122287645936	0,384757786989	0,401432216167	0,384757786989	0,401432216167	0,401432216167	0,384757786989	0,384757786989	0,401432216167	45085,5570072222
253	0,35078005451	0,350413343949	1,362678651398	1,265919204025	0,048901621252	0,122287645936	0,401432216167	0,384757786989	0,384757786989	0,401432216167	0,384757786989	0,384757786989	0,384757786989	0,401432216167	45085,6504804861
254	0,350619614044	0,350304879643	1,362197612699	1,265660604875	0,048901621252	0,122287645936	0,401432216167	0,384757786989	0,384757786989	0,401432216167	0,384757786989	0,384757786989	0,384757786989	0,401432216167	45085,7439940856
255	0,350511372483	0,350370736522	1,361780505615	1,265938798111	0,048901621252	0,122287645936	0,384757786989	0,384757786989	0,384757786989	0,401432216167	0,384757786989	0,384757786989	0,384757786989	0,401432216167	45085,8375677546
256	0,350498426263	0,350219613713	1,361740310999	1,265324409626	0,048901621252	0,122287645936	0,384757786989	0,384757786989	0,384757786989	0,401432216167	0,384757786989	0,384757786989	0,368083357811	0,401432216167	45085,9309955556
257	0,350384605191	0,350058222852	1,361357120746	1,26468256433	0,048901621252	0,122287645936	0,384757786989	0,384757786989	0,368083357811	0,384757786989	0,384757786989	0,384757786989	0,368083357811	0,384757786989	45086,0244018634
258	0,350258049159	0,349914846119	1,360960387301	1,264098273294	0,048901621252	0,122287645936	0,384757786989	0,384757786989	0,368083357811	0,384757786989	0,384757786989	0,384757786989	0,368083357811	0,384757786989	45086,1179292824
259	0,350073760646	0,349789505757	1,360246079361	1,263624457618	0,048901621252	0,122287645936	0,384757786989	0,384757786989	0,368083357811	0,384757786989	0,368083357811	0,368083357811	0,368083357811	0,384757786989	45086,2113082523
260	0,349961366765	0,349682344614	1,35984749914	1,263229543427	0,048901621252	0,122287645936	0,368083357811	0,384757786989	0,368083357811	0,384757786989	0,368083357811	0,368083357811	0,368083357811	0,384757786989	45086,3046605556
261	0,349836954152	0,349562239795	1,35947633695	1,262761447771	0,048901621252	0,122287645936	0,384757786989	0,384757786989	0,368083357811	0,384757786989	0,384757786989	0,384757786989	0,368083357811	0,384757786989	45086,3979838079
262	0,349768560827	0,349548024107	1,359170008336	1,262752415696	0,048901621252	0,122287645936	0,384757786989	0,384757786989	0,368083357811	0,384757786989	0,384757786989	0,384757786989	0,368083357811	0,401432216167	45086,4913985764
263	0,349681449865	0,349418829148	1,358830200456	1,262303059657	0,048901621252	0,122287645936	0,384757786989	0,384757786989	0,368083357811	0,401432216167	0,384757786989	0,384757786989	0,384757786989	0,401432216167	45086,5846341319
264	0,349613830708	0,349336208964	1,358627158021	1,26201477541	0,048901621252	0,122287645936	0,384757786989	0,401432216167	0,384757786989	0,401432216167	0,384757786989	0,401432216167	0,384757786989	0,401432216167	45086,677946331
265	0,349534146998	0,349323219085	1,358360365398	1,262021492385	0,048901621252	0,122287645936	0,401432216167	0,384757786989	0,384757786989	0,401432216167	0,401432216167	0,401432216167	0,384757786989	0,401432216167	45086,7713384375
266	0,349520417122	0,349283246804	1,358241173248	1,261994032154	0,048901621252	0,122287645936	0,384757786989	0,401432216167	0,384757786989	0,401432216167	0,401432216167	0,401432216167	0,384757786989	0,401432216167	45086,8646911806
267	0,349463754105	0,349141204174	1,358042873959	1,261395909286	0,048901621252	0,122287645936	0,401432216167	0,401432216167	0,384757786989	0,401432216167	0,401432216167	0,401432216167	0,384757786989	0,401432216167	45086,9580593981
268	0,349280858668	0,349071324635	1,35734822766	1,261136434782	0,048901621252	0,122287645936	0,401432216167	0,401432216167	0,384757786989	0,401432216167	0,401432216167	0,401432216167	0,384757786989	0,401432216167	45087,0512639468
269	0,349295386925	0,34900551332	1,357440942218	1,260861853485	0,048901621252	0,122287645936	0,401432216167	0,401432216167	0,384757786989	0,401432216167	0,401432216167	0,401432216167	0,384757786989	0,401432216167	45087,1446461227
270	0,34916254881	0,348877642293	1,356966922516	1,260374351296	0,048901621252	0,122287645936	0,401432216167	0,401432216167	0,384757786989	0,401432216167	0,401432216167	0,401432216167	0,384757786989	0,401432216167	45087,2379498958
271	0,349043426196	0,348854374618	1,356473188165	1,260427766008	0,048901621252	0,122287645936	0,384757786989	0,401432216167	0,384757786989	0,401432216167	0,401432216167	0,401432216167	0,384757786989	0,418106675148	45087,3311482639
272	0,34899363946	0,348726516307	1,356268920847	1,259886730256	0,048901621252	0,122287645936	0,401432216167	0,401432216167	0,384757786989	0,401432216167	0,401432216167	0,401432216167	0,384757786989	0,401432216167	45087,424296169
273	0,348901702603	0,348680026093	1,355924461444	1,259748078083	0,048901621252	0,122287645936	0,401432216167	0,401432216167	0,384757786989	0,418106675148	0,401432216167	0,401432216167	0,384757786989	0,418106675148	45087,517384537
274	0,348871363544	0,34863735339	1,355798471741	1,259623611701	0,048901621252	0,122287645936	0,384757786989	0,401432216167	0,384757786989	0,401432216167	0,401432216167	0,401432216167	0,384757786989	0,418106675148	45087,6105000231
275	0,348833467823	0,348602545654	1,355657713851	1,259507196579	0,048901621252	0,122287645936	0,401432216167	0,401432216167	0,401432216167	0,418106675148	0,401432216167	0,401432216167	0,384757786989	0,418106675148	45087,7035848611
276	0,348785883946	0,348568945499	1,355462712953	1,259413764463	0,048901621252	0,122287645936	0,401432216167	0,418106675148	0,401432216167	0,418106675148	0,401432216167	0,401432216167	0,401432216167	0,418106675148	45087,7966909259
277	0,348755542103	8,63204E-7	1,35533148443	2,793762E-6	0,048901621252	0,122287645936	0,401432216167	0,401432216167	0,401432216167	0,418106675148	0,418106675148	0,418106675148	0,401432216167	0,418106675148	45087,8967683912
278	3,63673355204598E-12	0,191431691396	1,3653894722532E-11	0,671868662687	0,049199115485	0,126600593328	0,401432216167	0,401432216167	0,401432216167	0,418106675148	0,401432216167	0,418106675148	0,401432216167	0,418106675148	45088,1323558333
279	0,356846437472	0,349838584282	1,383497056859	1,264270201808	0,049199115485	0,126600593328	0,401432216167	0,401432216167	0,401432216167	0,418106675148	0,418106675148	0,418106675148	0,401432216167	0,418106675148	45088,2264179745
280	0,350030208545	0,349925165665	1,359822850087	1,264769412882	0,049199115485	0,126600593328	0,401432216167	0,418106675148	0,401432216167	0,418106675148	0,401432216167	0,401432216167	0,401432216167	0,418106675148	45088,319581875
281	0,350120812498	0,349754695262	1,36000973142	1,263912967448	0,049199115485	0,126600593328	0,418106675148	0,401432216167	0,401432216167	0,418106675148	0,418106675148	0,401432216167	0,401432216167	0,418106675148	45088,4127943866
282	0,349927765174	0,349630748137	1,359286906073	1,263473947165	0,049199115485	0,126600593328	0,401432216167	0,401432216167	0,401432216167	0,418106675148	0,418106675148	0,418106675148	0,401432216167	0,418106675148	45088,5058482176
283	0,349821392343	0,349501523718	1,358891760836	1,262918965498	0,049199115485	0,126600593328	0,418106675148	0,401432216167	0,401432216167	0,418106675148	0,418106675148	0,418106675148	0,401432216167	0,418106675148	45088,5989369907
284	0,349681109273	0,349386562885	1,358380518797	1,262476062393	0,049199115485	0,126600593328	0,418106675148	0,418106675148	0,401432216167	0,418106675148	0,418106675148	0,418106675148	0,401432216167	0,418106675148	45088,6919777546
285	0,349569549109	0,349312919877	1,357960393555	1,262254369131	0,049199115485	0,126600593328	0,401432216167	0,418106675148	0,401432216167	0,418106675148	0,418106675148	0,418106675148	0,401432216167	0,418106675148	45088,784964919
286	0,34955423888	0,349236725858	1,357896102045	1,261914771028	0,049199115485	0,126600593328	0,418106675148	0,418106675148	0,418106675148	0,434781104326	0,418106675148	0,418106675148	0,418106675148	0,434781104326	45088,8780847685
287	0,349403236729	0,349081775579	1,357383890339	1,261249482484	0,049199115485	0,126600593328	0,418106675148	0,418106675148	0,418106675148	0,434781104326	0,418106675148	0,418106675148	0,401432216167	0,434781104326	45088,9710519444
288	0,349275418117	0,348980985501	1,356963436353	1,260843316749	0,049199115485	0,126600593328	0,418106675148	0,418106675148	0,401432216167	0,434781104326	0,418106675148	0,418106675148	0,401432216167	0,434781104326	45089,0641334259
289	0,349148040481	0,348916448316	1,356475066982	1,260629122533	0,049199115485	0,126600593328	0,418106675148	0,418106675148	0,401432216167	0,434781104326	0,418106675148	0,418106675148	0,401432216167	0,434781104326	45089,1571601852
290	0,349122463592	0,34884022611	1,356419739962	1,260333197499	0,049199115485	0,126600593328	0,418106675148	0,418106675148	0,401432216167	0,418106675148	0,418106675148	0,418106675148	0,401432216167	0,434781104326	45089,2502809144
291	0,349058952233	0,348804030228	1,356207376648	1,26028898485	0,049199115485	0,126600593328	0,418106675148	0,418106675148	0,401432216167	0,434781104326	0,418106675148	0,418106675148	0,418106675148	0,434781104326	45089,3434323958
292	0,348894324491	0,348160830881	1,355576467749	1,257275435442	0,049199115485	0,126600593328	0,418106675148	0,384757786989	0,384757786989	0,434781104326	0,384757786989	0,351408928633	0,351408928633	0,384757786989	45089,4364561227
293	0,348322639334	0,348144013956	1,353745131951	1,257383137322	0,049199115485	0,126600593328	0,368083357811	0,351408928633	0,351408928633	0,368083357811	0,351408928633	0,351408928633	0,351408928633	0,368083357811	45089,5295828588
294	0,348284988846	0,348032866817	1,353557128595	1,256944060985	0,049199115485	0,126600593328	0,351408928633	0,351408928633	0,351408928633	0,368083357811	0,351408928633	0,351408928633	0,351408928633	0,368083357811	45089,622630162
295	0,348225754711	0,347999301421	1,353376770769	1,256834938411	0,049199115485	0,126600593328	0,351408928633	0,351408928633	0,351408928633	0,368083357811	0,351408928633	0,384757786989	0,351408928633	0,384757786989	45089,7157536111
296	0,348226355553	0,348062632293	1,353373359676	1,257237334304	0,049199115485	0,126600593328	0,384757786989	0,401432216167	0,368083357811	0,401432216167	0,401432216167	0,401432216167	0,384757786989	0,418106675148	45089,8087790278
297	0,34824517718	0,348069076898	1,353219990739	1,25738925366	0,049199115485	0,126600593328	0,401432216167	0,401432216167	0,384757786989	0,418106675148	0,401432216167	0,401432216167	0,401432216167	0,418106675148	45089,9016543866
298	0,348242604483	0,347958033817	1,353283518055	1,256896314227	0,049199115485	0,126600593328	0,418106675148	0,401432216167	0,401432216167	0,418106675148	0,418106675148	0,418106675148	0,401432216167	0,418106675148	45089,9945548264
299	0,348164629234	0,347875341787	1,353045474819	1,256566309476	0,049199115485	0,126600593328	0,401432216167	0,401432216167	0,401432216167	0,418106675148	0,418106675148	0,418106675148	0,401432216167	0,418106675148	45090,0875008102
300	0,34810119895	0,347840396507	1,352845682145	1,256457914502	0,049199115485	0,126600593328	0,418106675148	0,401432216167	0,401432216167	0,418106675148	0,418106675148	0,418106675148	0,401432216167	0,418106675148	45090,1806604167
301	0,34795957301	0,347724247586	1,352311744498	1,25602376645	0,049199115485	0,126600593328	0,418106675148	0,418106675148	0,401432216167	0,418106675148	0,401432216167	0,418106675148	0,401432216167	0,418106675148	45090,2735655556
302	0,347903719654	0,347255332337	1,351961161255	1,254082490429	0,049199115485	0,126600593328	0,418106675148	0,418106675148	0,401432216167	0,434781104326	0,401432216167	0,334734499454	0,334734499454	0,418106675148	45090,3663114699
303	0,347321285959	0,347088460523	1,350304427883	1,253466033014	0,049199115485	0,126600593328	0,334734499454	0,334734499454	0,334734499454	0,351408928633	0,334734499454	0,334734499454	0,318060070276	0,351408928633	45090,4597353472
304	0,347223840494	0,347124871516	1,34950850573	1,253500098017	0,049199115485	0,126600593328	0,334734499454	0,351408928633	0,318060070276	0,351408928633	0,351408928633	0,351408928633	0,334734499454	0,351408928633	45090,5529504051
305	0,347275485017	0,347204438838	1,349936555521	1,254140201288	0,049199115485	0,126600593328	0,351408928633	0,351408928633	0,334734499454	0,351408928633	0,351408928633	0,351408928633	0,334734499454	0,368083357811	45090,6462362037
306	0,347366553599	0,347105460982	1,350273605279	1,253481319613	0,049199115485	0,126600593328	0,368083357811	0,368083357811	0,351408928633	0,368083357811	0,368083357811	0,384757786989	0,368083357811	0,384757786989	45090,7390905787
307	0,347294891436	0,347093894854	1,350009243516	1,25350636945	0,049199115485	0,126600593328	0,384757786989	0,384757786989	0,368083357811	0,401432216167	0,384757786989	0,384757786989	0,384757786989	0,401432216167	45090,8319115741
308	0,347285640555	0,347029249795	1,349985838856	1,253271916863	0,049199115485	0,126600593328	0,401432216167	0,384757786989	0,384757786989	0,401432216167	0,384757786989	0,401432216167	0,384757786989	0,401432216167	45090,9247152431
309	0,347229004688	0,346955711271	1,349790644622	1,253012733596	0,049199115485	0,126600593328	0,384757786989	0,401432216167	0,384757786989	0,401432216167	0,401432216167	0,384757786989	0,384757786989	0,401432216167	45091,0176664699
310	0,347093877181	0,34694143561	1,349215876927	1,252974958574	0,049199115485	0,126600593328	0,401432216167	0,401432216167	0,384757786989	0,401432216167	0,384757786989	0,384757786989	0,384757786989	0,401432216167	45091,1104802431
311	0,347105107959	0,346844619234	1,34930575149	1,252573789401	0,049199115485	0,126600593328	0,384757786989	0,384757786989	0,384757786989	0,401432216167	0,384757786989	0,384757786989	0,368083357811	0,401432216167	45091,2033177546
312	0,346985996981	0,346774874697	1,348876959206	1,252345767645	0,049199115485	0,126600593328	0,384757786989	0,384757786989	0,368083357811	0,384757786989	0,384757786989	0,384757786989	0,384757786989	0,401432216167	45091,2961151852
313	0,343522340681	0,343089104248	1,334442842665	1,237601671026	0,049199115485	0,126600593328	0,384757786989	0,351408928633	0,351408928633	0,401432216167	0,334734499454	0,334734499454	0,318060070276	0,351408928633	45091,3814056829
314	0,346625525702	0,346176791403	1,347640934701	1,249711293673	0,049199115485	0,126600593328	0,318060070276	0,334734499454	0,318060070276	0,334734499454	0,334734499454	0,334734499454	0,318060070276	0,334734499454	45091,4742665393
315	0,346399985331	0,346373178192	1,346433082329	1,250671615444	0,049199115485	0,126600593328	0,334734499454	0,368083357811	0,318060070276	0,368083357811	0,351408928633	0,368083357811	0,351408928633	0,368083357811	45091,5678978704
316	0,346582897055	0,347388680373	1,347453793482	1,253982858255	0,049199115485	0,126600593328	0,368083357811	0,368083357811	0,351408928633	0,368083357811	0,368083357811	0,368083357811	0,351408928633	0,384757786989	45091,6614875926
317	0,347653398054	0,346435147834	1,351200409534	1,251273596885	0,049199115485	0,126600593328	0,368083357811	0,368083357811	0,368083357811	0,384757786989	0,368083357811	0,368083357811	0,368083357811	0,384757786989	45091,7540927431
318	0,346539615918	0,346275072854	1,347293428621	1,250364227652	0,049199115485	0,126600593328	0,368083357811	0,368083357811	0,368083357811	0,384757786989	0,384757786989	0,368083357811	0,368083357811	0,384757786989	45091,8468831713
319	0,346495369864	0,346273675381	1,347098682379	1,25043186938	0,049199115485	0,126600593328	0,384757786989	0,384757786989	0,384757786989	0,401432216167	0,401432216167	0,384757786989	0,384757786989	0,401432216167	45091,9396452893
320	0,34644095939	0,346202658197	1,34692828249	1,250146774512	0,049199115485	0,126600593328	0,401432216167	0,401432216167	0,384757786989	0,401432216167	0,401432216167	0,384757786989	0,384757786989	0,401432216167	45092,0323996875
321	0,346383103979	0,346136757238	1,346725914527	1,249906472249	0,049199115485	0,126600593328	0,401432216167	0,401432216167	0,384757786989	0,401432216167	0,401432216167	0,384757786989	0,384757786989	0,401432216167	45092,1252021759
322	0,346285385684	0,346045086757	1,346367218255	1,249576757557	0,049199115485	0,126600593328	0,401432216167	0,401432216167	0,384757786989	0,401432216167	0,401432216167	0,401432216167	0,384757786989	0,401432216167	45092,2179025926
323	0,346207555458	0,345979209107	1,34609361079	1,249483861282	0,049199115485	0,126600593328	0,384757786989	0,401432216167	0,384757786989	0,401432216167	0,401432216167	0,401432216167	0,384757786989	0,418106675148	45092,3105876389
324	0,346079614225	0,345771239662	1,345758659208	1,24840229907	0,049199115485	0,126600593328	0,401432216167	0,384757786989	0,384757786989	0,401432216167	0,384757786989	0,384757786989	0,368083357811	0,384757786989	45092,4033764583
325	0,345899938499	0,345691162859	1,345055413689	1,248148969728	0,049199115485	0,126600593328	0,368083357811	0,368083357811	0,368083357811	0,384757786989	0,384757786989	0,384757786989	0,368083357811	0,384757786989	45092,4960936574
326	0,345911204811	0,345661474313	1,345134939813	1,248066572282	0,049199115485	0,126600593328	0,384757786989	0,384757786989	0,368083357811	0,384757786989	0,368083357811	0,384757786989	0,368083357811	0,384757786989	45092,5889718056
327	0,345769794388	0,345587810324	1,344532425574	1,247737161403	0,049199115485	0,126600593328	0,384757786989	0,384757786989	0,368083357811	0,384757786989	0,368083357811	0,384757786989	0,368083357811	0,384757786989	45092,6817082639
328	0,345769549582	6,70135E-7	1,344651514199	2,167518E-6	0,049199115485	0,126600593328	0,384757786989	0,368083357811	0,368083357811	0,384757786989	0,368083357811	0,368083357811	0,368083357811	0,384757786989	45092,7815783796
329	1,39874367386384E-13	0,189181188716	5,253537539335E-13	0,663920922347	0,050543706864	0,127093195915	0,368083357811	0,368083357811	0,368083357811	0,368083357811	0,368083357811	0,368083357811	0,351408928633	0,384757786989	45093,0154353935
330	0,353553761349	0,346646952383	1,371664152698	1,251857337861	0,050543706864	0,127093195915	0,368083357811	0,368083357811	0,351408928633	0,368083357811	0,351408928633	0,351408928633	0,351408928633	0,368083357811	45093,1089955787
331	0,346863303917	0,346644403068	1,34841750219	1,251807995601	0,050543706864	0,127093195915	0,368083357811	0,351408928633	0,351408928633	0,368083357811	0,351408928633	0,351408928633	0,351408928633	0,368083357811	45093,201856713
332	0,346802472377	0,346360990048	1,348119079059	1,2509303837	0,050543706864	0,127093195915	0,368083357811	0,351408928633	0,351408928633	0,368083357811	0,334734499454	0,318060070276	0,318060070276	0,351408928633	45093,2952247107
333	0,34649734145	0,346178099864	1,347016926326	1,249862740429	0,050543706864	0,127093195915	0,334734499454	0,334734499454	0,318060070276	0,334734499454	0,334734499454	0,334734499454	0,318060070276	0,334734499454	45093,3878956019
334	0,346346160532	0,346051600027	1,34646153562	1,249338868659	0,050543706864	0,127093195915	0,334734499454	0,351408928633	0,318060070276	0,351408928633	0,334734499454	0,334734499454	0,334734499454	0,351408928633	45093,4805925694
335	0,346232904214	0,346029544594	1,346087407049	1,249296587502	0,050543706864	0,127093195915	0,334734499454	0,334734499454	0,334734499454	0,351408928633	0,351408928633	0,351408928633	0,334734499454	0,368083357811	45093,5733443287
336	0,346150407095	0,345887516374	1,34577241072	1,248765635625	0,050543706864	0,127093195915	0,351408928633	0,351408928633	0,334734499454	0,368083357811	0,351408928633	0,351408928633	0,351408928633	0,368083357811	45093,6659729167
337	0,346066995843	0,345782916417	1,345478324303	1,24836321903	0,050543706864	0,127093195915	0,351408928633	0,351408928633	0,351408928633	0,368083357811	0,368083357811	0,351408928633	0,351408928633	0,368083357811	45093,7586366435
338	0,345902820626	0,345622774887	1,344855813243	1,247752349312	0,050543706864	0,127093195915	0,351408928633	0,351408928633	0,351408928633	0,368083357811	0,368083357811	0,351408928633	0,351408928633	0,368083357811	45093,8512202546
339	0,345771375169	0,345497429654	1,344401446731	1,247286354845	0,050543706864	0,127093195915	0,351408928633	0,351408928633	0,351408928633	0,368083357811	0,351408928633	0,351408928633	0,351408928633	0,368083357811	45093,943804838
340	0,345675011282	0,345404416167	1,344102041751	1,24689127377	0,050543706864	0,127093195915	0,351408928633	0,351408928633	0,351408928633	0,368083357811	0,351408928633	0,351408928633	0,334734499454	0,368083357811	45094,0364909607
341	0,345530847756	0,345209376621	1,343640782714	1,246106104095	0,050543706864	0,127093195915	0,351408928633	0,351408928633	0,334734499454	0,368083357811	0,351408928633	0,351408928633	0,334734499454	0,368083357811	45094,1291511458
342	0,345387527788	0,345112479927	1,343132917483	1,245749047866	0,050543706864	0,127093195915	0,351408928633	0,351408928633	0,334734499454	0,351408928633	0,351408928633	0,351408928633	0,334734499454	0,351408928633	45094,2218599074
343	0,345257877104	0,344988523898	1,34265184841	1,245291100897	0,050543706864	0,127093195915	0,351408928633	0,351408928633	0,334734499454	0,351408928633	0,351408928633	0,351408928633	0,334734499454	0,368083357811	45094,3145310185
344	0,345148277112	0,344891614273	1,342262759434	1,244920039342	0,050543706864	0,127093195915	0,351408928633	0,351408928633	0,351408928633	0,368083357811	0,351408928633	0,351408928633	0,334734499454	0,368083357811	45094,4071603704
345	0,345032781538	0,344794756574	1,341857840893	1,24459139204	0,050543706864	0,127093195915	0,351408928633	0,351408928633	0,351408928633	0,368083357811	0,351408928633	0,351408928633	0,351408928633	0,368083357811	45094,4997808565
346	0,344930450444	0,344656531874	1,341483097806	1,24405751577	0,050543706864	0,127093195915	0,351408928633	0,351408928633	0,351408928633	0,368083357811	0,351408928633	0,351408928633	0,334734499454	0,368083357811	45094,5923249306
347	0,344820832915	0,344634606781	1,341043241394	1,244024558258	0,050543706864	0,127093195915	0,351408928633	0,351408928633	0,351408928633	0,368083357811	0,351408928633	0,351408928633	0,351408928633	0,368083357811	45094,6848740972
348	0,344817727949	0,344575195567	1,341064229812	1,243792382753	0,050543706864	0,127093195915	0,351408928633	0,351408928633	0,351408928633	0,368083357811	0,351408928633	0,351408928633	0,351408928633	0,368083357811	45094,7774614815
349	0,344706235287	0,344440860861	1,340655358109	1,243251876252	0,050543706864	0,127093195915	0,351408928633	0,351408928633	0,351408928633	0,368083357811	0,351408928633	0,351408928633	0,351408928633	0,368083357811	45094,8699753009
350	0,344608025018	0,344345241261	1,340337043996	1,242871903917	0,050543706864	0,127093195915	0,351408928633	0,351408928633	0,334734499454	0,368083357811	0,351408928633	0,351408928633	0,334734499454	0,368083357811	45094,962555706
351	0,344462566908	0,344223869517	1,339816139227	1,242426862531	0,050543706864	0,127093195915	0,351408928633	0,351408928633	0,334734499454	0,351408928633	0,351408928633	0,351408928633	0,334734499454	0,351408928633	45095,0550365046
352	0,344377466849	0,344130797537	1,339523977767	1,242068859722	0,050543706864	0,127093195915	0,351408928633	0,351408928633	0,334734499454	0,351408928633	0,351408928633	0,334734499454	0,334734499454	0,351408928633	45095,1475688194
353	0,344256170752	0,344031410017	1,339074087635	1,241698583253	0,050543706864	0,127093195915	0,351408928633	0,351408928633	0,334734499454	0,351408928633	0,351408928633	0,351408928633	0,334734499454	0,351408928633	45095,2400117824
354	0,344193268078	0,343975853827	1,338863334386	1,241484343513	0,050543706864	0,127093195915	0,351408928633	0,351408928633	0,334734499454	0,351408928633	0,351408928633	0,351408928633	0,334734499454	0,351408928633	45095,3325595139
355	0,344126126087	0,343893216051	1,3386360342	1,241161338072	0,050543706864	0,127093195915	0,351408928633	0,351408928633	0,334734499454	0,351408928633	0,351408928633	0,351408928633	0,334734499454	0,351408928633	45095,4250329051
356	0,344051200866	0,34383381077	1,338375423922	1,240959611286	0,050543706864	0,127093195915	0,351408928633	0,351408928633	0,334734499454	0,368083357811	0,351408928633	0,351408928633	0,334734499454	0,368083357811	45095,517524294
357	0,343971830652	0,343738227622	1,338071869282	1,240599802224	0,050543706864	0,127093195915	0,351408928633	0,368083357811	0,351408928633	0,368083357811	0,351408928633	0,351408928633	0,351408928633	0,368083357811	45095,6099329051
358	0,343889035382	0,343659413927	1,33776906289	1,240309194902	0,050543706864	0,127093195915	0,351408928633	0,351408928633	0,351408928633	0,368083357811	0,351408928633	0,351408928633	0,334734499454	0,368083357811	45095,7023217477
359	0,343831006644	0,343583227113	1,337585159537	1,240038137737	0,050543706864	0,127093195915	0,368083357811	0,351408928633	0,351408928633	0,368083357811	0,351408928633	0,351408928633	0,351408928633	0,368083357811	45095,7947788194
360	0,343697201999	0,343455324722	1,337081027048	1,239526023789	0,050543706864	0,127093195915	0,351408928633	0,351408928633	0,351408928633	0,368083357811	0,351408928633	0,351408928633	0,334734499454	0,368083357811	45095,8871014931
361	0,34363202343	0,343381683624	1,336868951295	1,239234102771	0,050543706864	0,127093195915	0,351408928633	0,351408928633	0,334734499454	0,368083357811	0,351408928633	0,351408928633	0,334734499454	0,351408928633	45095,9794954514
362	0,343514550756	0,34327574087	1,336444573291	1,238840187247	0,050543706864	0,127093195915	0,351408928633	0,351408928633	0,334734499454	0,368083357811	0,351408928633	0,351408928633	0,334734499454	0,351408928633	45096,07184625
363	0,343435698692	0,343252522996	1,33610651391	1,238800188747	0,050543706864	0,127093195915	0,351408928633	0,351408928633	0,334734499454	0,351408928633	0,351408928633	0,351408928633	0,334734499454	0,368083357811	45096,164188125
364	0,343409873516	0,343140169334	1,336039166818	1,238343742956	0,050543706864	0,127093195915	0,334734499454	0,351408928633	0,334734499454	0,351408928633	0,351408928633	0,334734499454	0,334734499454	0,351408928633	45096,2565569792
365	0,343240636155	0,343000663304	1,335456432302	1,23774520851	0,050543706864	0,127093195915	0,334734499454	0,334734499454	0,334734499454	0,351408928633	0,334734499454	0,334734499454	0,334734499454	0,351408928633	45096,3489298032
366	0,343135517209	0,342963192868	1,335084127244	1,237618944547	0,050543706864	0,127093195915	0,334734499454	0,334734499454	0,334734499454	0,351408928633	0,351408928633	0,351408928633	0,334734499454	0,351408928633	45096,4412164699
367	0,343140104908	0,342977448612	1,335111858171	1,237764972323	0,050543706864	0,127093195915	0,351408928633	0,351408928633	0,334734499454	0,351408928633	0,351408928633	0,351408928633	0,351408928633	0,368083357811	45096,5335578241
368	0,343112288794	0,342918015991	1,334981119123	1,237571920316	0,050543706864	0,127093195915	0,351408928633	0,351408928633	0,351408928633	0,368083357811	0,351408928633	0,351408928633	0,351408928633	0,368083357811	45096,6258357523
369	0,34310431111	0,342894729454	1,334967862329	1,237488587443	0,050543706864	0,127093195915	0,351408928633	0,351408928633	0,351408928633	0,368083357811	0,368083357811	0,368083357811	0,351408928633	0,368083357811	45096,7182503241
370	0,343014591537	0,342773336516	1,334591251078	1,237057560029	0,050543706864	0,127093195915	0,351408928633	0,368083357811	0,351408928633	0,368083357811	0,368083357811	0,351408928633	0,351408928633	0,368083357811	45096,8105078935
371	0,342931545332	0,342669983135	1,33434177885	1,236628846971	0,050543706864	0,127093195915	0,351408928633	0,351408928633	0,351408928633	0,368083357811	0,351408928633	0,351408928633	0,351408928633	0,368083357811	45096,9028540625
372	0,342779032622	0,342539558978	1,333788767927	1,236125884786	0,050543706864	0,127093195915	0,351408928633	0,351408928633	0,351408928633	0,368083357811	0,351408928633	0,334734499454	0,334734499454	0,368083357811	45096,9950186343
373	0,34271196136	0,342481442026	1,333567940479	1,235894569967	0,050543706864	0,127093195915	0,351408928633	0,351408928633	0,334734499454	0,368083357811	0,351408928633	0,351408928633	0,351408928633	0,351408928633	45097,0873006597
374	0,342646881001	0,342420727861	1,333335871315	1,235671979242	0,050543706864	0,127093195915	0,351408928633	0,351408928633	0,334734499454	0,368083357811	0,351408928633	0,334734499454	0,334734499454	0,368083357811	45097,1795781019
375	0,342577226723	0,342283801874	1,333086963926	1,235071371708	0,050543706864	0,127093195915	0,351408928633	0,334734499454	0,334734499454	0,351408928633	0,351408928633	0,334734499454	0,334734499454	0,351408928633	45097,2718913773
376	0,34238779776	0,34218558379	1,332429917833	1,234714450776	0,050543706864	0,127093195915	0,334734499454	0,334734499454	0,334734499454	0,351408928633	0,334734499454	0,334734499454	0,318060070276	0,351408928633	45097,3641307755
377	0,342325019018	0,342155944838	1,332047405636	1,234634438757	0,050543706864	0,127093195915	0,334734499454	0,334734499454	0,318060070276	0,351408928633	0,351408928633	0,351408928633	0,334734499454	0,368083357811	45097,4566402083
378	0,342296341381	0,297980589994	1,332067990442	1,092688815248	0,050543706864	0,127093195915	0,351408928633	0,351408928633	0,351408928633	0,368083357811	0,351408928633	0,351408928633	0,351408928633	0,368083357811	45097,5448410532
