TesterID:	Maccor#2				
Channel Number:	48				
TestName:	KAI_Zelltest_regulaer_fix_no_degass.000				
TestDesc:	Regular cycling: formation, followed by pulse, C-rate quick charge and cycling t				
StartDateTime:	44888,6355802662				
Comment:					
					
					
Cycle	AH-IN	AH-OUT	WH-IN	WH-OUT	Date
0		2,94806E-7		7,4982E-8	44888,9759784954
1	0,528919733781	0,452821848179	1,96824095975	1,660481953051	44889,4228567824
2	0,45640312061	0,453543631584	1,714632463437	1,663890010627	44889,844446956
3	0,469012596476	3,00316E-7	1,766443741886	9,65007E-7	44890,3394453125
4	3,03273060196841E-12	2,56434E-7	1,13797354403194E-11	8,32181E-7	44890,6473370949
5	0,459672872307	0,457789998933	1,740082576839	1,680548679018	44890,9170034375
6	0,458388550988	0,456896460926	1,734747514151	1,67742235686	44891,1926794329
7	0,457572572184	0,456343757115	1,731283943932	1,675488216368	44891,4677324653
8	0,456686222958	0,434169805653	1,727554788021	1,566722168342	44891,6584617593
9	0,434830317174	0,433380593787	1,651907096261	1,564109236192	44891,8429520602
10	0,434042103241	0,432861388825	1,648782481569	1,562432587698	44892,0270244907
11	0,433474898997	0,378895612417	1,646471812411	1,33439697961	44892,1889496296
12	0,379542443538	0,379686077856	1,456160691434	1,337501016124	44892,3363424537
13	0,380260313633	0,379740364793	1,458405503457	1,33780177093	44892,4837248032
14	0,380406474189	0,450300288032	1,458717444321	1,654149655293	44892,7353202546
15	0,450532122395	0,450607890414	1,703435501864	1,655300260674	44893,0057666667
16	0,45090485272	2,32698E-7	1,704606012789	7,37281E-7	44893,283404919
17	0,395082169831	0,395653019066	1,501517057637	1,432252343658	44893,4322935185
18	0,395029214877	0,395417030026	1,500835092615	1,431512377367	44893,5972957523
19	0,395065455901	0,395136507108	1,500679480205	1,430299548994	44893,7529230556
20	0,364764633019	0,359550573292	1,414252655963	1,291689447599	44893,8799151273
21	0,358357886848	0,35300387609	1,388457056372	1,268301491846	44894,00485875
22	0,352227609568	2,19782E-7	1,364484700562	6,69489E-7	44894,1350657755
23	6,70125378296584E-12	0,253430430901	2,50627930909442E-11	0,888901368598	44894,4181513657
24	0,435043911902	0,426075065591	1,673908991905	1,537957583249	44894,5291505903
25	0,42632057804	0,425514497237	1,644009374845	1,536066182977	44894,6391920949
26	0,425735185337	0,425117973116	1,641677377469	1,534711099205	44894,7489152315
27	0,425362031009	0,424836446918	1,640186263581	1,533758137991	44894,8585501852
28	0,425055993976	0,42459105684	1,638956587797	1,532944940223	44894,9681599306
29	0,424678733737	0,424253871027	1,637390367212	1,531731141403	44895,0771481134
30	0,424501134701	0,42409625169	1,636663871494	1,531215717778	44895,1863390278
31	0,424325823927	0,423969735537	1,635947667752	1,530801653064	44895,2956571065
32	0,424156495504	0,423775979656	1,635152197986	1,530133564046	44895,4048232755
33	0,423928423127	0,423615733436	1,634324219089	1,529593765417	44895,5140278009
34	0,423721144227	0,423400140414	1,63345372504	1,528820837265	44895,6229920718
35	0,423563675783	0,423248952543	1,63280180511	1,528307604419	44895,7319722338
36	0,423400070711	0,423099135224	1,632134742259	1,527767520159	44895,8408501389
37	0,423282546	0,422995817233	1,631647905657	1,527417325609	44895,9498408796
38	0,423101436479	0,422833095664	1,630901599076	1,526827775707	44896,0586870486
39	0,422965652574	0,422687170247	1,630330549874	1,526304694093	44896,1674807523
40	0,422864220361	0,422599270013	1,629898305969	1,52596660158	44896,2762547222
41	0,422811161949	0,422546324811	1,629642545597	1,52581151193	44896,3849496412
42	0,422592072561	0,422342310418	1,628783326893	1,52505862432	44896,4936706134
43	0,422432745737	0,422227046523	1,628146843084	1,524682163489	44896,6024776505
44	0,422359672403	0,422120084805	1,627815735196	1,524268590016	44896,7110482176
45	0,42219209796	0,421971575105	1,62716931767	1,523705928629	44896,8194668171
46	0,422124571796	0,421894027483	1,626874709942	1,523441824295	44896,9280086921
47	0,422002926603	0,421779113698	1,626393580679	1,523017198904	44897,0364991667
48	0,421845377286	0,421629262473	1,625726890685	1,522450653821	44897,1447026505
49	0,421819488941	0,421594417227	1,625631388673	1,522345734492	44897,2531858681
50	0,421696815512	0,421471614949	1,6251268262	1,521894332632	44897,3615048148
51	0,421610215102	0,421386478931	1,62477511043	1,521567987503	44897,4699360301
52	0,421458100867	0,421258568909	1,624167780308	1,521111151689	44897,578237037
53	0,42136756596	0,421156552176	1,623808137622	1,520734042698	44897,6865012616
54	0,42130512508	0,421095820211	1,623370428717	1,520506946831	44897,7950904514
55	0,421175008472	0,420984753181	1,623030194598	1,520094174351	44897,9032342014
56	0,421110267381	0,420898223296	1,622774627023	1,519794814795	44898,0114868519
57	0,421031289103	0,420832286094	1,622470122428	1,519538118787	44898,1197695718
58	0,420949068796	0,420770344427	1,622133895524	1,519297937577	44898,2280673495
59	0,420861515427	0,420682498026	1,621767610263	1,518912213823	44898,3362227894
60	0,420845470423	0,420669594191	1,621696428644	1,518898455451	44898,4444659491
61	0,420733331908	0,42052362448	1,621228188737	1,518378778869	44898,5526198611
62	0,42059843547	0,420428017598	1,620674604484	1,517957984611	44898,6606482523
63	0,420551410354	0,420372521169	1,620518833897	1,517750705105	44898,7687968634
64	0,42048047022	0,420313145558	1,620236635962	1,517564178192	44898,8768748611
65	0,420419868681	0,420235563395	1,620013048505	1,517278439509	44898,985004919
66	0,420331169752	0,420158156073	1,619666475267	1,516999402315	44899,0931566667
67	0,420253449544	0,420084473011	1,619363742995	1,516711414224	44899,2012592824
68	0,420167878477	0,420017312969	1,619024312944	1,516448983237	44899,3093091204
69	0,420095791072	0,41992952718	1,618721541248	1,516091592278	44899,4172422106
70	0,42005985685	0,419897164702	1,618585272598	1,515949013769	44899,5252424769
71	0,420028649555	0,419819767551	1,618446231029	1,515625172872	44899,6332823843
72	0,419904767306	0,419746081946	1,617950285831	1,515342496827	44899,7412336574
73	0,419772855838	2,49876E-7	1,617456334766	7,98606E-7	44899,8561989236
74	1,92645151445792E-12	0,247195922048	7,20345182273704E-12	0,866979315319	44900,1316866088
75	0,426362015475	0,419610492823	1,639785293077	1,514830853569	44900,2404359375
76	0,41974080766	0,419486470672	1,617348439083	1,514384551764	44900,3485339005
77	0,419541928816	0,41936118923	1,616599032872	1,513907411111	44900,4565242245
78	0,419441080998	0,419282384222	1,616196772893	1,513605104902	44900,5644469444
79	0,419386752608	0,419229424822	1,615976793933	1,513401751884	44900,6724353241
80	0,419318691325	0,419212657911	1,615703085256	1,513444205758	44900,7801816898
81	0,419258462551	0,419087324334	1,615357807171	1,512987404195	44900,8879736921
82	0,419164410187	0,419013688107	1,61499114565	1,512704674672	44900,9957834143
83	0,419069163188	0,418914263923	1,614620133581	1,512321772832	44901,1035073264
84	0,418978093173	0,418844517691	1,614265055413	1,512057181219	44901,2111744792
85	0,418974894425	0,418827721535	1,614289657427	1,5119763272	44901,3190994213
86	0,418867182726	0,418716666163	1,613864726037	1,511545284168	44901,4268587616
87	0,418789404703	0,418670134409	1,61359537244	1,51135046141	44901,5346032986
88	0,418734071428	0,418604284736	1,613360414489	1,511093482105	44901,6423193403
89	0,418652785147	0,418630072906	1,613063378187	1,511226408312	44901,7499533449
90	0,418782757145	0,418612037167	1,613422206244	1,511200917635	44901,8576357523
91	0,418687387074	0,41850614443	1,613030953831	1,510792860387	44901,9652832292
92	0,418585934166	0,418417006946	1,612660011368	1,510475563398	44902,0728827083
93	0,418498497773	0,418353638773	1,612340430037	1,510234566617	44902,1805185764
94	0,418414391509	0,418264593267	1,61202159967	1,509891218268	44902,2880450694
95	0,418328460709	0,418176773356	1,61169524234	1,509600984927	44902,3956698727
96	0,418318118236	0,418322624386	1,611554572094	1,510223329377	44902,5030877546
97	0,41843775868	0,41812372346	1,611911562174	1,509495819664	44902,6106351505
98	0,418217074789	0,417983013874	1,61112451141	1,509020639365	44902,7181578356
99	0,41800470442	0,417808604949	1,610303653139	1,508386688389	44902,8254805208
100	0,41788206143	0,417662708567	1,6097999534	1,507870408948	44902,9327551042
101	0,417768938033	0,417573508987	1,609409242528	1,507566415967	44903,0401374884
102	0,417604184444	0,417435280688	1,608764563439	1,507055630631	44903,1473709259
103	0,417531573899	0,417363004636	1,608510937722	1,506806023384	44903,2547149769
104	0,417420094864	0,417238985665	1,608087998062	1,506353520212	44903,3620039005
105	0,417302059655	0,417139476705	1,607654229345	1,505976993193	44903,4692887037
106	0,417268054492	0,417130496559	1,607564911002	1,505896492924	44903,5766508333
107	0,417104807517	0,416970313496	1,606917502399	1,505348186128	44903,6838606134
108	0,416998481041	0,416847628418	1,606491227315	1,504882924601	44903,7908758912
109	0,416960128338	0,416797274068	1,606361965051	1,504725719774	44903,8980903588
110	0,416828599355	0,416686171223	1,605862399908	1,504294862849	44904,0051603935
111	0,416760533494	0,416626776965	1,605605564705	1,504075216699	44904,1122251736
112	0,416701947656	0,416559595517	1,605387924199	1,503836111965	44904,2193515394
113	0,416597533551	0,416467893034	1,604990156534	1,503479710534	44904,3263078704
114	0,416482950295	0,416336130746	1,604573154956	1,502996893031	44904,4333264352
115	0,416465025351	0,41630766059	1,604458969107	1,502825980365	44904,5401481713
116	0,416456955478	0,416312875996	1,604449195431	1,50277872937	44904,6473402431
117	0,416353803988	0,416250917797	1,604113949081	1,502634009485	44904,7542439352
118	0,416288710234	0,416159159999	1,603843233704	1,502291257846	44904,8612835301
119	0,416229053672	0,416099749424	1,603628160094	1,502072867902	44904,9683312847
120	0,416151921854	0,416027434165	1,603329440284	1,501785011171	44905,0752988194
121	0,416093396892	0,415971914213	1,603106952959	1,501580784493	44905,1822578588
122	0,416021835057	0,415893117258	1,602841492486	1,501278691357	44905,2891706018
123	0,415942242089	0,415785940221	1,602555374932	1,500883797463	44905,3961229398
124	0,415855666262	2,51572E-7	1,602266919397	8,01229E-7	44905,5101016088
125	8,87566440324508E-12	0,244137593831	3,31933359500028E-11	0,856138567528	44905,7831703588
126	0,422066971259	0,41584399762	1,623375307108	1,500969236844	44905,8908060648
127	0,415931835279	0,415718697526	1,602558224256	1,500521634233	44905,9977992245
128	0,415805725746	0,415654144445	1,602089060592	1,500292084459	44906,1048433333
129	0,415687026502	0,41555335564	1,601623927347	1,499905436231	44906,2116880093
130	0,415610692374	0,415491383878	1,601352699596	1,499682210356	44906,3186017708
131	0,415513670925	0,415386775019	1,600995997023	1,499306422246	44906,4255754282
132	0,415430154323	0,415327382244	1,600721436027	1,499105910151	44906,5325954861
133	0,415351983559	0,415229184712	1,60041284063	1,498709366221	44906,6394588773
134	0,415408218458	0,415324773163	1,600696738756	1,498973256121	44906,7464648148
135	0,415283699059	0,415207241606	1,600146404257	1,498580857447	44906,853273912
136	0,415267288536	0,415143908188	1,600024569343	1,498330932789	44906,9600663773
137	0,415236277669	0,415137476509	1,599953474927	1,498327422117	44907,0669907755
138	0,41511862203	0,415031556222	1,599505869731	1,497931614261	44907,1737140394
139	0,415063381053	0,414942410688	1,599273305161	1,497548704066	44907,2803160301
140	0,414960268777	0,414850776659	1,598931538168	1,497261116008	44907,3871666204
141	0,415105206169	0,415004467856	1,599507492264	1,497665686537	44907,4940541088
142	0,414998170581	0,414875283282	1,599010217434	1,497209366472	44907,6007818171
143	0,414945525717	0,414836548892	1,598821871492	1,497045467599	44907,7074762037
144	0,414943204867	0,414818470977	1,598820307286	1,496990461472	44907,8142049537
145	0,414899210633	0,41477975799	1,598718679519	1,496856606284	44907,9211593056
146	0,414782184552	0,414694442679	1,598283630181	1,496551203314	44908,0279305324
147	0,414740185587	0,414649178698	1,598140708187	1,496371424249	44908,1347128588
148	0,4146299977	0,414500699728	1,597706943918	1,495960865101	44908,2415920139
149	0,414469182398	0,414398629588	1,597255308241	1,495467201551	44908,3483408449
150	0,41462598483	0,41455490274	1,597844354654	1,495955031425	44908,4554168634
151	0,41470156475	0,414609191795	1,598035020413	1,496062849916	44908,5623468056
152	0,414596425879	0,414489086763	1,597567361819	1,495624718564	44908,6690684375
153	0,414498024858	0,414419372742	1,597207894731	1,495361336584	44908,775800463
154	0,414474968642	0,414388315547	1,597164786812	1,495274705839	44908,8825636227
155	0,414479385514	0,41439093925	1,597211711299	1,49529319178	44908,9895464005
156	0,414373934105	0,41431996848	1,596804593928	1,495022095701	44909,0962712731
157	0,414371067417	0,414282402252	1,596781712506	1,494882705573	44909,2030453125
158	0,414336165614	0,414261792613	1,596648296078	1,494804436054	44909,3098403588
159	0,414406820924	0,414305695785	1,596919965601	1,494855776447	44909,4166707523
160	0,414257424033	0,4141635936	1,596302645749	1,494392423944	44909,5232931019
161	0,414249755106	0,414141596239	1,596278644059	1,49429701907	44909,6299271065
162	0,414212729684	0,414108073015	1,596182639249	1,494171182408	44909,7367269676
163	0,414197245336	0,414100272475	1,596133218338	1,494123245187	44909,8435616319
164	0,41412421271	0,414035704137	1,595893219153	1,493873988122	44909,9503017245
165	0,414105619665	0,414021457931	1,595827356534	1,493807289696	44910,057186956
166	0,414027920508	0,413946598442	1,59552103411	1,493499958855	44910,163856169
167	0,414022397023	0,413933705841	1,595526262996	1,493441106707	44910,2706708333
168	0,414048421507	0,413960860118	1,595650593248	1,493432100458	44910,3775301389
169	0,413937781726	0,413870406756	1,5952213804	1,49313438924	44910,4844263542
170	0,413969382803	0,413888501624	1,595372577102	1,49314999353	44910,59135625
171	0,413968816319	0,413885885973	1,595320292382	1,493150549521	44910,6981256134
172	0,413833950576	0,413773547785	1,594893826696	1,49275402237	44910,8050135648
173	0,413810042161	0,413746426568	1,594746984436	1,492654309191	44910,9117738773
174	0,413770878784	0,41369736097	1,594600793848	1,49245976741	44911,018484213
175	0,413748166547	2,53267E-7	1,594527569489	8,05342E-7	44911,1322713657
176	1,0166323338674E-11	0,242922493977	3,80274094929739E-11	0,851663861789	44911,4042953356
177	0,419719862254	0,039917613656	1,614771056999	0,161662594521	44911,4781015394
