TesterID:	Maccor#2						
Channel Number:	37						
TestName:	KAI_Zelltest_regulaer_fix_no_degass_flag.000						
TestDesc:	Regular cycling: formation, followed by pulse, C-rate quick charge and cycling t						
StartDateTime:	45056,3140966204						
Comment:							
							
							
Cycle	AH-IN	AH-OUT	WH-IN	WH-OUT	ACR	DCIR	Date
0		2,24860761425193E-10		4,19390264409908E-12	0	0	45057,5642296412
1	0,508977207599	0,43349544824	1,891769466317	1,589005893299	0	0	45057,9935113079
2	0,436809859731	0,433594388813	1,641513303695	1,589692114341	0	0	45058,3973839352
3	0,449452590289	1,6967E-8	1,693269958029	5,4599E-8	0	0	45058,8743396296
4	6,29434653238727E-13	1,0173E-8	2,36298203276269E-12	3,3074E-8	0,047413833439	0,133497029543	45059,1711325232
5	0,439463431405	0,436728499769	1,664553881544	1,602056854003	0,047413833439	0,133497029543	45059,4293344792
6	0,438520729223	0,435423869306	1,660299598033	1,597687571314	0,047413833439	0,133497029543	45059,6936812384
7	0,437103460094	0,434488324484	1,654884603133	1,594347393376	0,047413833439	0,133497029543	45059,9567813426
8	0,435966636489	0,413158747831	1,650209544425	1,488823982883	0,047413833439	0,133497029543	45060,1393425232
9	0,414284266874	0,411585493298	1,574952591559	1,483900272243	0,047413833439	0,133497029543	45060,3163195718
10	0,412730754766	0,410944847507	1,569164537588	1,481367812678	0,047413833439	0,133497029543	45060,4925006134
11	0,411949541459	0,355477493846	1,566162495878	1,250023778393	0,047413833439	0,133497029543	45060,647525
12	0,356382602906	0,353007785975	1,369447960601	1,24306407551	0,047413833439	0,133497029543	45060,7871610764
13	0,353909819186	0,35482135421	1,360162385125	1,248443154868	0,047413833439	0,133497029543	45060,9263048495
14	0,355596249706	0,426076069231	1,36600206535	1,564617923312	0,047413833439	0,133497029543	45061,1641718171
15	0,427517395202	0,426261546245	1,618045384194	1,565400837784	0,047413833439	0,133497029543	45061,4217709722
16	0,427542412054	1,314E-8	1,617998460366	4,1812E-8	0,047413833439	0,133497029543	45061,6864984375
17	0,373519622135	0,373256603461	1,421249428308	1,350061203785	0,047413833439	0,133497029543	45061,8274289352
18	0,373426622211	0,372809656962	1,420977695215	1,348314054928	0,047413833439	0,133497029543	45061,9751059144
19	0,373442123259	0,372703444421	1,420645443715	1,348006066093	0,047413833439	0,133497029543	45062,1227585185
20	0,346877488138	0,339070704173	1,34764560019	1,218373034651	0,047413833439	0,133497029543	45062,2434397801
21	0,339078303874	0,330341457797	1,316696161568	1,18756058436	0,047413833439	0,133497029543	45062,3614181366
22	0,330465400901	2,5233E-8	1,283890837853	7,7204E-8	0,047413833439	0,133497029543	45062,4838130556
23	2,1362630655375E-12	0,231873504158	7,99733347224433E-12	0,813174983194	0,045743376017	0,114834673703	45062,7497923843
24	0,404529593323	0,396305449184	1,560068320295	1,430434598789	0,045743376017	0,114834673703	45062,8545571528
25	0,396904139694	0,394871744978	1,533313711242	1,425578627486	0,045743376017	0,114834673703	45062,9582379861
26	0,395516246051	0,394029558869	1,527896049879	1,422067852642	0,045743376017	0,114834673703	45063,0617013773
27	0,3946878647	0,393403083197	1,524749467012	1,419943411211	0,045743376017	0,114834673703	45063,1646518634
28	0,393939240951	0,392210943928	1,522268630182	1,416194871421	0,045743376017	0,114834673703	45063,267497581
29	0,392725895062	0,391810503113	1,51790701453	1,414592393305	0,045743376017	0,114834673703	45063,3703328588
30	0,392382684762	0,391255102906	1,51638518272	1,41231508537	0,045743376017	0,114834673703	45063,4732034722
31	0,391731069539	0,390871489611	1,51386829807	1,410998003279	0,045743376017	0,114834673703	45063,5757718634
32	0,391326383728	0,390093919107	1,512228128854	1,40808165223	0,045743376017	0,114834673703	45063,6778015278
33	0,3905201637	0,389486872195	1,509397297894	1,406026337191	0,045743376017	0,114834673703	45063,7797276042
34	0,390122523728	0,389485573693	1,507957770891	1,406583265245	0,045743376017	0,114834673703	45063,8817896181
35	0,389875352136	0,388745400084	1,506795267345	1,403572898687	0,045743376017	0,114834673703	45063,9835923958
36	0,389218528546	0,3880234112	1,504227543465	1,400979383946	0,045743376017	0,114834673703	45064,0850869792
37	0,388578283304	0,38703274167	1,501884835679	1,39749749621	0,045743376017	0,114834673703	45064,1865012732
38	0,387508219611	0,386684007535	1,498170248023	1,396136337365	0,045743376017	0,114834673703	45064,2878013657
39	0,387252317855	0,386363717275	1,497235290639	1,395236846223	0,045743376017	0,114834673703	45064,3892412963
40	0,386828354008	0,386062710605	1,495808528235	1,394193109728	0,045743376017	0,114834673703	45064,490833912
41	0,386559943293	0,385841899844	1,494701828222	1,393461291235	0,045743376017	0,114834673703	45064,5923530324
42	0,38629988578	0,385524108673	1,49370929081	1,39230127666	0,045743376017	0,114834673703	45064,6936706713
43	0,385950336729	0,385183073985	1,492256507888	1,390906916043	0,045743376017	0,114834673703	45064,7945307176
44	0,385761300363	0,384701365314	1,491237154691	1,389280284578	0,045743376017	0,114834673703	45064,8951974653
45	0,385302899987	0,383912127167	1,489539228774	1,387020224879	0,045743376017	0,114834673703	45064,995649294
46	0,38444663148	0,383763601781	1,486605245885	1,386340592598	0,045743376017	0,114834673703	45065,0963260995
47	0,384302722738	0,383364473454	1,485816712162	1,38449666826	0,045743376017	0,114834673703	45065,1970076852
48	0,383963141276	0,383017046931	1,484412451165	1,383222915614	0,045743376017	0,114834673703	45065,2975545023
49	0,383504431138	0,382567507037	1,483086736092	1,381592505048	0,045743376017	0,114834673703	45065,3977698727
50	0,383144659924	0,382585602328	1,482093124	1,381895911586	0,045743376017	0,114834673703	45065,4981751505
51	0,383091808275	0,382273075732	1,481585442059	1,380910013068	0,045743376017	0,114834673703	45065,5984213773
52	0,382752594143	0,381580714993	1,480004855681	1,378352026402	0,045743376017	0,114834673703	45065,698465
53	0,382081799395	0,381157085339	1,477417803563	1,376899821686	0,045743376017	0,114834673703	45065,7982805093
54	0,381699566194	0,381339218931	1,476133064985	1,377922699137	0,045743376017	0,114834673703	45065,8982149421
55	0,381872619308	0,380999472995	1,47619813297	1,376417462778	0,045743376017	0,114834673703	45065,9980914005
56	0,381547079419	0,380972435916	1,475260540316	1,376586233435	0,045743376017	0,114834673703	45066,0980178356
57	0,381432929064	0,380459634233	1,474800801343	1,374490508755	0,045743376017	0,114834673703	45066,1976034606
58	0,38097785908	0,380521580353	1,473214118127	1,375065540783	0,045743376017	0,114834673703	45066,2970018866
59	0,380909666956	0,379731114065	1,472877837317	1,371873508223	0,045743376017	0,114834673703	45066,3965127778
60	0,38015644479	0,379235163218	1,470051106079	1,370086257215	0,045743376017	0,114834673703	45066,4957853819
61	0,379688564431	0,379302294225	1,468532692199	1,370618373119	0,045743376017	0,114834673703	45066,5952772222
62	0,379785666132	0,37902460779	1,468490472268	1,369403492685	0,045743376017	0,114834673703	45066,694643206
63	0,37953141968	0,379076215709	1,467538159408	1,369909748045	0,045743376017	0,114834673703	45066,7938320255
64	0,379659538563	0,379129223005	1,46742029123	1,370546067511	0,045743376017	0,114834673703	45066,8929384375
65	0,379621660897	0,378913501341	1,467229199653	1,369828025989	0,045743376017	0,114834673703	45066,9920485185
66	0,379343019643	0,378657702278	1,466179614641	1,36889635633	0,045743376017	0,114834673703	45067,0909885069
67	0,379082188172	0,378515623404	1,465165494245	1,368514328137	0,045743376017	0,114834673703	45067,1898222685
68	0,378962739167	0,378356819797	1,464626725857	1,367884036845	0,045743376017	0,114834673703	45067,2885759954
69	0,378815993445	0,377927973255	1,464104237927	1,366067364404	0,045743376017	0,114834673703	45067,3871099884
70	0,37839148245	0,377659347077	1,462934818055	1,365069096651	0,045743376017	0,114834673703	45067,4855961111
71	0,378237806993	0,378018327221	1,462157349724	1,367091763867	0,045743376017	0,114834673703	45067,5841698148
72	0,378594623201	0,378062290159	1,462685642811	1,367652217082	0,045743376017	0,114834673703	45067,6824155208
73	0,378504243599	7,9275E-8	1,462070813775	2,54447E-7	0,045743376017	0,114834673703	45067,787726794
74	9,72762645914397E-13	0,214738031753	3,64189575897817E-12	0,753517998455	0,045124135911	0,10782854259	45068,0387397338
75	0,385495415007	0,379165370144	1,485450785046	1,3727023413	0,045124135911	0,10782854259	45068,1376128125
76	0,379537570931	0,378571199305	1,464786055529	1,370419852656	0,045124135911	0,10782854259	45068,2356794097
77	0,378896824217	0,378566082871	1,462701595743	1,370336158791	0,045124135911	0,10782854259	45068,333456794
78	0,378967088533	0,378338719842	1,462771608474	1,369609096723	0,045124135911	0,10782854259	45068,4310916088
79	0,378608612791	0,377753627485	1,461633925396	1,367117345789	0,045124135911	0,10782854259	45068,5287847917
80	0,378139402658	0,377701922714	1,460226474098	1,366959074996	0,045124135911	0,10782854259	45068,6267683912
81	0,378065533305	0,377504319863	1,459262934711	1,366528043049	0,045124135911	0,10782854259	45068,7245642708
82	0,37790574184	0,37773158837	1,458798454185	1,367782367894	0,045124135911	0,10782854259	45068,8221374306
83	0,378078531799	0,377730351117	1,459137395837	1,368019166611	0,045124135911	0,10782854259	45068,9195102199
84	0,378130879164	0,377295055942	1,459082344389	1,366329990122	0,045124135911	0,10782854259	45069,0170030324
85	0,377513978105	0,376740903797	1,457080761466	1,363972256877	0,045124135911	0,10782854259	45069,1143521528
86	0,377025244593	0,37657562782	1,455578041705	1,363136202197	0,045124135911	0,10782854259	45069,2117084259
87	0,376936464298	0,37634448458	1,455240140805	1,36217977993	0,045124135911	0,10782854259	45069,3089668287
88	0,3766639861	0,375714105142	1,454647721152	1,359294981831	0,045124135911	0,10782854259	45069,4065850463
89	0,376003511682	0,375215561531	1,452618808376	1,357080600564	0,045124135911	0,10782854259	45069,5044023727
90	0,375279271683	0,374082786643	1,450079786725	1,352509061767	0,045124135911	0,10782854259	45069,6018335417
91	0,374127597362	0,37348471246	1,447555531301	1,349169003152	0,045124135911	0,10782854259	45069,6999383796
92	0,374037147888	0,373381361832	1,446786621279	1,349237977883	0,045124135911	0,10782854259	45069,7975902199
93	0,373748405505	0,373805101477	1,445703327395	1,351536238632	0,045124135911	0,10782854259	45069,8951199768
94	0,374192777836	0,374186113742	1,446631944997	1,353139284717	0,045124135911	0,10782854259	45069,9924606713
95	0,374618141383	0,374253311506	1,447697329877	1,353859317291	0,045124135911	0,10782854259	45070,0893934491
96	0,374666275008	0,374020765282	1,447749449578	1,353096423301	0,045124135911	0,10782854259	45070,186599537
97	0,374376342212	0,373962706187	1,446524705159	1,352987736062	0,045124135911	0,10782854259	45070,283849838
98	0,373990979799	0,371736396966	1,44494408926	1,343138638345	0,045124135911	0,10782854259	45070,3808540046
99	0,371689505991	0,371314738194	1,43932711858	1,340946946968	0,045124135911	0,10782854259	45070,4785510648
100	0,371598394179	0,371313462157	1,438404442216	1,341469658247	0,045124135911	0,10782854259	45070,5759694792
101	0,371679883921	0,371673386455	1,438506540662	1,34506392356	0,045124135911	0,10782854259	45070,6990221991
102	0,372141500703	0,371511149143	1,439487072129	1,342409298026	0,045124135911	0,10782854259	45070,7980968171
103	0,37186687006	0,371340588458	1,438726949871	1,341670171867	0,045124135911	0,10782854259	45070,8950941435
104	0,371603645566	0,371079724035	1,437746425702	1,340506182081	0,045124135911	0,10782854259	45070,9924341204
105	0,37130380333	0,37074648925	1,43690280747	1,338967124139	0,045124135911	0,10782854259	45071,0892791898
106	0,371108210545	0,370284033016	1,436182972802	1,337152278111	0,045124135911	0,10782854259	45071,1864563542
107	0,370569131238	0,370303400317	1,434467479908	1,337561383332	0,045124135911	0,10782854259	45071,2834514005
108	0,370524538417	0,369939187602	1,434368336713	1,336352250997	0,045124135911	0,10782854259	45071,3802268403
109	0,370012310471	0,369556835934	1,432340299669	1,334727934504	0,045124135911	0,10782854259	45071,4785236458
110	0,36993904948	0,36963955403	1,432277360868	1,335380390719	0,045124135911	0,10782854259	45071,5755151736
111	0,369953282135	0,369496092311	1,432108129236	1,33488609782	0,045124135911	0,10782854259	45071,6724842593
112	0,369882003741	0,369555535099	1,431782627497	1,33516247154	0,045124135911	0,10782854259	45071,7693207407
113	0,369924877753	0,369500029981	1,431715328896	1,334795601879	0,045124135911	0,10782854259	45071,8659854514
114	0,36979901453	0,369115154433	1,431260672646	1,33316202476	0,045124135911	0,10782854259	45071,9627825232
115	0,369316134989	0,36905311464	1,429647091945	1,333130556557	0,045124135911	0,10782854259	45072,0595645139
116	0,369373155346	0,368812872147	1,430063430403	1,332308152977	0,045124135911	0,10782854259	45072,1564592245
117	0,369112937642	0,368455118235	1,429237932645	1,331084242994	0,045124135911	0,10782854259	45072,2533492361
118	0,368745878222	0,368639792879	1,427952866996	1,33169686028	0,045124135911	0,10782854259	45072,3500963194
119	0,368886156674	0,368207070544	1,428262221647	1,329883343022	0,045124135911	0,10782854259	45072,4470042477
120	0,368432935761	0,368059832214	1,42644373739	1,329051175967	0,045124135911	0,10782854259	45072,5436332292
121	0,368383273155	0,367789885706	1,42631214675	1,327985742802	0,045124135911	0,10782854259	45072,6400172454
122	0,36807369992	0,36740623024	1,425211248363	1,326959292521	0,045124135911	0,10782854259	45072,7365337153
123	0,367632783717	0,367780891147	1,42403247669	1,328599947529	0,045124135911	0,10782854259	45072,8330488773
124	0,368036442901	9,12593779405407E-9	1,425194586105	2,9432E-8	0,045124135911	0,10782854259	45072,9366247917
125	1,11899493909107E-12	0,207813229973	4,19365331367593E-12	0,728847318942	0,050388418138	0,121242448688	45073,1822822106
126	0,375227230996	0,368368569912	1,450057451628	1,330607820537	0,050388418138	0,121242448688	45073,2797739236
127	0,368612541452	0,367891916216	1,427128543378	1,329030015811	0,050388418138	0,121242448688	45073,3764975694
128	0,368162882258	0,367912614023	1,425495031918	1,328921543328	0,050388418138	0,121242448688	45073,4730698264
129	0,368217414484	0,367492794673	1,42559167339	1,327544312558	0,050388418138	0,121242448688	45073,5697271528
130	0,367720325151	0,367366213034	1,423857046586	1,327072111587	0,050388418138	0,121242448688	45073,6662125
131	0,367669126897	0,367178963855	1,423655691135	1,32635828942	0,050388418138	0,121242448688	45073,762780162
132	0,367399664499	0,366791413309	1,422451100204	1,324738075549	0,050388418138	0,121242448688	45073,8591581019
133	0,367093918255	0,366800494335	1,421243024191	1,324760459478	0,050388418138	0,121242448688	45073,9549928472
134	0,367096377543	0,366668726534	1,421755290893	1,324476456899	0,050388418138	0,121242448688	45074,0512405208
135	0,366857718662	0,366177949134	1,420519592274	1,322338321877	0,050388418138	0,121242448688	45074,1475952431
136	0,366493211306	0,366233442168	1,419146355696	1,322374231805	0,050388418138	0,121242448688	45074,2436834838
137	0,366490192716	0,365923501977	1,419229880629	1,321333691417	0,050388418138	0,121242448688	45074,339527963
138	0,366260594204	0,36575167331	1,418387825069	1,320663895801	0,050388418138	0,121242448688	45074,4357366435
139	0,365966011457	0,365546272041	1,417306103234	1,320225420459	0,050388418138	0,121242448688	45074,5316763889
140	0,365819743574	0,365774921278	1,41699260614	1,32127938586	0,050388418138	0,121242448688	45074,6275339005
141	0,365966899058	0,365452045461	1,417403528564	1,320000530979	0,050388418138	0,121242448688	45074,7237323611
142	0,365709761349	0,365069671118	1,416153459819	1,31845614722	0,050388418138	0,121242448688	45074,819680463
143	0,36536684995	0,36503355259	1,415004046345	1,318707448347	0,050388418138	0,121242448688	45074,9152575116
144	0,365252380845	0,365188536777	1,414734289609	1,318961268257	0,050388418138	0,121242448688	45075,0110523958
145	0,365494816008	0,364974134592	1,415453490272	1,317910581927	0,050388418138	0,121242448688	45075,1068064352
146	0,36523309064	0,364932803202	1,414845567132	1,318195398025	0,050388418138	0,121242448688	45075,2025251505
147	0,365195628305	0,364664102635	1,414462356793	1,316855843177	0,050388418138	0,121242448688	45075,2986841667
148	0,364934907512	0,364370991871	1,413315037601	1,315646321224	0,050388418138	0,121242448688	45075,3945113542
149	0,364621944559	0,364505226757	1,412493060891	1,316821192348	0,050388418138	0,121242448688	45075,4902382407
150	0,364720224152	0,364395442972	1,412871612177	1,315862428759	0,050388418138	0,121242448688	45075,5859904514
151	0,364697587299	0,364113888162	1,412547109502	1,31481834506	0,050388418138	0,121242448688	45075,681513206
152	0,364451386172	0,364232735808	1,411915312788	1,315663118279	0,050388418138	0,121242448688	45075,7773320718
153	0,364534713629	0,364222408843	1,412056816394	1,315536320226	0,050388418138	0,121242448688	45075,8733648495
154	0,364508986909	0,36405573158	1,411541236233	1,315261990476	0,050388418138	0,121242448688	45075,9691375579
155	0,364212261391	0,363670872981	1,410679130347	1,31337340477	0,050388418138	0,121242448688	45076,0647318982
156	0,363937690387	0,363481002217	1,409653465124	1,31286524262	0,050388418138	0,121242448688	45076,1601994792
157	0,363734929099	0,363359597414	1,409278919839	1,31229629829	0,050388418138	0,121242448688	45076,2559191319
158	0,363612005561	0,363428049811	1,408548946096	1,312605679914	0,050388418138	0,121242448688	45076,3511766088
159	0,363201686782	0,362473504745	1,407666206332	1,308595033583	0,050388418138	0,121242448688	45076,4474164699
160	0,362879547512	0,362967789605	1,406412878812	1,31144336817	0,050388418138	0,121242448688	45076,5435854745
161	0,363368417756	0,363155469425	1,407513118632	1,312024330872	0,050388418138	0,121242448688	45076,6393972917
162	0,363458842957	0,3628287104	1,407959005047	1,310469542603	0,050388418138	0,121242448688	45076,7347486574
163	0,363136954656	0,362938467271	1,406917879349	1,31100422873	0,050388418138	0,121242448688	45076,8300209028
164	0,36323138963	0,363087041825	1,406965593559	1,31153175683	0,050388418138	0,121242448688	45076,9254338542
165	0,363351254824	0,362452814991	1,407403981504	1,3086849042	0,050388418138	0,121242448688	45077,0206574769
166	0,362723088567	0,362495484729	1,405569716297	1,309471620416	0,050388418138	0,121242448688	45077,1160900463
167	0,362719006416	0,362284959179	1,405492921377	1,308006794437	0,050388418138	0,121242448688	45077,2114396065
168	0,362655325138	0,362367585937	1,405229997573	1,308872765705	0,050388418138	0,121242448688	45077,3069938194
169	0,362328081712	0,361742481669	1,403849553927	1,305989688617	0,050388418138	0,121242448688	45077,4023853009
170	0,362108354497	0,361862544104	1,403485773548	1,306669615968	0,050388418138	0,121242448688	45077,4976388657
171	0,36215853421	0,361884580251	1,403315196789	1,307165001545	0,050388418138	0,121242448688	45077,5929409259
172	0,362072988696	0,361630080537	1,40315007466	1,305946535168	0,050388418138	0,121242448688	45077,6881743171
173	0,361932299411	0,361463405602	1,402609997563	1,305712149794	0,050388418138	0,121242448688	45077,7833369329
174	0,36180246858	0,362031835108	1,402084167293	1,307967989987	0,050388418138	0,121242448688	45077,8782412153
175	0,362289137294	3,9856E-8	1,403554380977	1,28201E-7	0,050388418138	0,121242448688	45077,9804081829
176	1,09356323592991E-12	0,20310144857	4,10073940984017E-12	0,712513247462	0,052360214293	0,119704909623	45078,2225175347
177	0,369065239672	0,362589702403	1,427106907289	1,309603952043	0,052360214293	0,119704909623	45078,3183833333
178	0,362649675924	0,361460864342	1,404792801951	1,30479069523	0,052360214293	0,119704909623	45078,4134160764
179	0,361688724842	0,361637801389	1,401970890351	1,306028328521	0,052360214293	0,119704909623	45078,5085001157
180	0,361994533219	0,361774756196	1,402538918909	1,30698264378	0,052360214293	0,119704909623	45078,603430706
181	0,362023917388	0,361667520448	1,402299560454	1,306608239287	0,052360214293	0,119704909623	45078,6981151852
182	0,361999053431	0,361541039688	1,402580905015	1,305955109505	0,052360214293	0,119704909623	45078,7931181481
183	0,361889806253	0,361858691408	1,402037633142	1,307559094799	0,052360214293	0,119704909623	45078,8879298843
184	0,362134132426	0,361524213435	1,402415113367	1,306043105604	0,052360214293	0,119704909623	45078,9828287847
185	0,36176114661	0,361425989207	1,401216380913	1,30565227508	0,052360214293	0,119704909623	45079,077678287
186	0,361741296482	0,361416948661	1,400978976415	1,305960597711	0,052360214293	0,119704909623	45079,1724996875
187	0,361685974469	0,361566761738	1,400846207545	1,307142984591	0,052360214293	0,119704909623	45079,2672097801
188	0,361825329934	0,361318799456	1,400804611431	1,306364915753	0,052360214293	0,119704909623	45079,361378912
189	0,361229177539	0,360209313857	1,399772797123	1,30045754673	0,052360214293	0,119704909623	45079,4561962384
190	0,36051312526	0,360324168303	1,39737122903	1,301331578222	0,052360214293	0,119704909623	45079,5509967245
191	0,360606900784	0,360355199644	1,397416407241	1,301641520415	0,052360214293	0,119704909623	45079,6456291088
192	0,360699412423	0,36039655032	1,397698282772	1,301849456724	0,052360214293	0,119704909623	45079,7403495949
193	0,360702153526	0,360665237323	1,39782301889	1,303019774198	0,052360214293	0,119704909623	45079,8351933912
194	0,360924705089	0,360259730511	1,398269562375	1,301086270324	0,052360214293	0,119704909623	45079,9297783449
195	0,360501695923	0,360018102629	1,396910397661	1,300300473602	0,052360214293	0,119704909623	45080,0245226273
196	0,36023495957	0,360147266011	1,395999312052	1,300689628355	0,052360214293	0,119704909623	45080,1190160185
197	0,360492127247	0,360342278854	1,396900819005	1,301930211931	0,052360214293	0,119704909623	45080,2136948032
198	0,360572909173	0,360051698544	1,39663463927	1,301009588472	0,052360214293	0,119704909623	45080,3082691898
199	0,360248309832	0,359996120525	1,395758228406	1,300051396891	0,052360214293	0,119704909623	45080,4026850926
200	0,360302204155	0,359804944901	1,396253450246	1,299461824052	0,052360214293	0,119704909623	45080,4974241551
201	0,360030971868	0,359857935458	1,395128711797	1,299857228543	0,052360214293	0,119704909623	45080,5920851852
202	0,360138330661	0,360003859179	1,395069545203	1,300737483803	0,052360214293	0,119704909623	45080,6865872569
203	0,360331844531	0,360488189011	1,395463399401	1,303879058476	0,052360214293	0,119704909623	45080,7807306134
204	0,360774534207	0,360663894739	1,396508325725	1,304648637236	0,052360214293	0,119704909623	45080,8746630671
205	0,360974195938	0,36064325903	1,396967743537	1,304766592905	0,052360214293	0,119704909623	45080,9687876736
206	0,36089134159	0,360746584226	1,396444632401	1,305793050786	0,052360214293	0,119704909623	45081,0625854977
207	0,360960166398	0,360654865637	1,396662195848	1,304959264636	0,052360214293	0,119704909623	45081,1562520023
208	0,360971535484	0,360767274189	1,396771189277	1,305639788641	0,052360214293	0,119704909623	45081,2503095486
209	0,361027173656	0,361015289877	1,396528944976	1,306794640093	0,052360214293	0,119704909623	45081,3440244329
210	0,361301271717	0,360693650257	1,397538560352	1,305647702737	0,052360214293	0,119704909623	45081,4379628009
211	0,360907930788	0,360756899326	1,396206718292	1,305798257178	0,052360214293	0,119704909623	45081,5315693634
212	0,361027998943	0,360591599824	1,396581394038	1,305321412572	0,052360214293	0,119704909623	45081,6253465162
213	0,36087933011	0,36067687296	1,396065247334	1,305623176942	0,052360214293	0,119704909623	45081,7190119907
214	0,360947718077	0,360995864083	1,396156587314	1,307099609044	0,052360214293	0,119704909623	45081,8127255556
215	0,361324284819	0,361030804913	1,397154123418	1,307872805557	0,052360214293	0,119704909623	45081,9063534722
216	0,36126920373	0,361176759363	1,396561162882	1,308647486066	0,052360214293	0,119704909623	45081,9995350926
217	0,36148363275	0,361127603484	1,397154169129	1,308697287438	0,052360214293	0,119704909623	45082,0930840046
218	0,361377751225	0,361118623974	1,396799468678	1,308531084016	0,052360214293	0,119704909623	45082,1862728472
219	0,361338567197	0,361180604002	1,396577112288	1,308799119091	0,052360214293	0,119704909623	45082,2795437384
220	0,361493399121	0,360550293016	1,3971378744	1,306290607754	0,052360214293	0,119704909623	45082,3727615394
221	0,36023195134	0,358665765461	1,394346334224	1,295836947994	0,052360214293	0,119704909623	45082,466803206
222	0,358852659084	0,358360934074	1,39081571484	1,294108791763	0,052360214293	0,119704909623	45082,5612056134
223	0,358603022538	0,358301291856	1,389973549135	1,294099265526	0,052360214293	0,119704909623	45082,6556340856
224	0,358566290893	0,357919172038	1,389883732713	1,291891620505	0,052360214293	0,119704909623	45082,7498334259
225	0,358310109751	0,358460401704	1,388895811627	1,294647542384	0,052360214293	0,119704909623	45082,8440889931
226	0,358736203613	3,922E-8	1,390013033392	1,25481E-7	0,052360214293	0,119704909623	45082,9449256481
227	1,62762900231428E-12	0,199270234155	6,10300144021596E-12	0,699234759301	0,05105343461	0,118778213859	45083,1850454398
228	0,365369419179	0,359934193267	1,412141342049	1,301578555998	0,05105343461	0,118778213859	45083,279615162
229	0,360149512435	0,359357872519	1,393998157838	1,299906083684	0,05105343461	0,118778213859	45083,373891169
230	0,359888345684	0,359975464897	1,392035951646	1,304734795324	0,05105343461	0,118778213859	45083,4666092824
231	0,35978557029	0,358663115898	1,392666402387	1,295652707364	0,05105343461	0,118778213859	45083,5611478009
232	0,358904583055	0,358298897671	1,39053995186	1,294292481172	0,05105343461	0,118778213859	45083,6551710648
233	0,353872080391	0,353660694604	1,370154124031	1,27480541545	0,05105343461	0,118778213859	45083,740246412
234	0,358648105763	0,3587032431	1,389904497586	1,296083429014	0,05105343461	0,118778213859	45083,8342514352
235	0,359082760623	0,359045474561	1,39040086786	1,298555262774	0,05105343461	0,118778213859	45083,9280657523
236	0,359362302027	0,359252220742	1,390843812339	1,299813967325	0,05105343461	0,118778213859	45084,0215929051
237	0,359518382121	0,359183731472	1,391320370131	1,299545415163	0,05105343461	0,118778213859	45084,1150399884
238	0,359460690702	0,359228894573	1,391044558109	1,300235849963	0,05105343461	0,118778213859	45084,2086912616
239	0,359487600867	0,35931158088	1,390824208995	1,300467206556	0,05105343461	0,118778213859	45084,3019544329
240	0,359428954554	0,358419049118	1,390491590704	1,296282991867	0,05105343461	0,118778213859	45084,3952559375
241	0,358463221357	0,357037063458	1,388343147777	1,288870103496	0,05105343461	0,118778213859	45084,4891525232
242	0,357230885826	0,357253995885	1,385177709354	1,289463040245	0,05105343461	0,118778213859	45084,5831384375
243	0,357547320031	0,357062860104	1,386017100224	1,288523351758	0,05105343461	0,118778213859	45084,6770216898
244	0,357412103227	0,357074466707	1,385717491732	1,288820314301	0,05105343461	0,118778213859	45084,7712876505
245	0,357303612233	0,357503261118	1,385359281013	1,291411745252	0,05105343461	0,118778213859	45084,8655871991
246	0,357843930167	0,358180136283	1,386326018958	1,29506385805	0,05105343461	0,118778213859	45084,9592848148
247	0,358501868746	0,358265414079	1,387912050633	1,295920167324	0,05105343461	0,118778213859	45085,0527963079
248	0,358527003261	0,358354483746	1,387441034782	1,296967727887	0,05105343461	0,118778213859	45085,1460197569
249	0,358582841437	0,358357041327	1,387691770095	1,296754106134	0,05105343461	0,118778213859	45085,2391730787
250	0,358631321536	0,35831197868	1,387836907457	1,296780998133	0,05105343461	0,118778213859	45085,3325481134
251	0,358561878909	0,358527532711	1,387517493543	1,297844900751	0,05105343461	0,118778213859	45085,4255878935
252	0,358835229613	0,358438424047	1,388122831512	1,297589931413	0,05105343461	0,118778213859	45085,5189582523
253	0,358705030403	0,358537907574	1,38772691206	1,298197085478	0,05105343461	0,118778213859	45085,6119725116
254	0,358671703166	0,357626024612	1,387707287637	1,293341728109	0,05105343461	0,118778213859	45085,7053878125
255	0,357762331593	0,357361229509	1,385500705828	1,291630619624	0,05105343461	0,118778213859	45085,7988516435
256	0,35757283676	0,357237224099	1,38533679399	1,291002199101	0,05105343461	0,118778213859	45085,8923301042
257	0,357509894721	0,356924606584	1,384827907743	1,28974708411	0,05105343461	0,118778213859	45085,986041713
258	0,357119868143	0,356841982797	1,383753644687	1,289385598312	0,05105343461	0,118778213859	45086,0798021412
259	0,356997167681	0,356519026446	1,383242028928	1,287409784192	0,05105343461	0,118778213859	45086,1733066088
260	0,35667049078	0,356114787195	1,382891438445	1,285335735917	0,05105343461	0,118778213859	45086,2671487384
261	0,356398260846	0,355744063113	1,381788531654	1,28368161994	0,05105343461	0,118778213859	45086,3611762037
262	0,355937253899	0,355707928267	1,380726100799	1,283957892055	0,05105343461	0,118778213859	45086,4552614352
263	0,355943800554	0,355777682553	1,380637485801	1,283726428573	0,05105343461	0,118778213859	45086,5494335417
264	0,356080206905	0,355877114789	1,380830130568	1,284927232506	0,05105343461	0,118778213859	45086,6434122917
265	0,356076674986	0,355849953519	1,380597271587	1,284727588638	0,05105343461	0,118778213859	45086,7372573264
266	0,356118683399	0,356202599687	1,38071114004	1,286679954933	0,05105343461	0,118778213859	45086,8309259143
267	0,35658408402	0,356874284662	1,381609349518	1,290714852136	0,05105343461	0,118778213859	45086,9245078819
268	0,357242975991	0,357408999784	1,382640662744	1,293957653133	0,05105343461	0,118778213859	45087,0173376042
269	0,357639021382	0,357483909712	1,383598985807	1,294627313192	0,05105343461	0,118778213859	45087,1102333218
270	0,357790011187	0,35748392476	1,384071384068	1,294648425702	0,05105343461	0,118778213859	45087,2030542477
271	0,357667051773	0,357517531908	1,383553919689	1,294773892642	0,05105343461	0,118778213859	45087,2956861574
272	0,357822290089	0,357575670475	1,384023703218	1,295474748481	0,05105343461	0,118778213859	45087,3884896065
273	0,357841998364	0,357658317152	1,383861044701	1,295894596815	0,05105343461	0,118778213859	45087,4809801852
274	0,357921282663	0,357828789251	1,383977877706	1,296709763515	0,05105343461	0,118778213859	45087,5734578704
275	0,358129998451	0,357849382359	1,384595782506	1,297160937081	0,05105343461	0,118778213859	45087,6660825116
276	0,358156325149	0,357996725803	1,384475590801	1,298033990579	0,05105343461	0,118778213859	45087,7584810069
277	0,358271090989	2,45215E-7	1,384595235479	7,77146E-7	0,05105343461	0,118778213859	45087,8576753935
278	2,41601180031027E-13	0,19558989353	9,05239213555033E-13	0,686684492281	0,050295099616	0,110399834812	45088,0961139352
279	0,363542076146	0,359261228229	1,402280604648	1,303820142511	0,050295099616	0,110399834812	45088,1888771065
280	0,359595852363	0,359039044791	1,388722077223	1,302976338508	0,050295099616	0,110399834812	45088,2812089352
281	0,359368222036	0,359059723098	1,387768822073	1,303389198619	0,050295099616	0,110399834812	45088,3733768519
282	0,35933697678	0,359004138296	1,387494836007	1,303270972316	0,050295099616	0,110399834812	45088,4653152778
283	0,359272651132	0,358957672879	1,38714515782	1,303201850923	0,050295099616	0,110399834812	45088,5571203704
284	0,359198318825	0,35890734163	1,386820637286	1,302952145332	0,050295099616	0,110399834812	45088,6488702778
285	0,359163990659	0,35889688157	1,386659305689	1,303116943801	0,050295099616	0,110399834812	45088,7405097917
286	0,35920371329	0,35899905259	1,386697625911	1,303798463609	0,050295099616	0,110399834812	45088,8321116551
287	0,359337215451	0,359064858818	1,386928734599	1,304302501038	0,050295099616	0,110399834812	45088,9238369329
288	0,359313820075	0,358995093299	1,386868930833	1,303963812801	0,050295099616	0,110399834812	45089,0156974074
289	0,359287602103	0,35895252762	1,386713786821	1,303754266018	0,050295099616	0,110399834812	45089,1074757523
290	0,359173068153	0,358831088696	1,386399636953	1,303097438382	0,050295099616	0,110399834812	45089,1991732523
291	0,359102949696	0,358757426615	1,386230019991	1,3027091475	0,050295099616	0,110399834812	45089,2909047685
292	0,359010836228	0,358788492925	1,385929910069	1,303068904859	0,050295099616	0,110399834812	45089,3824850694
293	0,35858499458	0,35752655084	1,384168519745	1,296224002439	0,050295099616	0,110399834812	45089,4740355093
294	0,357542840027	0,35630461706	1,383231125633	1,289092816992	0,050295099616	0,110399834812	45089,5669887616
295	0,356260873249	0,355171905111	1,380245882776	1,282287591504	0,050295099616	0,110399834812	45089,6606209722
296	0,355422293334	0,354704279244	1,378298617236	1,279261344452	0,050295099616	0,110399834812	45089,754311331
297	0,355054192733	0,355472819589	1,377280586647	1,283445307331	0,050295099616	0,110399834812	45089,8482478704
298	0,355998836492	0,356542312773	1,379303491256	1,290561618864	0,050295099616	0,110399834812	45089,9416614583
299	0,356878805076	0,357086137954	1,380443927493	1,294174661128	0,050295099616	0,110399834812	45090,0338985648
300	0,357388126392	0,357427069431	1,38142238562	1,296367523559	0,050295099616	0,110399834812	45090,1258470949
301	0,357687228614	0,357580821879	1,381986312574	1,297423692943	0,050295099616	0,110399834812	45090,2176729051
302	0,357880700144	0,357748700367	1,382453656558	1,298213783388	0,050295099616	0,110399834812	45090,3096448958
303	0,357790096896	0,356446778372	1,38183245767	1,292306923083	0,050295099616	0,110399834812	45090,401253125
304	0,356111645167	0,35416036124	1,378615123803	1,278071509061	0,050295099616	0,110399834812	45090,4950935417
305	0,354391105191	0,354181233252	1,374902935512	1,278091685928	0,050295099616	0,110399834812	45090,5888350116
306	0,35231659013	0,351916168653	1,36596498747	1,268526647899	0,050295099616	0,110399834812	45090,6768613079
307	0,354335997185	0,35391897835	1,374717707505	1,276519555096	0,050295099616	0,110399834812	45090,7708488889
308	0,354230862627	0,3542858029	1,373945789778	1,278642137068	0,050295099616	0,110399834812	45090,864255787
309	0,35464316392	0,354656495405	1,375332337303	1,281292971178	0,050295099616	0,110399834812	45090,9577850694
310	0,35483677664	0,354728827407	1,375090662821	1,281827405556	0,050295099616	0,110399834812	45091,0508758565
311	0,354995864218	0,354537715153	1,375685141407	1,281034746151	0,050295099616	0,110399834812	45091,1439782523
312	0,354713384073	0,354299937206	1,37466836065	1,280043572165	0,050295099616	0,110399834812	45091,2371627662
313	0,354535920522	0,354228984237	1,374111765805	1,279236269089	0,050295099616	0,110399834812	45091,3303259375
314	0,35389668078	0,35260800839	1,372641709648	1,271325194865	0,050295099616	0,110399834812	45091,4246432639
315	0,352864987512	0,352926245752	1,369914756029	1,272953277213	0,050295099616	0,110399834812	45091,5192551042
316	0,353381087178	0,353311899014	1,371027253292	1,274951861814	0,050295099616	0,110399834812	45091,6126307755
317	0,350315433424	0,349983357444	1,358019910654	1,261646841244	0,050295099616	0,110399834812	45091,6990818056
318	0,353478093023	0,353875099122	1,371072083201	1,278435349921	0,050295099616	0,110399834812	45091,7921608449
319	0,354210151355	0,354205758734	1,372680761524	1,280641874756	0,050295099616	0,110399834812	45091,8853605903
320	0,35460754573	0,35484899051	1,373300655816	1,284278889474	0,050295099616	0,110399834812	45091,9777786343
321	0,355140050483	0,35525062492	1,374446512596	1,286757486421	0,050295099616	0,110399834812	45092,0701920602
322	0,355571023741	0,355249429417	1,375596384791	1,287119525694	0,050295099616	0,110399834812	45092,1624504398
323	0,355462690508	0,355387607276	1,374983054139	1,287697233473	0,050295099616	0,110399834812	45092,2544869213
324	0,355673147047	0,355001386599	1,375659415463	1,28608528353	0,050295099616	0,110399834812	45092,3465908333
325	0,354980199273	0,353796216125	1,3740315896	1,278498009543	0,050295099616	0,110399834812	45092,4390859144
326	0,353871615433	0,352906308277	1,372249333469	1,273591145461	0,050295099616	0,110399834812	45092,5324384028
327	0,353038033863	0,352189515936	1,36977713407	1,270037533433	0,050295099616	0,110399834812	45092,6260775
328	0,352395262406	5,8294E-8	1,368153037924	1,8722E-7	0,050295099616	0,110399834812	45092,7266308333
329	1,27158515805803E-14	0,195673838497	4,77268878085489E-14	0,686145883033	0,054765976965	0,129556208849	45092,9634156134
330	0,358996126738	0,352815929516	1,390591473524	1,272348421728	0,054765976965	0,129556208849	45093,0575184259
331	0,352988147772	0,352711369821	1,369739968889	1,272175430547	0,054765976965	0,129556208849	45093,1509758449
332	0,352990421563	0,352635066448	1,36971808015	1,272337100276	0,054765976965	0,129556208849	45093,2444971296
333	0,352596719383	0,35169873239	1,368344508119	1,267643904109	0,054765976965	0,129556208849	45093,3386611227
334	0,352008222845	0,351907960283	1,366800146451	1,269032146081	0,054765976965	0,129556208849	45093,432179456
335	0,352208325158	0,35207325406	1,367175271203	1,269996791399	0,054765976965	0,129556208849	45093,5257205208
336	0,352311377218	0,351985360611	1,36727323859	1,269820524947	0,054765976965	0,129556208849	45093,6189235532
337	0,352252659417	0,351929891736	1,367019719891	1,269616536992	0,054765976965	0,129556208849	45093,7122686458
338	0,352144015588	0,351938952416	1,366668158574	1,26977986549	0,054765976965	0,129556208849	45093,8056912384
339	0,352173601051	0,351873024752	1,366600639728	1,269636569036	0,054765976965	0,129556208849	45093,8989828472
340	0,352075353753	0,351758067944	1,366249518164	1,269140792057	0,054765976965	0,129556208849	45093,9922784028
341	0,351959318362	0,351639266286	1,365869685876	1,268662764814	0,054765976965	0,129556208849	45094,0855423148
342	0,351846088447	0,351534655308	1,365485685291	1,26827772965	0,054765976965	0,129556208849	45094,1788174074
343	0,35173157248	0,351432557192	1,365084573177	1,267869808122	0,054765976965	0,129556208849	45094,2720389931
344	0,351678718539	0,351299628645	1,364928822497	1,267128985468	0,054765976965	0,129556208849	45094,3653357407
345	0,351505594835	0,351282748777	1,364494619983	1,266996664502	0,054765976965	0,129556208849	45094,4588062269
346	0,351465985003	0,351153591118	1,364289874675	1,266600150772	0,054765976965	0,129556208849	45094,5521132523
347	0,351366949264	0,351058071973	1,363924328631	1,266243672282	0,054765976965	0,129556208849	45094,6453253819
348	0,351276840362	0,350985686987	1,363595160827	1,266016548018	0,054765976965	0,129556208849	45094,7385573611
349	0,351225193689	0,351024439818	1,363383240197	1,266365440976	0,054765976965	0,129556208849	45094,8318152083
350	0,351221440841	0,350906864179	1,363227541957	1,265902191001	0,054765976965	0,129556208849	45094,9249252315
351	0,351114961399	0,350795838264	1,362881486278	1,26543309315	0,054765976965	0,129556208849	45095,018035463
352	0,351037762852	0,350738985481	1,36266093084	1,265230233471	0,054765976965	0,129556208849	45095,1112950347
353	0,350933468894	0,350608559416	1,36229335916	1,264757129699	0,054765976965	0,129556208849	45095,2044820255
354	0,350814604851	0,350564603893	1,361890859992	1,264578741195	0,054765976965	0,129556208849	45095,2977204282
355	0,350752565965	0,350403138649	1,361694870594	1,263633964023	0,054765976965	0,129556208849	45095,3910234028
356	0,350625844307	0,350314035074	1,361412786044	1,26335882195	0,054765976965	0,129556208849	45095,4843169444
357	0,350539556028	0,350258510247	1,361004236958	1,263306250834	0,054765976965	0,129556208849	45095,5774177546
358	0,350505827809	0,350232704486	1,36085389992	1,263259455568	0,054765976965	0,129556208849	45095,6706291551
359	0,35044499408	0,350204218014	1,360629280659	1,263140451821	0,054765976965	0,129556208849	45095,7638459259
360	0,350404206008	0,350171942637	1,360391494854	1,263211499729	0,054765976965	0,129556208849	45095,8569397917
361	0,350364841316	0,350068637365	1,360214779279	1,262789570937	0,054765976965	0,129556208849	45095,9500376505
362	0,350281464644	0,350001482196	1,35995329931	1,262517753116	0,054765976965	0,129556208849	45096,0431527778
363	0,350226786128	0,349960128555	1,359763451921	1,262362303341	0,054765976965	0,129556208849	45096,1363168056
364	0,350175292436	0,34989681633	1,359565770848	1,262122347324	0,054765976965	0,129556208849	45096,2294964699
365	0,349986641876	0,349302635952	1,358886739294	1,259071458448	0,054765976965	0,129556208849	45096,3227034028
366	0,349517111072	0,349524824687	1,357808082044	1,260340781697	0,054765976965	0,129556208849	45096,4159427778
367	0,349838165934	0,349586865964	1,358498298404	1,260864921315	0,054765976965	0,129556208849	45096,5089837847
368	0,349829848467	0,349595888071	1,3584061911	1,260914730212	0,054765976965	0,129556208849	45096,6020447106
369	0,349819399865	0,349593269243	1,358280321326	1,260861587991	0,054765976965	0,129556208849	45096,6949910417
370	0,349812307842	0,349594597413	1,358509887253	1,260996723256	0,054765976965	0,129556208849	45096,7880349537
371	0,349782728827	0,349429289223	1,358563206203	1,26017742449	0,054765976965	0,129556208849	45096,8811703009
372	0,34966475105	0,349435774309	1,357798998982	1,260386331816	0,054765976965	0,129556208849	45096,9743415857
373	0,349643250598	0,349393051379	1,357656181819	1,260256292766	0,054765976965	0,129556208849	45097,0674706482
374	0,349595165851	0,349325938597	1,357460583257	1,25998935338	0,054765976965	0,129556208849	45097,1605433912
375	0,349515272001	0,349243249323	1,35715640027	1,259695331065	0,054765976965	0,129556208849	45097,2535107292
376	0,349377313168	0,348744680282	1,35692666322	1,257081823691	0,054765976965	0,129556208849	45097,3465650347
377	0,342725007261	0,342888356921	1,329303831009	1,234275020846	0,054765976965	0,129556208849	45097,428706088
378	0,349421437225	0,349092146645	1,356973709483	1,259060635213	0,054765976965	0,129556208849	45097,5218518056
379	0,163355732747		0,602042664635		0,054765976965	0,129556208849	45097,5434467708
