TesterID:	Maccor#2						
Channel Number:	60						
TestName:	KAI_Zelltest_regulaer_fix_no_degass_flag.000						
TestDesc:	Regular cycling: formation, followed by pulse, C-rate quick charge and cycling t						
StartDateTime:	45056,3189144792						
Comment:							
							
							
Cycle	AH-IN	AH-OUT	WH-IN	WH-OUT	ACR	DCIR	Date
0		1,99014E-7		4,8442E-8	0	0	45057,5690538194
1	0,517639377858	0,4422397684	1,92522338808	1,620761579898	0	0	45058,0061390741
2	0,445023562022	0,442183966564	1,672032719206	1,621024788301	0	0	45058,4175440394
3	0,457903348604	3,63261E-7	1,725006061732	1,171847E-6	0	0	45058,9024735532
4	9,47330942753236E-13	3,56889E-7	3,55547802834632E-12	1,160526E-6	0,046210650355	0,131034016609	45059,2047638773
5	0,447747518047	0,446343725454	1,695688205618	1,637443167881	0,046210650355	0,131034016609	45059,4683720023
6	0,446213796045	0,445205578756	1,689374380655	1,633527287936	0,046210650355	0,131034016609	45059,7376974537
7	0,44496044209	0,444608181916	1,684341066306	1,631315959415	0,046210650355	0,131034016609	45060,0061096528
8	0,444357403777	0,421971553738	1,681737994196	1,521194896192	0,046210650355	0,131034016609	45060,1922091204
9	0,421914016543	0,420444764625	1,603794405636	1,516048383436	0,046210650355	0,131034016609	45060,3721036343
10	0,420478368487	0,420289818158	1,59850088053	1,515461947255	0,046210650355	0,131034016609	45060,5515577431
11	0,420217990168	0,349272136669	1,597131349166	1,23145570228	0,046210650355	0,131034016609	45060,7087690046
12	0,349377598965	0,351692815607	1,345586222479	1,239537221677	0,046210650355	0,131034016609	45060,846384375
13	0,351796213019	0,347104764276	1,354058122301	1,224410135159	0,046210650355	0,131034016609	45060,9845927431
14	0,34707158905	0,434708228203	1,336739256567	1,596563952281	0,046210650355	0,131034016609	45061,2229541667
15	0,434255138113	0,43548923368	1,643659043635	1,599375296728	0,046210650355	0,131034016609	45061,4851359838
16	0,43509932284	3,29974E-7	1,646457372149	1,051032E-6	0,046210650355	0,131034016609	45061,7540776736
17	0,380570657189	0,38192765873	1,448350782332	1,381751317639	0,046210650355	0,131034016609	45061,8979728819
18	0,380942646922	0,381484240246	1,449115943604	1,380036427492	0,046210650355	0,131034016609	45062,048659537
19	0,380878081338	0,381062734566	1,448616410664	1,378551297505	0,046210650355	0,131034016609	45062,199229838
20	0,35528108523	0,346682880821	1,379506425744	1,246688459376	0,046210650355	0,131034016609	45062,3223338657
21	0,344957978002	0,335183439577	1,339006541476	1,205764904474	0,046210650355	0,131034016609	45062,4418817361
22	0,33527810954	3,57538E-7	1,302667718552	1,095415E-6	0,046210650355	0,131034016609	45062,5656588889
23	7,05729762722209E-13	0,232894210439	2,64220106165593E-12	0,817146919336	0,046611968428	0,114285506308	45062,8332817708
24	0,407666241241	0,400415339995	1,572276264338	1,446127795173	0,046611968428	0,114285506308	45062,9385360069
25	0,400541533089	0,399084981963	1,547561342687	1,441713825679	0,046611968428	0,114285506308	45063,0432770486
26	0,39905265552	0,398452110004	1,541962036712	1,439838243469	0,046611968428	0,114285506308	45063,1468853588
27	0,398472588129	0,397067469698	1,540025910566	1,434284630698	0,046611968428	0,114285506308	45063,2510459954
28	0,397045546096	0,39658827707	1,534671554243	1,432562581059	0,046611968428	0,114285506308	45063,355035081
29	0,396581677534	0,39510668539	1,53296739222	1,427250516096	0,046611968428	0,114285506308	45063,4587182639
30	0,394943897497	0,394327899034	1,52718512711	1,424352749054	0,046611968428	0,114285506308	45063,5616216204
31	0,39435711816	0,393954559939	1,52488608463	1,423264610995	0,046611968428	0,114285506308	45063,6648727894
32	0,393741397124	0,392620343281	1,52299038875	1,417985917983	0,046611968428	0,114285506308	45063,7680445023
33	0,392680197389	0,392343971877	1,518666546872	1,417516717624	0,046611968428	0,114285506308	45063,8706684491
34	0,392305078286	0,391884098656	1,516927091093	1,41575264344	0,046611968428	0,114285506308	45063,9733645602
35	0,391869382818	0,390957935581	1,515504942624	1,412709064106	0,046611968428	0,114285506308	45064,0761756134
36	0,390850204852	0,390397409824	1,511927546037	1,410589365801	0,046611968428	0,114285506308	45064,1784188657
37	0,390235299999	0,389954393585	1,509707387739	1,40900305102	0,046611968428	0,114285506308	45064,2804359028
38	0,389947776686	0,389268532979	1,508466802279	1,406758314771	0,046611968428	0,114285506308	45064,382851713
39	0,389214042396	0,388452157931	1,505745325682	1,403709434042	0,046611968428	0,114285506308	45064,4850671065
40	0,388336827902	0,387830942806	1,502509982225	1,401354986926	0,046611968428	0,114285506308	45064,5867497222
41	0,387691187844	0,387467964374	1,500030854742	1,399906922115	0,046611968428	0,114285506308	45064,688197581
42	0,387407617101	0,387267742059	1,498926291167	1,399170896846	0,046611968428	0,114285506308	45064,7898834954
43	0,387290594218	0,386342885539	1,498370276217	1,396389166867	0,046611968428	0,114285506308	45064,8913212616
44	0,386137839822	0,386475941878	1,494219731234	1,396918989378	0,046611968428	0,114285506308	45064,9922815046
45	0,386481534451	0,385190894239	1,495235410081	1,392253341092	0,046611968428	0,114285506308	45065,0937378935
46	0,385048000191	0,384973870685	1,490065594793	1,391295875824	0,046611968428	0,114285506308	45065,1945150926
47	0,384930782718	0,384276286908	1,489682614349	1,389115656702	0,046611968428	0,114285506308	45065,2956865046
48	0,384105263449	0,383688661129	1,486881070868	1,386701766236	0,046611968428	0,114285506308	45065,3963979745
49	0,383552822229	0,383624047227	1,48484437416	1,386423677449	0,046611968428	0,114285506308	45065,4970290046
50	0,383578945887	0,382994988753	1,484618971008	1,384409559522	0,046611968428	0,114285506308	45065,5978065162
51	0,382922837745	0,382389294172	1,482217770564	1,382258065252	0,046611968428	0,114285506308	45065,698080162
52	0,382223091189	0,38239833811	1,479674241893	1,382733978644	0,046611968428	0,114285506308	45065,7982140741
53	0,382406177194	0,381774407937	1,4801270861	1,380319032855	0,046611968428	0,114285506308	45065,8984393287
54	0,381677421767	0,381239711044	1,47716156438	1,378718383907	0,046611968428	0,114285506308	45065,9985955671
55	0,381090912089	0,381221617447	1,475308005929	1,378349933846	0,046611968428	0,114285506308	45066,0984951968
56	0,381190863572	0,380320017158	1,475343524861	1,375149323792	0,046611968428	0,114285506308	45066,198576331
57	0,380125642213	0,380677843975	1,471799767603	1,376679121779	0,046611968428	0,114285506308	45066,298329375
58	0,380582196637	0,379329335974	1,47314504692	1,371381897708	0,046611968428	0,114285506308	45066,3980219329
59	0,379226489172	0,379384924379	1,468537943443	1,372044925195	0,046611968428	0,114285506308	45066,4977247107
60	0,379293954145	0,378874700835	1,468676614533	1,369924476279	0,046611968428	0,114285506308	45066,5972922454
61	0,378800076871	0,378527231079	1,466467767353	1,369234934942	0,046611968428	0,114285506308	45066,6967818287
62	0,378419978723	0,378753250888	1,465196988758	1,369843779813	0,046611968428	0,114285506308	45066,7961004167
63	0,378767056008	0,378639597033	1,465988796059	1,370157539334	0,046611968428	0,114285506308	45066,8953914583
64	0,378537538858	0,378151367673	1,464724840927	1,368318564753	0,046611968428	0,114285506308	45066,9946573264
65	0,378024820035	0,377669572748	1,462955565122	1,36654412787	0,046611968428	0,114285506308	45067,0938011574
66	0,377537632431	0,377200699882	1,461263659694	1,364940230611	0,046611968428	0,114285506308	45067,192854537
67	0,377092075929	0,377385462899	1,459683804457	1,365789977021	0,046611968428	0,114285506308	45067,2917207986
68	0,377211166908	0,377106458469	1,460078324024	1,364519161689	0,046611968428	0,114285506308	45067,3902101157
69	0,377049893073	0,376827432207	1,459533065387	1,363582291835	0,046611968428	0,114285506308	45067,4888665394
70	0,376781390432	0,376503202576	1,4583119025	1,363271452338	0,046611968428	0,114285506308	45067,5875418056
71	0,376368571703	0,37683775239	1,456410635162	1,364447312291	0,046611968428	0,114285506308	45067,6855907986
72	0,37681859136	0,376636238994	1,457390514684	1,364341599931	0,046611968428	0,114285506308	45067,7838435185
73	0,376616870865	4,62021E-7	1,456570477162	1,484906E-6	0,046611968428	0,114285506308	45067,8888208681
74	1,34788026754152E-12	0,211162773239	5,04801941933575E-12	0,741238796078	0,047053173184	0,107935599983	45068,1390713079
75	0,383689175252	0,377819437956	1,480157489956	1,369263033039	0,047053173184	0,107935599983	45068,2377493287
76	0,377754646584	0,377099941593	1,460103814495	1,366427499183	0,047053173184	0,107935599983	45068,3356693634
77	0,376953033743	0,377227854583	1,457161848456	1,367070710471	0,047053173184	0,107935599983	45068,4332109954
78	0,377093866263	0,376150628888	1,457474913347	1,362750222415	0,047053173184	0,107935599983	45068,5311342245
79	0,375967006851	0,375910388094	1,454119390836	1,361353189727	0,047053173184	0,107935599983	45068,628702662
80	0,375921201822	0,375996922643	1,453342080468	1,362712135323	0,047053173184	0,107935599983	45068,7264140046
81	0,375933467154	0,375962082056	1,453226263528	1,362628910705	0,047053173184	0,107935599983	45068,8236974537
82	0,375845188314	0,376005966366	1,452624708347	1,362960375155	0,047053173184	0,107935599983	45068,9210741435
83	0,375951402885	0,375409252992	1,452923773483	1,360909163386	0,047053173184	0,107935599983	45069,0184386806
84	0,375160329145	0,375041097088	1,450106157815	1,35917683904	0,047053173184	0,107935599983	45069,1156403357
85	0,374952380473	0,374233909457	1,449847479722	1,355915393806	0,047053173184	0,107935599983	45069,2130978241
86	0,374060198019	0,374289348663	1,446776190207	1,356104848096	0,047053173184	0,107935599983	45069,3101000231
87	0,374125900147	0,373612631389	1,447044717055	1,353099309595	0,047053173184	0,107935599983	45069,4075798264
88	0,373504718826	0,37301324917	1,445519054181	1,350605219153	0,047053173184	0,107935599983	45069,5052760069
89	0,372532988074	0,371043509302	1,441627721291	1,342192205393	0,047053173184	0,107935599983	45069,6022140046
90	0,370760320903	0,370894944284	1,437920419831	1,341075873864	0,047053173184	0,107935599983	45069,7005261227
91	0,371030666639	0,371504633973	1,437704424939	1,34407161613	0,047053173184	0,107935599983	45069,7982765857
92	0,371463758255	0,371098995766	1,43894162926	1,343058049331	0,047053173184	0,107935599983	45069,8959404745
93	0,370995271634	0,371871439664	1,436814388822	1,346512434092	0,047053173184	0,107935599983	45069,9930322338
94	0,371781542954	0,371722914704	1,438936397864	1,346064839111	0,047053173184	0,107935599983	45070,0902023727
95	0,371668541775	0,371402541366	1,438724030474	1,345336492849	0,047053173184	0,107935599983	45070,1872851273
96	0,371214861014	0,37124623155	1,436739194553	1,344354243212	0,047053173184	0,107935599983	45070,2840606366
97	0,370769947097	0,368681579165	1,435060947164	1,333570724118	0,047053173184	0,107935599983	45070,381042662
98	0,368133985421	0,368249655518	1,428736726852	1,331246742152	0,047053173184	0,107935599983	45070,4786342361
99	0,368103250487	0,368225159703	1,42776933495	1,33167518472	0,047053173184	0,107935599983	45070,575969294
100	0,368192663476	0,368947975116	1,427906394471	1,336570555211	0,047053173184	0,107935599983	45070,6991458912
101	0,36902701691	0,368422756405	1,429828911595	1,332581286922	0,047053173184	0,107935599983	45070,79821375
102	0,368440029458	0,368511880535	1,428423948676	1,332699788477	0,047053173184	0,107935599983	45070,895244375
103	0,368329886997	0,367829871984	1,428003096949	1,330175802135	0,047053173184	0,107935599983	45070,9921200463
104	0,367744659162	0,367903512871	1,425960501116	1,330293903767	0,047053173184	0,107935599983	45071,0892808912
105	0,367739135677	0,367698134914	1,425921580409	1,329454214355	0,047053173184	0,107935599983	45071,1865929282
106	0,367513353913	0,367530272322	1,425284097111	1,329000066708	0,047053173184	0,107935599983	45071,2836927199
107	0,367196327353	0,366369057159	1,424032393412	1,32456446477	0,047053173184	0,107935599983	45071,3801203125
108	0,366030391379	0,366349655737	1,420128369378	1,324502785552	0,047053173184	0,107935599983	45071,4784559606
109	0,366283593882	0,366431032312	1,420918918658	1,325156617159	0,047053173184	0,107935599983	45071,5752290278
110	0,366319861333	0,366336719053	1,420805588206	1,324898040105	0,047053173184	0,107935599983	45071,6719819444
111	0,366357384715	0,366366497244	1,420928290118	1,324999781988	0,047053173184	0,107935599983	45071,7687666667
112	0,366303516265	0,366139149685	1,420611674162	1,324265634366	0,047053173184	0,107935599983	45071,8654916204
113	0,365996601816	0,365866578839	1,419381396778	1,322740098289	0,047053173184	0,107935599983	45071,9623339815
114	0,365754169609	0,365995811944	1,418732894787	1,323351940771	0,047053173184	0,107935599983	45072,0590962616
115	0,365791385813	0,365405438057	1,418823290392	1,321265598193	0,047053173184	0,107935599983	45072,1558013194
116	0,36533398345	0,365623763083	1,417235887509	1,322077447612	0,047053173184	0,107935599983	45072,2526892824
117	0,365426112624	0,365388716077	1,417504461836	1,321112398944	0,047053173184	0,107935599983	45072,3494460532
118	0,365240909262	0,36487720569	1,416742926444	1,319185627672	0,047053173184	0,107935599983	45072,4459240509
119	0,364755236138	0,364723461933	1,415055813135	1,318674859917	0,047053173184	0,107935599983	45072,5422698727
120	0,364628225281	0,36475964849	1,414618671556	1,318910342102	0,047053173184	0,107935599983	45072,6388102199
121	0,364556915776	0,364651142857	1,414341836931	1,318663047862	0,047053173184	0,107935599983	45072,7354590162
122	0,364450370728	0,364822922568	1,414001826198	1,31913107991	0,047053173184	0,107935599983	45072,8321260185
123	0,364679862414	0,364427762434	1,414556830622	1,317420845957	0,047053173184	0,107935599983	45072,9286630093
124	0,364263580312	3,44822E-7	1,413198750416	1,117201E-6	0,047053173184	0,107935599983	45073,0320881713
125	5,08634063223214E-14	0,203152624581	1,90765908270072E-13	0,712899732323	0,050836291164	0,118227101862	45073,2758736111
126	0,372101926373	0,36523235222	1,439990791178	1,320933608818	0,050836291164	0,118227101862	45073,3728235764
127	0,365094914237	0,365178162557	1,415833479907	1,320404754152	0,050836291164	0,118227101862	45073,469263912
128	0,365006439297	0,364607306019	1,415512299847	1,318625993817	0,050836291164	0,118227101862	45073,5652789005
129	0,364503530137	0,364843672507	1,413622573363	1,319139596801	0,050836291164	0,118227101862	45073,6615563194
130	0,364716290608	0,364165513891	1,414399424248	1,316843807314	0,050836291164	0,118227101862	45073,7577233333
131	0,364077799543	0,363942047425	1,412039418113	1,316167108596	0,050836291164	0,118227101862	45073,8535617477
132	0,363815415802	0,363816802856	1,411201753772	1,31580206984	0,050836291164	0,118227101862	45073,9493940509
133	0,363607861278	0,363413786445	1,410445652997	1,314088386165	0,050836291164	0,118227101862	45074,045297037
134	0,36328736729	0,363145042221	1,409300847294	1,313058668194	0,050836291164	0,118227101862	45074,1410995602
135	0,362987612111	0,363056038677	1,408341247517	1,312834589548	0,050836291164	0,118227101862	45074,2368950926
136	0,362911844647	0,36308696744	1,408046050104	1,312975145352	0,050836291164	0,118227101862	45074,3330224074
137	0,362906587408	0,362817044459	1,407984739228	1,311875406318	0,050836291164	0,118227101862	45074,4290846759
138	0,36267850218	0,362606465083	1,407321290439	1,311171761939	0,050836291164	0,118227101862	45074,5248083681
139	0,362464675675	0,362301618863	1,406484272779	1,310126501513	0,050836291164	0,118227101862	45074,6204546296
140	0,362184981124	0,362119564742	1,405286851528	1,30940483042	0,050836291164	0,118227101862	45074,7161512731
141	0,361992040825	0,36207175081	1,404616024699	1,309302030826	0,050836291164	0,118227101862	45074,8117150231
142	0,361950755014	0,362379186616	1,404478126572	1,310667376303	0,050836291164	0,118227101862	45074,9073512384
143	0,362202562574	0,361955535981	1,405138361088	1,308695852567	0,050836291164	0,118227101862	45075,0033057639
144	0,361792155215	0,361509933123	1,403955996343	1,307277270559	0,050836291164	0,118227101862	45075,0991108218
145	0,361328330327	0,361208958243	1,40235151833	1,306018012877	0,050836291164	0,118227101862	45075,1947204282
146	0,361055644941	0,361073282227	1,401258479556	1,305417063506	0,050836291164	0,118227101862	45075,2901735532
147	0,360927503436	0,361216684183	1,40083730101	1,306121628007	0,050836291164	0,118227101862	45075,385544213
148	0,361021686146	0,361082389742	1,401216519198	1,305461903742	0,050836291164	0,118227101862	45075,4810658565
149	0,360983868079	0,360960994475	1,400896597915	1,304971847117	0,050836291164	0,118227101862	45075,5767513194
150	0,360815685065	0,360944182636	1,400371768157	1,305251721923	0,050836291164	0,118227101862	45075,6724587153
151	0,360823251679	0,360643222165	1,400376061363	1,304234327585	0,050836291164	0,118227101862	45075,768238912
152	0,360488364931	0,360623833671	1,398913406128	1,304238257668	0,050836291164	0,118227101862	45075,8633219676
153	0,360521444354	0,360976437877	1,399037959656	1,305790114256	0,050836291164	0,118227101862	45075,9588075116
154	0,360799816123	0,360278994187	1,399857725626	1,302816185283	0,050836291164	0,118227101862	45076,0541540857
155	0,360101462241	0,36053473031	1,397715752313	1,303790765687	0,050836291164	0,118227101862	45076,1494395139
156	0,360393788713	0,359992261699	1,39855079559	1,301655342293	0,050836291164	0,118227101862	45076,245006713
157	0,35988060388	0,359658974992	1,39699270021	1,300665096433	0,050836291164	0,118227101862	45076,3404922454
158	0,35877372367	0,358638557365	1,393142087607	1,296042698414	0,050836291164	0,118227101862	45076,4365776968
159	0,358669076306	0,359228630523	1,393089888752	1,299186191098	0,050836291164	0,118227101862	45076,532231412
160	0,359279591376	0,359324450184	1,394327754517	1,299434725307	0,050836291164	0,118227101862	45076,6284424074
161	0,359204060453	0,359102284973	1,394450901382	1,298373133278	0,050836291164	0,118227101862	45076,7235258565
162	0,359075128478	0,359160379032	1,394086922916	1,298606739127	0,050836291164	0,118227101862	45076,8187929514
163	0,359118672052	0,359333492426	1,393799764456	1,299259370598	0,050836291164	0,118227101862	45076,9140759838
164	0,359155770113	0,359121678551	1,394137597779	1,298555836713	0,050836291164	0,118227101862	45077,0092742824
165	0,358947160435	0,359019642109	1,393639584314	1,297976336136	0,050836291164	0,118227101862	45077,104548912
166	0,358893381538	0,358800005865	1,393223502284	1,297117884851	0,050836291164	0,118227101862	45077,1998546181
167	0,358643168512	0,3590144551	1,392546853975	1,298157642939	0,050836291164	0,118227101862	45077,2952799074
168	0,358680475831	0,357928155589	1,392085188418	1,293190381254	0,050836291164	0,118227101862	45077,3903899653
169	0,357828274805	0,358043180426	1,389902755301	1,294441255357	0,050836291164	0,118227101862	45077,4856784722
170	0,357958684476	0,358083113073	1,389874256576	1,294534842761	0,050836291164	0,118227101862	45077,5808610185
171	0,357776428947	0,357561430428	1,389234709266	1,292303507231	0,050836291164	0,118227101862	45077,6761614005
172	0,357538032173	0,358109036879	1,388814902127	1,294718456539	0,050836291164	0,118227101862	45077,7714305093
173	0,35810991631	0,357997976206	1,390280109211	1,294827348016	0,050836291164	0,118227101862	45077,8663916782
174	0,357852219645	0,358047034599	1,389095173251	1,294893410921	0,050836291164	0,118227101862	45077,9610500694
175	0,357893234757	3,88481E-7	1,389383978956	1,25243E-6	0,050836291164	0,118227101862	45078,0630529282
176	1,92645151445792E-12	0,197277199716	7,22551125916332E-12	0,692299797254	0,05255548656	0,121123053133	45078,3034024074
177	0,365363060421	0,358329861207	1,41472906345	1,294993142643	0,05255548656	0,121123053133	45078,3989609375
178	0,358199536262	0,358358357852	1,39142570005	1,295431219124	0,05255548656	0,121123053133	45078,4942533449
179	0,358334658879	0,358473299401	1,391207249532	1,296289002975	0,05255548656	0,121123053133	45078,5892766319
180	0,358333336342	0,358282077155	1,390946902172	1,295486029228	0,05255548656	0,121123053133	45078,6842409259
181	0,358196414555	0,358295047321	1,390314121394	1,295849732475	0,05255548656	0,121123053133	45078,7791515857
182	0,358338476537	0,358353166182	1,390598638826	1,296328552781	0,05255548656	0,121123053133	45078,8739546875
183	0,358190143433	0,358635999993	1,389859133196	1,297494485237	0,05255548656	0,121123053133	45078,968329537
184	0,358534955585	0,358123208059	1,39104037935	1,295462622005	0,05255548656	0,121123053133	45079,0632218866
185	0,357942411147	0,358356961014	1,38904559001	1,296398389849	0,05255548656	0,121123053133	45079,1576493287
186	0,358289497016	0,358531362098	1,390021740153	1,297901889647	0,05255548656	0,121123053133	45079,2525124884
187	0,358438206572	0,357863592546	1,390203307739	1,295212091058	0,05255548656	0,121123053133	45079,3471804514
188	0,357193558108	0,356308476966	1,386630737447	1,287176218889	0,05255548656	0,121123053133	45079,4418434491
189	0,356179706427	0,356578443185	1,383899657839	1,288926758203	0,05255548656	0,121123053133	45079,5368549653
190	0,356490925192	0,356595271978	1,38459529183	1,289201466336	0,05255548656	0,121123053133	45079,6317038194
191	0,356558842369	0,357009834167	1,384746020659	1,290936329748	0,05255548656	0,121123053133	45079,7266047454
192	0,356908767121	0,356693383035	1,385677702082	1,289731525067	0,05255548656	0,121123053133	45079,8212187963
193	0,356600533629	0,357091173019	1,384390399617	1,291590915782	0,05255548656	0,121123053133	45079,9156663426
194	0,356968241591	0,3563950486	1,385622742563	1,288872348391	0,05255548656	0,121123053133	45080,0102936343
195	0,35621248392	0,356466013647	1,383120823784	1,288978117666	0,05255548656	0,121123053133	45080,1047626042
196	0,356352562025	0,356382094326	1,383589862944	1,289021161853	0,05255548656	0,121123053133	45080,1995362153
197	0,356273993058	0,356562868381	1,383119982891	1,289869777646	0,05255548656	0,121123053133	45080,2938694329
198	0,356343313841	0,356109577309	1,38308108587	1,288107377861	0,05255548656	0,121123053133	45080,3883817361
199	0,355971805037	0,356088955163	1,382133690576	1,287628706263	0,05255548656	0,121123053133	45080,4826895255
200	0,355933251182	0,355981707977	1,382028699522	1,287546574612	0,05255548656	0,121123053133	45080,5772335995
201	0,355889549502	0,356165164653	1,381719886261	1,288549622072	0,05255548656	0,121123053133	45080,6714271991
202	0,356061083846	0,356458290887	1,381566441308	1,29036503355	0,05255548656	0,121123053133	45080,7653069097
203	0,356363243847	0,356946627906	1,38240879347	1,293009269186	0,05255548656	0,121123053133	45080,8594374884
204	0,356843613008	0,356698518965	1,383589824123	1,292254807402	0,05255548656	0,121123053133	45080,9533056829
205	0,35661352618	0,356779948312	1,38294861187	1,292692808902	0,05255548656	0,121123053133	45081,0471675694
206	0,356586566159	0,356795389594	1,382504613272	1,29272615076	0,05255548656	0,121123053133	45081,1407673495
207	0,356635521509	0,356822567607	1,382803085125	1,292738240311	0,05255548656	0,121123053133	45081,2345710648
208	0,356797777302	0,356772209869	1,383279143005	1,293181986247	0,05255548656	0,121123053133	45081,3285253935
209	0,356589279847	0,356814789745	1,382143485103	1,29329813911	0,05255548656	0,121123053133	45081,4217348611
210	0,356660333126	0,356896164624	1,382396737112	1,293577327518	0,05255548656	0,121123053133	45081,5152903819
211	0,356817942608	0,356578463312	1,383038068366	1,292378547922	0,05255548656	0,121123053133	45081,6088697338
212	0,35642511958	0,356816119611	1,381646493174	1,293242384917	0,05255548656	0,121123053133	45081,7021963889
213	0,356711660438	0,356783789771	1,382569747647	1,293529128484	0,05255548656	0,121123053133	45081,7959108912
214	0,356709714913	0,357087244241	1,382217503947	1,2951480733	0,05255548656	0,121123053133	45081,8889909722
215	0,356950122751	0,35735985663	1,382618644001	1,296546219861	0,05255548656	0,121123053133	45081,9822074884
216	0,357262555956	0,357101532619	1,383650060339	1,295598301939	0,05255548656	0,121123053133	45082,075452581
217	0,356870877586	0,35723976749	1,382186497964	1,296081546918	0,05255548656	0,121123053133	45082,1684216319
218	0,357105426985	0,356881969919	1,383020455617	1,294827616953	0,05255548656	0,121123053133	45082,261612662
219	0,356744873006	0,356869030481	1,381743206426	1,294874212704	0,05255548656	0,121123053133	45082,3543001505
220	0,355987255677	0,353929282649	1,380243702903	1,27970791297	0,05255548656	0,121123053133	45082,4480051157
221	0,353748877208	0,353705828685	1,374639567234	1,278366393772	0,05255548656	0,121123053133	45082,5423182639
222	0,353585003391	0,353781745285	1,374056089073	1,278924724192	0,05255548656	0,121123053133	45082,6369506366
223	0,353656162987	0,353459110858	1,373992540902	1,277567300631	0,05255548656	0,121123053133	45082,7311854398
224	0,353527219606	0,354212117094	1,373574524221	1,281149042513	0,05255548656	0,121123053133	45082,8255560648
225	0,354127922037	0,354358160982	1,375075375866	1,282095551022	0,05255548656	0,121123053133	45082,9193857292
226	0,354227561172	4,14336E-7	1,375047691468	1,331419E-6	0,05255548656	0,121123053133	45083,0202049306
227	2,07904173342489E-12	0,193546273313	7,79927780210835E-12	0,679436283004	0,052750404924	0,124077990651	45083,2579328241
228	0,361622849078	0,356091493461	1,399879808947	1,289769119517	0,052750404924	0,124077990651	45083,3521464352
229	0,356152647248	0,357120880426	1,38178532389	1,297685648066	0,052750404924	0,124077990651	45083,4454501505
230	0,350274592505	0,348770202485	1,355764985315	1,259583185632	0,052750404924	0,124077990651	45083,5292305671
231	0,354922427193	0,354332267056	1,377604796118	1,28129083084	0,052750404924	0,124077990651	45083,6231176736
232	0,354111068504	0,354067264047	1,375391491822	1,27995072915	0,052750404924	0,124077990651	45083,7172775579
233	0,354115132563	0,354741714507	1,37547966438	1,283185470872	0,052750404924	0,124077990651	45083,8111504051
234	0,354737682215	0,355204149124	1,376337190696	1,286222793293	0,052750404924	0,124077990651	45083,9045588194
235	0,355102585854	0,35542625754	1,377308112852	1,287651921197	0,052750404924	0,124077990651	45083,9981296181
236	0,355379576853	0,355153746031	1,37794576827	1,286711156295	0,052750404924	0,124077990651	45084,0915562037
237	0,354996739942	0,355102117344	1,376673785159	1,286492562293	0,052750404924	0,124077990651	45084,1848128819
238	0,354946688581	0,355369413869	1,37626144686	1,28786014362	0,052750404924	0,124077990651	45084,2777603588
239	0,355200752333	0,354728835258	1,376893100486	1,285200909517	0,052750404924	0,124077990651	45084,3708565278
240	0,354231535393	0,353012165206	1,374712732903	1,276136573078	0,052750404924	0,124077990651	45084,464932037
241	0,35273757003	0,352875273765	1,370910519722	1,275049828252	0,052750404924	0,124077990651	45084,5593757523
242	0,352814214879	0,352638983574	1,371232786868	1,274295033386	0,052750404924	0,124077990651	45084,6534683449
243	0,352557128273	0,352583424837	1,37024451277	1,274205070555	0,052750404924	0,124077990651	45084,7474754282
244	0,352466958219	0,352782262185	1,369670341256	1,275196563902	0,052750404924	0,124077990651	45084,8413307755
245	0,352753635135	0,353754904026	1,370120760219	1,280358936045	0,052750404924	0,124077990651	45084,9350378356
246	0,353677584364	0,35390858463	1,372302267602	1,281525637842	0,052750404924	0,124077990651	45085,0284391667
247	0,353809612696	0,353885314199	1,372568663529	1,282019549759	0,052750404924	0,124077990651	45085,1218370255
248	0,35379212456	0,353825974828	1,372213639752	1,28189837531	0,052750404924	0,124077990651	45085,2148709259
249	0,353645793223	0,353815667782	1,371739573475	1,281746788903	0,052750404924	0,124077990651	45085,3079765856
250	0,353670373896	0,353953798806	1,371778669614	1,282463423882	0,052750404924	0,124077990651	45085,4010753009
251	0,353865478195	0,3537381066	1,372321769248	1,281954804475	0,052750404924	0,124077990651	45085,4943017824
252	0,353646135662	0,353957714018	1,371393619104	1,2829770683	0,052750404924	0,124077990651	45085,5870124769
253	0,353733563262	0,353394531708	1,371529292135	1,279926846777	0,052750404924	0,124077990651	45085,680055787
254	0,353139438906	0,352443856288	1,370523951771	1,275044971906	0,052750404924	0,124077990651	45085,7735851505
255	0,352275544263	0,352513700857	1,36830159058	1,275664951707	0,052750404924	0,124077990651	45085,8672588542
256	0,352335400451	0,352071839639	1,368148709751	1,273590499398	0,052750404924	0,124077990651	45085,9607667014
257	0,351874388499	0,352049935526	1,366788959745	1,273651043091	0,052750404924	0,124077990651	45086,0541728935
258	0,351763894918	0,351692177376	1,366429616053	1,271564518334	0,052750404924	0,124077990651	45086,1475857755
259	0,351486486231	0,351068292979	1,365850534671	1,26857375807	0,052750404924	0,124077990651	45086,2414630671
260	0,350952824902	0,350824151809	1,364407608875	1,267709011376	0,052750404924	0,124077990651	45086,3355397222
261	0,350579817653	0,350454678121	1,363099319118	1,266062925825	0,052750404924	0,124077990651	45086,4293154745
262	0,350347528934	0,350428991251	1,362314893248	1,266044730908	0,052750404924	0,124077990651	45086,5230281829
263	0,350298201375	0,350547777015	1,362169404628	1,266716125137	0,052750404924	0,124077990651	45086,6168059954
264	0,35039670335	0,350892612046	1,362095392169	1,268373933708	0,052750404924	0,124077990651	45086,7102419444
265	0,350800637827	0,350833238979	1,363418409993	1,268561159005	0,052750404924	0,124077990651	45086,8041303588
266	0,350789141952	0,351559118067	1,362897286006	1,272517618952	0,052750404924	0,124077990651	45086,8974659028
267	0,351500493975	0,352216534373	1,364336640463	1,276214588135	0,052750404924	0,124077990651	45086,9902612847
268	0,352080096873	0,352542007402	1,365658748201	1,278054912102	0,052750404924	0,124077990651	45087,0829295602
269	0,352490794707	0,35233025838	1,366913310745	1,277376323343	0,052750404924	0,124077990651	45087,1757331713
270	0,352111627047	0,352384394847	1,365507596156	1,277523017235	0,052750404924	0,124077990651	45087,2680735185
271	0,352286434854	0,35257692174	1,366065884559	1,278659998441	0,052750404924	0,124077990651	45087,3607085185
272	0,35253197236	0,352570380493	1,366708890124	1,278805246514	0,052750404924	0,124077990651	45087,4532426157
273	0,352374861035	0,352726761307	1,365982842969	1,279511034592	0,052750404924	0,124077990651	45087,5454644329
274	0,352610072523	0,352822337462	1,366656084727	1,28022313454	0,052750404924	0,124077990651	45087,6378475347
275	0,352770353639	0,352870098201	1,367044855997	1,280711537427	0,052750404924	0,124077990651	45087,7300854514
276	0,352691491249	0,353023859336	1,366500355581	1,281557156423	0,052750404924	0,124077990651	45087,8218413426
277	0,352954980451	5,47217E-7	1,367150922145	1,748171E-6	0,052750404924	0,124077990651	45087,9207353356
278	2,41601180031027E-13	0,190196834535	9,0594063727463E-13	0,66799944498	0,052540980279	0,113905906677	45088,1565988426
279	0,359576695539	0,354829592059	1,389697972357	1,289010129061	0,052540980279	0,113905906677	45088,2492224074
280	0,354794584502	0,354749500634	1,373300031473	1,288849352247	0,052540980279	0,113905906677	45088,3413231018
281	0,354608770408	0,354618990857	1,372408482927	1,288450536323	0,052540980279	0,113905906677	45088,4331108681
282	0,354498711128	0,354551830391	1,371964981852	1,288221867068	0,052540980279	0,113905906677	45088,5248368403
283	0,354394988113	0,354435602209	1,371516131109	1,287790975649	0,052540980279	0,113905906677	45088,6164227662
284	0,354280900521	0,354342601863	1,371073632539	1,28750492221	0,052540980279	0,113905906677	45088,7078937037
285	0,354223364731	0,354333539698	1,370781165706	1,28764227073	0,052540980279	0,113905906677	45088,7992451273
286	0,354343595015	0,354544114837	1,371051765362	1,288864538267	0,052540980279	0,113905906677	45088,890829919
287	0,354410080412	0,354460112013	1,370988380239	1,288647204018	0,052540980279	0,113905906677	45088,9823006018
288	0,354352344109	0,354265055939	1,370891806182	1,287732464519	0,052540980279	0,113905906677	45089,0739649074
289	0,354139632999	0,354160504723	1,370298612012	1,287232325551	0,052540980279	0,113905906677	45089,1656560648
290	0,354020966396	0,354049380472	1,36993143114	1,286731785405	0,052540980279	0,113905906677	45089,2572078241
291	0,353964605927	0,354060971608	1,369812148144	1,286841904915	0,052540980279	0,113905906677	45089,3488661111
292	0,353655601513	0,353114300621	1,368430192721	1,282716464606	0,052540980279	0,113905906677	45089,4401570486
293	0,352509753733	0,351427367859	1,366163312146	1,27317650479	0,052540980279	0,113905906677	45089,5326636806
294	0,351143260357	0,349701752842	1,362985747943	1,26403379604	0,052540980279	0,113905906677	45089,6256573611
295	0,349459685545	0,349259985295	1,35899598402	1,261283329367	0,052540980279	0,113905906677	45089,7196388889
296	0,349308919535	0,349712137239	1,358584205667	1,263407744382	0,052540980279	0,113905906677	45089,8135635532
297	0,34976903813	0,350871984603	1,359375148358	1,270219653172	0,052540980279	0,113905906677	45089,9069076852
298	0,350936757136	0,351721895377	1,361661217296	1,275411015446	0,052540980279	0,113905906677	45089,9993676157
299	0,351631730784	0,352087393456	1,362995587816	1,277767983181	0,052540980279	0,113905906677	45090,0912052546
300	0,351960807788	0,352260470818	1,363613803457	1,27885018945	0,052540980279	0,113905906677	45090,1828551157
301	0,352176754829	0,352396066303	1,364152603323	1,279577860334	0,052540980279	0,113905906677	45090,2746784144
302	0,352291487154	0,352319859148	1,364409380124	1,279577847779	0,052540980279	0,113905906677	45090,3663860764
303	0,351374965457	0,348497689073	1,362355464668	1,259946610046	0,052540980279	0,113905906677	45090,4592036574
304	0,348122469751	0,347793963751	1,354075765434	1,255668545821	0,052540980279	0,113905906677	45090,5531416435
305	0,347653196497	0,348027291363	1,352848941028	1,256994626385	0,052540980279	0,113905906677	45090,6470294213
306	0,348148470132	0,347934775702	1,354615164753	1,256314314681	0,052540980279	0,113905906677	45090,7409627662
307	0,347853780911	0,348341632933	1,353513151003	1,258372665403	0,052540980279	0,113905906677	45090,8343305324
308	0,348276893629	0,348966821338	1,354427534056	1,262049077784	0,052540980279	0,113905906677	45090,9278714468
309	0,348861284279	0,348744623489	1,355535605492	1,261377188652	0,052540980279	0,113905906677	45091,0208828935
310	0,348564666214	0,348479812914	1,354714589086	1,260369929708	0,052540980279	0,113905906677	45091,11392625
311	0,348338065351	0,348260293448	1,353666028876	1,259576338992	0,052540980279	0,113905906677	45091,2067623611
312	0,347970969898	0,347876584149	1,352703752789	1,257569748091	0,052540980279	0,113905906677	45091,2995827546
313	0,339769148639	0,338892555368	1,318563632589	1,221028058106	0,052540980279	0,113905906677	45091,3810620023
314	0,346022573712	0,345853970501	1,34791891558	1,248196946444	0,052540980279	0,113905906677	45091,4747274884
315	0,346034912334	0,346503616995	1,346859856171	1,251634040189	0,052540980279	0,113905906677	45091,5690664468
316	0,346472164511	0,346851376115	1,348197162607	1,253054466447	0,052540980279	0,113905906677	45091,6629935417
317	0,346756797547	0,347084919607	1,349297133631	1,254826363302	0,052540980279	0,113905906677	45091,7562359954
318	0,347047802384	0,3477849764	1,349206074539	1,258345647905	0,052540980279	0,113905906677	45091,8489055671
319	0,347884596688	0,348216385613	1,351604990177	1,261388750687	0,052540980279	0,113905906677	45091,9416046991
320	0,348099915538	0,348703324523	1,351451213026	1,264018213928	0,052540980279	0,113905906677	45092,0333472801
321	0,348631934149	0,349126937646	1,352791235061	1,266092647036	0,052540980279	0,113905906677	45092,125271169
322	0,349046494	0,348902243464	1,354076629718	1,265407880386	0,052540980279	0,113905906677	45092,2172881366
323	0,348743802782	0,349026226192	1,352913422633	1,265902880447	0,052540980279	0,113905906677	45092,3089622917
324	0,348745554458	0,347517613751	1,353164575201	1,258123726237	0,052540980279	0,113905906677	45092,4011360185
325	0,347121012246	0,345799717044	1,349443599869	1,249101534008	0,052540980279	0,113905906677	45092,4941767477
326	0,345424056841	0,345314089984	1,34467611684	1,246614544996	0,052540980279	0,113905906677	45092,5871920718
327	0,345128609221	0,344874863492	1,34381396215	1,244496289737	0,052540980279	0,113905906677	45092,6803327662
328	0,344690918102	4,88088E-7	1,342394500159	1,591086E-6	0,052540980279	0,113905906677	45092,7804933681
329	2,11083136237634E-12	0,189424663824	7,92985612235617E-12	0,664645985505	0,057769812644	0,134121790528	45093,0137895255
330	0,353851561941	0,346435189182	1,374280900697	1,250864372377	0,057769812644	0,134121790528	45093,1079688773
331	0,346287293092	0,346418404896	1,348044813662	1,250666984181	0,057769812644	0,134121790528	45093,2011422107
332	0,346189480172	0,345777257675	1,347394137178	1,248401303775	0,057769812644	0,134121790528	45093,2948987153
333	0,345436697199	0,345604679834	1,345049990529	1,247764912798	0,057769812644	0,134121790528	45093,3882028356
334	0,345553775135	0,345615020998	1,34511828858	1,248083718606	0,057769812644	0,134121790528	45093,4813251157
335	0,345520219395	0,345404439289	1,344895269221	1,247188911199	0,057769812644	0,134121790528	45093,574473206
336	0,345289141314	0,345190056813	1,344131148726	1,246287296469	0,057769812644	0,134121790528	45093,6676479398
337	0,345010584316	0,344927885415	1,343203551414	1,245253993084	0,057769812644	0,134121790528	45093,7607340509
338	0,344767478597	0,344714731292	1,342376818022	1,244456334948	0,057769812644	0,134121790528	45093,8538744444
339	0,344558986503	0,344500261712	1,341678032197	1,243603186088	0,057769812644	0,134121790528	45093,9470194907
340	0,344319474428	0,344284634778	1,340858646446	1,24277018002	0,057769812644	0,134121790528	45094,0401855903
341	0,344105994051	0,344093424399	1,340105530734	1,242105359632	0,057769812644	0,134121790528	45094,1333115394
342	0,343916397003	0,343881654822	1,339416689861	1,241342807225	0,057769812644	0,134121790528	45094,2263721065
343	0,343718329004	0,343704651651	1,338746452495	1,240685706226	0,057769812644	0,134121790528	45094,3194322222
344	0,343557135551	0,343566481207	1,338184812364	1,240115489494	0,057769812644	0,134121790528	45094,4126141319
345	0,343403845136	0,343451500875	1,337598550014	1,239741492954	0,057769812644	0,134121790528	45094,505629213
346	0,343252499522	0,343231930121	1,337026298954	1,238942416164	0,057769812644	0,134121790528	45094,5985748843
347	0,343068228862	0,343069216814	1,336406780609	1,23834285715	0,057769812644	0,134121790528	45094,6915580903
348	0,342927317143	0,34293613928	1,335911657728	1,237825518442	0,057769812644	0,134121790528	45094,7845762153
349	0,342750160806	0,342747492417	1,335297936641	1,237134143515	0,057769812644	0,134121790528	45094,8775674537
350	0,342573912452	0,342574458079	1,334713395902	1,236490367838	0,057769812644	0,134121790528	45094,9706176736
351	0,342398763893	0,342435033003	1,33410427995	1,235990179958	0,057769812644	0,134121790528	45095,0636272222
352	0,342247749519	0,342267048339	1,333536755069	1,235403871769	0,057769812644	0,134121790528	45095,1565761806
353	0,342092281675	0,342131431875	1,332978235356	1,234920525555	0,057769812644	0,134121790528	45095,2494901157
354	0,341980708417	0,34202167797	1,33257146962	1,234478287098	0,057769812644	0,134121790528	45095,3424611111
355	0,341867215581	0,341898915112	1,332181566402	1,234057632354	0,057769812644	0,134121790528	45095,4354125116
356	0,341739139059	0,341795592883	1,331667386402	1,233704145187	0,057769812644	0,134121790528	45095,5282547338
357	0,341608308288	0,341638062982	1,33119012871	1,233109395021	0,057769812644	0,134121790528	45095,621102963
358	0,34146444746	0,341493361253	1,330678484851	1,232532791031	0,057769812644	0,134121790528	45095,71390875
359	0,341321535347	0,34136426569	1,330180183234	1,232040608463	0,057769812644	0,134121790528	45095,8067074769
360	0,341213694989	0,341235051657	1,329812156478	1,231566567108	0,057769812644	0,134121790528	45095,8995732523
361	0,34104027264	0,341073614596	1,329205033101	1,230981391241	0,057769812644	0,134121790528	45095,9923902083
362	0,340932494595	0,340998606967	1,328839474373	1,230731708681	0,057769812644	0,134121790528	45096,085268044
363	0,34082776565	0,340873401396	1,328446980221	1,230276193527	0,057769812644	0,134121790528	45096,1781121296
364	0,340681267576	0,340640936555	1,327918476362	1,229372284527	0,057769812644	0,134121790528	45096,2708827546
365	0,340378516133	0,340497533328	1,326920389804	1,22891333229	0,057769812644	0,134121790528	45096,3636519097
366	0,340398200288	0,340522096962	1,326830677222	1,229221262153	0,057769812644	0,134121790528	45096,4563094676
367	0,340420471364	0,340422658155	1,326896790275	1,228681099695	0,057769812644	0,134121790528	45096,5489994329
368	0,340262289694	0,340303764308	1,326353647468	1,22821869681	0,057769812644	0,134121790528	45096,6417158449
369	0,340140642683	0,340023501004	1,325744699688	1,227263968003	0,057769812644	0,134121790528	45096,7343948958
370	0,339867198272	0,339815541519	1,324822650575	1,226128975248	0,057769812644	0,134121790528	45096,8270743634
371	0,339634157011	0,339841361903	1,324402784105	1,226281310574	0,057769812644	0,134121790528	45096,9199037616
372	0,339630841307	0,339747128542	1,324200334675	1,226066921372	0,057769812644	0,134121790528	45097,0126346296
373	0,339564101247	0,339637300249	1,323894918996	1,225703047416	0,057769812644	0,134121790528	45097,1052664583
374	0,33946944622	0,339530079339	1,323548588403	1,225338982577	0,057769812644	0,134121790528	45097,1979150116
375	0,339335963158	0,339345411056	1,323058772956	1,224678814983	0,057769812644	0,134121790528	45097,2904771644
376	0,339159249685	0,339325992468	1,322487305049	1,224690998541	0,057769812644	0,134121790528	45097,3830486806
377	0,339258195531	0,339341474652	1,322621837614	1,224759971619	0,057769812644	0,134121790528	45097,4758995602
378	0,339215920184	0,073438207724	1,322551816888	0,291300611601	0,057769812644	0,134121790528	45097,5446274884
