TesterID:	Maccor#2						
Channel Number:	45						
TestName:	KAI_Zelltest_regulaer_fix_no_degass_flag.000						
TestDesc:	Regular cycling: formation, followed by pulse, C-rate quick charge and cycling t						
StartDateTime:	45056,3217502778						
Comment:							
							
							
Cycle	AH-IN	AH-OUT	WH-IN	WH-OUT	ACR	DCIR	Date
0		3,14727E-7		7,3272E-8	0	0	45057,5719284375
1	0,510002280149	0,435064823542	1,896015231412	1,594260666348	0	0	45058,0023896991
2	0,437869800425	0,434799262392	1,645478712225	1,593716940088	0	0	45058,4072926736
3	0,450273380385	5,35559E-7	1,696560480183	1,726687E-6	0	0	45058,8855119213
4	8,26530352737723E-14	5,18805E-7	3,10369809270201E-13	1,686376E-6	0,046018876135	0,133628696203	45059,1830506713
5	0,440373100744	0,439249009548	1,668090365491	1,611215511203	0,046018876135	0,133628696203	45059,4423575694
6	0,439157716036	0,438046798694	1,662940112069	1,607057504081	0,046018876135	0,133628696203	45059,7076992361
7	0,437807278274	0,437091624625	1,657569325871	1,603669957258	0,046018876135	0,133628696203	45059,9720197107
8	0,436801820021	0,414245018297	1,653544256041	1,492632982775	0,046018876135	0,133628696203	45060,155274294
9	0,414460440276	0,412577502642	1,5759728573	1,486873628836	0,046018876135	0,133628696203	45060,3322889005
10	0,41281835191	0,411787026391	1,569926732998	1,484021153841	0,046018876135	0,133628696203	45060,5085883449
11	0,412012389284	0,32645089191	1,566755244006	1,151107218527	0,046018876135	0,133628696203	45060,6623805324
12	0,326769339777	0,325616483029	1,262693601956	1,149070334677	0,046018876135	0,133628696203	45060,7927462037
13	0,325909014876	0,324624488719	1,259256807788	1,145307256609	0,046018876135	0,133628696203	45060,9226337153
14	0,324924281968	0,427805599217	1,25549615709	1,570658406428	0,046018876135	0,133628696203	45061,1529745949
15	0,42740872885	0,428771742409	1,617964381113	1,574275386932	0,046018876135	0,133628696203	45061,4111110648
16	0,428429805731	5,1605E-7	1,621406743743	1,642073E-6	0,046018876135	0,133628696203	45061,6766185185
17	0,374440608156	0,375604322192	1,425356883437	1,358583873076	0,046018876135	0,133628696203	45061,8182680903
18	0,373998863924	0,374694564691	1,423279843088	1,354930647201	0,046018876135	0,133628696203	45061,9665103704
19	0,37344596683	0,373893206222	1,421074544993	1,351823656633	0,046018876135	0,133628696203	45062,1144899074
20	0,346921409749	0,337188085685	1,348337748117	1,211565772477	0,046018876135	0,133628696203	45062,2346717014
21	0,335435796059	0,324658850996	1,303632053657	1,167127003751	0,046018876135	0,133628696203	45062,3509632986
22	0,323343088619	5,41281E-7	1,257580457003	1,660749E-6	0,046018876135	0,133628696203	45062,4709712616
23	8,26530352737723E-14	0,226477397147	3,09648982404834E-13	0,794436605621	0,047691270709	0,118718937039	45062,7330483796
24	0,397444001089	0,390513735047	1,534684841179	1,409089279251	0,047691270709	0,118718937039	45062,8366691667
25	0,390718429378	0,389613469291	1,511129994263	1,405794611634	0,047691270709	0,118718937039	45062,9390904861
26	0,389704122645	0,388899256364	1,507432814152	1,403447906473	0,047691270709	0,118718937039	45063,0414718634
27	0,388989608049	0,388385074586	1,504622889838	1,401804863673	0,047691270709	0,118718937039	45063,143345162
28	0,388319968798	0,387320804649	1,502202734062	1,397543342783	0,047691270709	0,118718937039	45063,24542625
29	0,38732846031	0,38662847231	1,498642829573	1,394989208712	0,047691270709	0,118718937039	45063,3470902662
30	0,386634198299	0,38613893428	1,496102461143	1,393352556384	0,047691270709	0,118718937039	45063,4487805903
31	0,386159348024	0,385389825027	1,494495719901	1,390712058522	0,047691270709	0,118718937039	45063,550590625
32	0,385326276177	0,384808570947	1,491364880911	1,388729874761	0,047691270709	0,118718937039	45063,6519875926
33	0,384672186068	0,384020674958	1,489097493286	1,38562481347	0,047691270709	0,118718937039	45063,7534178472
34	0,384117068575	0,383863132974	1,486915823533	1,385380354905	0,047691270709	0,118718937039	45063,8547073843
35	0,383834890799	0,383108727782	1,485545657809	1,382813840976	0,047691270709	0,118718937039	45063,955759213
36	0,383039517111	0,382552060652	1,482792910837	1,380687726428	0,047691270709	0,118718937039	45064,0565824306
37	0,382492935913	0,382186545194	1,480715736591	1,379348093285	0,047691270709	0,118718937039	45064,1573321759
38	0,382145762709	0,381585981248	1,479352425338	1,377185550919	0,047691270709	0,118718937039	45064,2582478472
39	0,381564409759	0,380989153642	1,477223952777	1,375135671136	0,047691270709	0,118718937039	45064,3589600926
40	0,380925810755	0,380383323426	1,474845743693	1,372887051447	0,047691270709	0,118718937039	45064,4593401505
41	0,380283890289	0,379964811267	1,472488286178	1,37144502847	0,047691270709	0,118718937039	45064,5594605324
42	0,379916814525	0,379666538718	1,471083623299	1,370397950265	0,047691270709	0,118718937039	45064,6595181713
43	0,379635969229	0,379392774699	1,470042763858	1,369546232966	0,047691270709	0,118718937039	45064,7597527315
44	0,379335965874	0,378956180599	1,468912221295	1,368270810709	0,047691270709	0,118718937039	45064,8599043981
45	0,378901909317	0,378604846919	1,466990450169	1,366820822341	0,047691270709	0,118718937039	45064,9597195949
46	0,378539877529	0,378199286065	1,465578027961	1,365520144755	0,047691270709	0,118718937039	45065,0594787384
47	0,378152406373	0,377805260824	1,464391484225	1,364134255768	0,047691270709	0,118718937039	45065,1591667361
48	0,377682817174	0,377602469481	1,462541615402	1,363406359091	0,047691270709	0,118718937039	45065,2587938773
49	0,377552272587	0,376848275159	1,461922919253	1,360442965344	0,047691270709	0,118718937039	45065,3585034491
50	0,376739102806	0,376438732763	1,459155859744	1,359027502963	0,047691270709	0,118718937039	45065,4578332176
51	0,37640471542	0,376350920271	1,45790157619	1,358896666809	0,047691270709	0,118718937039	45065,5571359375
52	0,376267542016	0,3761584453	1,457299686159	1,358407998159	0,047691270709	0,118718937039	45065,6565526505
53	0,376081728151	0,37564695102	1,456405760756	1,356459353851	0,047691270709	0,118718937039	45065,7556996528
54	0,375568137805	0,375566829925	1,454361596486	1,35633419067	0,047691270709	0,118718937039	45065,8545699421
55	0,375559808784	0,375276229695	1,454362282443	1,355559509437	0,047691270709	0,118718937039	45065,953654838
56	0,375142103422	0,374861616428	1,452589964803	1,353883285977	0,047691270709	0,118718937039	45066,0524578356
57	0,374810956276	0,374591714001	1,451623752712	1,353103017756	0,047691270709	0,118718937039	45066,1512047801
58	0,374460281781	0,374084077498	1,450121806465	1,351080243018	0,047691270709	0,118718937039	45066,2499076273
59	0,374003797736	0,373913604976	1,44854870127	1,350578699014	0,047691270709	0,118718937039	45066,3482592477
60	0,37378708845	0,373455038098	1,44782508514	1,348719629403	0,047691270709	0,118718937039	45066,4468406944
61	0,373434014356	0,373239294816	1,446430975734	1,34801277597	0,047691270709	0,118718937039	45066,5451865278
62	0,373146036305	0,373129523953	1,445460466712	1,347931939137	0,047691270709	0,118718937039	45066,6438098495
63	0,372960716141	0,372819542647	1,444372671332	1,346741437674	0,047691270709	0,118718937039	45066,7417755903
64	0,372823224022	0,372760122957	1,443930614647	1,346863421341	0,047691270709	0,118718937039	45066,8400607639
65	0,372697718693	0,372682678334	1,442940296868	1,347091807259	0,047691270709	0,118718937039	45066,9379533218
66	0,372608113044	0,372472121847	1,442523469402	1,346279759363	0,047691270709	0,118718937039	45067,0358162384
67	0,372357424706	0,372237062549	1,441625251821	1,345314644377	0,047691270709	0,118718937039	45067,1335122569
68	0,372144414379	0,371880560087	1,44087178419	1,344021778453	0,047691270709	0,118718937039	45067,2311544907
69	0,371820192523	0,371445256646	1,439627816608	1,342414805285	0,047691270709	0,118718937039	45067,3289108796
70	0,371286232007	0,371176666073	1,43783124472	1,341443597721	0,047691270709	0,118718937039	45067,4264785532
71	0,371110048835	0,371276073935	1,437118352479	1,342049448676	0,047691270709	0,118718937039	45067,5239222454
72	0,371306338569	0,371299256418	1,437372439599	1,342782990224	0,047691270709	0,118718937039	45067,6211804167
73	0,371185256127	5,61838E-7	1,436646166719	1,804816E-6	0,047691270709	0,118718937039	45067,7254117593
74	1,84379847918415E-13	0,208858479515	6,90816989961784E-13	0,733071479713	0,046564120799	0,1094141379	45067,9730681134
75	0,37825100015	0,372627063013	1,459736972604	1,348905789097	0,046564120799	0,1094141379	45068,0707606481
76	0,372553491709	0,37233390944	1,44046296221	1,347907237048	0,046564120799	0,1094141379	45068,1677096644
77	0,372246634477	0,372097496117	1,439046473149	1,346946501429	0,046564120799	0,1094141379	45068,2644374421
78	0,372007141678	0,371605473833	1,438362146177	1,344988892252	0,046564120799	0,1094141379	45068,3612865509
79	0,371567481922	0,371530488033	1,436807921931	1,344942420407	0,046564120799	0,1094141379	45068,457909537
80	0,371320855973	0,370861491825	1,435887056081	1,341709561779	0,046564120799	0,1094141379	45068,5545131481
81	0,370803111787	0,370732267406	1,434698616782	1,341247736492	0,046564120799	0,1094141379	45068,6515739236
82	0,370701435655	0,370873064095	1,43362354746	1,342491965557	0,046564120799	0,1094141379	45068,7480371296
83	0,370852903521	0,370700099269	1,433989176534	1,342077829536	0,046564120799	0,1094141379	45068,8446365972
84	0,3705900839	0,370517906548	1,432877015559	1,34147664304	0,046564120799	0,1094141379	45068,9409293171
85	0,370407618158	0,370346107975	1,432039954173	1,341047046129	0,046564120799	0,1094141379	45069,0372092477
86	0,370225892729	0,369802316067	1,431548498303	1,338553084999	0,046564120799	0,1094141379	45069,133417037
87	0,369654268282	0,36950004968	1,429854336795	1,337050550374	0,046564120799	0,1094141379	45069,2297831713
88	0,369446765748	0,369214596191	1,429200857639	1,336303021346	0,046564120799	0,1094141379	45069,3263112384
89	0,369037537267	0,368437063621	1,427838263381	1,332734571375	0,046564120799	0,1094141379	45069,4226657176
90	0,368242978576	0,368270392929	1,425669481362	1,331717811887	0,046564120799	0,1094141379	45069,5190638542
91	0,367863800276	0,366519001186	1,423826164213	1,32395851834	0,046564120799	0,1094141379	45069,6154198032
92	0,366429592969	0,366865116703	1,42095089093	1,325376807657	0,046564120799	0,1094141379	45069,7124092824
93	0,366897492601	0,366977499821	1,421457938924	1,326180555081	0,046564120799	0,1094141379	45069,8089755787
94	0,366912442511	0,367014955634	1,421390607102	1,326431808137	0,046564120799	0,1094141379	45069,9054227315
95	0,366988847086	0,367637498505	1,421316215979	1,329755597768	0,046564120799	0,1094141379	45070,0018901157
96	0,367596850154	0,367217722816	1,422661368817	1,328200907803	0,046564120799	0,1094141379	45070,0980499421
97	0,367123665857	0,367481171733	1,421289742572	1,32962138622	0,046564120799	0,1094141379	45070,1941108218
98	0,367370941602	0,367255136664	1,421668899329	1,328408208914	0,046564120799	0,1094141379	45070,2900896296
99	0,366537706192	0,364758494293	1,418680880632	1,317664974853	0,046564120799	0,1094141379	45070,3850886227
100	0,364631982369	0,364945749831	1,414664591621	1,317986614369	0,046564120799	0,1094141379	45070,4820072338
101	0,364771649225	0,36491341003	1,414207322853	1,318385925698	0,046564120799	0,1094141379	45070,5783457523
102	0,364893487816	0,364997055536	1,414471928707	1,320832208286	0,046564120799	0,1094141379	45070,7003966898
103	0,365064129126	0,365114928724	1,414156303032	1,319355584236	0,046564120799	0,1094141379	45070,7982675579
104	0,365135412967	0,365105949852	1,414915434575	1,319155447733	0,046564120799	0,1094141379	45070,8943888194
105	0,364960089518	0,364701633455	1,414388844504	1,317435843917	0,046564120799	0,1094141379	45070,9904230324
106	0,364586329026	0,364674474093	1,413191221752	1,317115081337	0,046564120799	0,1094141379	45071,0866754861
107	0,36452449872	0,364457488682	1,412984836189	1,316416552394	0,046564120799	0,1094141379	45071,1828387037
108	0,36438067019	0,364401969578	1,412584238041	1,316242237073	0,046564120799	0,1094141379	45071,2791839005
109	0,364071499409	0,363790990291	1,411241851049	1,313910190422	0,046564120799	0,1094141379	45071,3747574306
110	0,36343391998	0,363652800564	1,40916207168	1,313361541986	0,046564120799	0,1094141379	45071,4720073843
111	0,363668808133	0,363885326017	1,409855333562	1,31471987656	0,046564120799	0,1094141379	45071,5679809838
112	0,363759844842	0,363833699232	1,409889200522	1,314625031096	0,046564120799	0,1094141379	45071,6638598958
113	0,363819529974	0,363885324745	1,410036008723	1,314858490736	0,046564120799	0,1094141379	45071,7596489005
114	0,363842536426	0,363881392154	1,4100160242	1,314951097063	0,046564120799	0,1094141379	45071,8554662153
115	0,363726690436	0,363444869264	1,409661941474	1,31305577704	0,046564120799	0,1094141379	45071,9511430903
116	0,363376623995	0,363349261529	1,408567231935	1,312356476335	0,046564120799	0,1094141379	45072,0470659722
117	0,36321290746	0,363276919144	1,407987240949	1,312136398227	0,046564120799	0,1094141379	45072,142801956
118	0,363111281231	0,363031525245	1,407557570226	1,31118478797	0,046564120799	0,1094141379	45072,2385212731
119	0,362962508616	0,36296954501	1,407062493849	1,311042621777	0,046564120799	0,1094141379	45072,3342676505
120	0,362866596279	0,362877850366	1,406669161926	1,310581485966	0,046564120799	0,1094141379	45072,4300726852
121	0,362715169218	0,362623373327	1,406258117195	1,309659943147	0,046564120799	0,1094141379	45072,5258394676
122	0,362503949471	0,362534238812	1,405569381005	1,309502705615	0,046564120799	0,1094141379	45072,6214771181
123	0,362408308092	0,362352109669	1,405126134837	1,3088325963	0,046564120799	0,1094141379	45072,7171821643
124	0,36219071165	4,98683E-7	1,404269972838	1,606954E-6	0,046564120799	0,1094141379	45072,8198375116
125	4,32338953739732E-13	0,202918652041	1,62159753445158E-12	0,7119038352	0,051270842552	0,120316065848	45073,0625184954
126	0,368911353966	0,362877850575	1,427383014201	1,310866680748	0,051270842552	0,120316065848	45073,1588894907
127	0,362743439269	0,362802879188	1,406062273031	1,310570082703	0,051270842552	0,120316065848	45073,2544002083
128	0,362700017405	0,362430937563	1,405857919133	1,309252380303	0,051270842552	0,120316065848	45073,3499363079
129	0,362342117398	0,362326312597	1,404564961504	1,308877971336	0,051270842552	0,120316065848	45073,4453927431
130	0,362162607877	0,361980100014	1,403908433195	1,307553431484	0,051270842552	0,120316065848	45073,5408111343
131	0,361879342996	0,361844485036	1,402880108891	1,307156409639	0,051270842552	0,120316065848	45073,6361592708
132	0,361666776347	0,361640408969	1,402102376648	1,306329467479	0,051270842552	0,120316065848	45073,7314751968
133	0,361559448606	0,361552640982	1,401732344923	1,306261526914	0,051270842552	0,120316065848	45073,8266796412
134	0,361433570517	0,361347253064	1,401247667326	1,305383510154	0,051270842552	0,120316065848	45073,9219426505
135	0,361204887893	0,361076014833	1,400306047978	1,304248209516	0,051270842552	0,120316065848	45074,0170785995
136	0,360952621444	0,360975246589	1,399606707166	1,304014866292	0,051270842552	0,120316065848	45074,1122504051
137	0,360803155883	0,36092877926	1,399008642523	1,303912379514	0,051270842552	0,120316065848	45074,2074025694
138	0,360840752875	0,36098948495	1,398982809426	1,304152680666	0,051270842552	0,120316065848	45074,3027942014
139	0,360820192936	0,36098301343	1,398776658095	1,304083290168	0,051270842552	0,120316065848	45074,3979863773
140	0,360854799107	0,360785416725	1,398918490563	1,303406688786	0,051270842552	0,120316065848	45074,4930216551
141	0,360679933355	0,360632968288	1,398191533535	1,302911528813	0,051270842552	0,120316065848	45074,5879443171
142	0,360528830073	0,360667803788	1,397737271528	1,303149358811	0,051270842552	0,120316065848	45074,682835081
143	0,36054405824	0,360625252949	1,397810581668	1,303052920705	0,051270842552	0,120316065848	45074,7779245833
144	0,36051782982	0,360461189639	1,397587909222	1,302334779516	0,051270842552	0,120316065848	45074,8728818866
145	0,360297831819	0,360276418993	1,396639038728	1,301700242522	0,051270842552	0,120316065848	45074,9675095833
146	0,360164816991	0,360200197844	1,396527911693	1,301190939619	0,051270842552	0,120316065848	45075,0626218634
147	0,36002454883	0,359898013265	1,395897014025	1,300033205846	0,051270842552	0,120316065848	45075,1574684375
148	0,35979855162	0,359914813655	1,395206614554	1,300351972149	0,051270842552	0,120316065848	45075,2524992593
149	0,359762561425	0,35983337456	1,394963327342	1,30003306052	0,051270842552	0,120316065848	45075,3474534838
150	0,359750269545	0,359648725992	1,394760581597	1,299231966404	0,051270842552	0,120316065848	45075,4423169907
151	0,359479636239	0,35972880491	1,393926568053	1,299742226874	0,051270842552	0,120316065848	45075,5369709838
152	0,359567939072	0,359630640443	1,394112700493	1,299248862247	0,051270842552	0,120316065848	45075,6315824074
153	0,359535922022	0,359576388903	1,393844106785	1,29903472505	0,051270842552	0,120316065848	45075,7262037731
154	0,359478134365	0,35977531886	1,393776558142	1,300151030449	0,051270842552	0,120316065848	45075,8209025
155	0,359671535059	0,359554397047	1,394170213023	1,299248497796	0,051270842552	0,120316065848	45075,9155045139
156	0,359427034636	0,35966167454	1,393277964296	1,299863529618	0,051270842552	0,120316065848	45076,0099753125
157	0,359466644847	0,359334835403	1,393452348657	1,298253934405	0,051270842552	0,120316065848	45076,1045689352
158	0,359230622339	0,359305122276	1,392691748583	1,298325926318	0,051270842552	0,120316065848	45076,1990105208
159	0,359157440209	0,359173403643	1,392464872789	1,297512829734	0,051270842552	0,120316065848	45076,2935818056
160	0,35876506834	0,358248676475	1,390909031861	1,294081323065	0,051270842552	0,120316065848	45076,3884555671
161	0,357946566688	0,358384230137	1,388992968866	1,294710866545	0,051270842552	0,120316065848	45076,4830130208
162	0,357697525595	0,358066026755	1,386869427195	1,294206678079	0,051270842552	0,120316065848	45076,5755285185
163	0,358814125258	0,358730397788	1,391055495506	1,296358378939	0,051270842552	0,120316065848	45076,6700478241
164	0,358675904697	0,358636057611	1,390713658491	1,29585741759	0,051270842552	0,120316065848	45076,7645544792
165	0,358568798877	0,358682587241	1,390317477606	1,296346981658	0,051270842552	0,120316065848	45076,8590280093
166	0,358571319439	0,358554688878	1,390058121443	1,295513398595	0,051270842552	0,120316065848	45076,9535738194
167	0,358435006356	0,358286043202	1,389745389576	1,294269790093	0,051270842552	0,120316065848	45077,0480636111
168	0,358154750936	0,358216288277	1,389023249069	1,294147221383	0,051270842552	0,120316065848	45077,1426455787
169	0,358086034023	0,357982526636	1,388618530449	1,293024242929	0,051270842552	0,120316065848	45077,2371404745
170	0,357895654074	0,358008365244	1,388128974885	1,293533477262	0,051270842552	0,120316065848	45077,3317078588
171	0,357628390823	0,357325081929	1,387075689738	1,290477570052	0,051270842552	0,120316065848	45077,42636875
172	0,357298720624	0,357520111513	1,386044415319	1,291689950937	0,051270842552	0,120316065848	45077,520720162
173	0,357423347326	0,35724371383	1,386265130336	1,290755950398	0,051270842552	0,120316065848	45077,6150711458
174	0,356956980916	0,356907864031	1,384909120025	1,289003217712	0,051270842552	0,120316065848	45077,7094683681
175	0,357018275193	5,6417E-7	1,385004984494	1,814169E-6	0,051270842552	0,120316065848	45077,8109343171
176	3,6875969583683E-13	0,198575964116	1,3834898908165E-12	0,696688088	0,052968762815	0,122720986605	45078,0505013889
177	0,363791115932	0,358149169564	1,40795374806	1,294273606411	0,052968762815	0,122720986605	45078,1455470833
178	0,358031626797	0,357862367772	1,388325531749	1,293123845992	0,052968762815	0,122720986605	45078,2399752662
179	0,357728276576	0,357784843674	1,386987116814	1,292938459169	0,052968762815	0,122720986605	45078,3340773032
180	0,357267043308	0,356378263015	1,385599411532	1,286470848403	0,052968762815	0,122720986605	45078,4286436458
181	0,356309428235	0,356628872314	1,38284947589	1,288198301354	0,052968762815	0,122720986605	45078,5228854282
182	0,356642394804	0,356742545245	1,383484701206	1,288921854327	0,052968762815	0,122720986605	45078,6172886227
183	0,356565802746	0,356633993202	1,383145982531	1,288497594975	0,052968762815	0,122720986605	45078,711402581
184	0,356676672419	0,356752895736	1,383575826087	1,289208365288	0,052968762815	0,122720986605	45078,8056591204
185	0,356653161501	0,356542370403	1,383111348109	1,28840107097	0,052968762815	0,122720986605	45078,899970162
186	0,356388633934	0,356499713384	1,382109533408	1,288479457132	0,052968762815	0,122720986605	45078,9937806713
187	0,356366442868	0,356268498934	1,3820149114	1,287562495492	0,052968762815	0,122720986605	45079,0877582986
188	0,356177707998	0,356267250667	1,381495938362	1,287581171809	0,052968762815	0,122720986605	45079,1817567593
189	0,356225232771	0,356555294158	1,381412412008	1,289504632229	0,052968762815	0,122720986605	45079,2754787153
190	0,356283789025	0,355800961235	1,381159162923	1,286210278998	0,052968762815	0,122720986605	45079,3691745486
191	0,355350331607	0,354793488344	1,37898866896	1,280715046421	0,052968762815	0,122720986605	45079,4635445718
192	0,354712099793	0,355040194516	1,376965535516	1,282407398318	0,052968762815	0,122720986605	45079,5575947917
193	0,354989579954	0,35505305469	1,377637194447	1,282605786076	0,052968762815	0,122720986605	45079,6515713426
194	0,355044729822	0,355170655761	1,377723812783	1,283357692288	0,052968762815	0,122720986605	45079,7455230671
195	0,355112249031	0,355095727818	1,377767371177	1,282871738047	0,052968762815	0,122720986605	45079,8396486806
196	0,35503659441	0,355126661669	1,377456827894	1,283242776069	0,052968762815	0,122720986605	45079,9335779051
197	0,354965548111	0,355093125943	1,377099046168	1,282942263982	0,052968762815	0,122720986605	45080,0275044792
198	0,354924954592	0,354863205755	1,377080539226	1,282035590565	0,052968762815	0,122720986605	45080,1214614931
199	0,354721963011	0,3549871656	1,376287061823	1,282557050331	0,052968762815	0,122720986605	45080,2152050116
200	0,35488690385	0,3551899758	1,376696293861	1,283766574604	0,052968762815	0,122720986605	45080,3090468287
201	0,355025494189	0,355009173349	1,377009195418	1,282821737348	0,052968762815	0,122720986605	45080,4025752083
202	0,354894490353	0,354957469849	1,376714414171	1,28253290437	0,052968762815	0,122720986605	45080,4963971991
203	0,354854124362	0,35483738495	1,376655728626	1,282062481619	0,052968762815	0,122720986605	45080,590173912
204	0,354711801919	0,355227470824	1,376034782031	1,283978663355	0,052968762815	0,122720986605	45080,683873125
205	0,355204319485	0,35551415245	1,37689035939	1,285862448031	0,052968762815	0,122720986605	45080,7772595255
206	0,355430421265	0,355764732927	1,377695268422	1,287543248336	0,052968762815	0,122720986605	45080,8706891204
207	0,355696527301	0,355746714143	1,377998942463	1,287616380722	0,052968762815	0,122720986605	45080,9637910185
208	0,355596350248	0,355883625718	1,377791048437	1,288196244667	0,052968762815	0,122720986605	45081,0569363657
209	0,355765026238	0,355840911688	1,378036847186	1,288140749056	0,052968762815	0,122720986605	45081,1499172106
210	0,355753379984	0,355649794772	1,378145826774	1,287272979357	0,052968762815	0,122720986605	45081,2431132639
211	0,355588778537	0,355886169525	1,377580563428	1,288663562452	0,052968762815	0,122720986605	45081,3361756481
212	0,355756068292	0,355949441058	1,377687058969	1,289026502329	0,052968762815	0,122720986605	45081,4289627083
213	0,355865936018	0,355864241675	1,378149328473	1,288694388331	0,052968762815	0,122720986605	45081,522062419
214	0,355725429294	0,355744079209	1,377662628948	1,28818118172	0,052968762815	0,122720986605	45081,6149593981
215	0,355594075821	0,355789268166	1,377184392762	1,288345708942	0,052968762815	0,122720986605	45081,7077802894
216	0,355710185059	0,3557880076	1,377549653778	1,288608993118	0,052968762815	0,122720986605	45081,8007417361
217	0,355727400703	0,356029533122	1,377307307371	1,290049774641	0,052968762815	0,122720986605	45081,8934166551
218	0,355907684623	0,35615868082	1,377546665097	1,290898251094	0,052968762815	0,122720986605	45081,9860352662
219	0,356070890859	0,356079918624	1,378017806135	1,290605770823	0,052968762815	0,122720986605	45082,0785755208
220	0,3559472642	0,356145750494	1,377536836503	1,290865198212	0,052968762815	0,122720986605	45082,1711234028
221	0,355999320177	0,355950798475	1,377707512818	1,290159979604	0,052968762815	0,122720986605	45082,2636476389
222	0,355870904878	0,355941717662	1,377270051857	1,290334555298	0,052968762815	0,122720986605	45082,3560814005
223	0,355085912082	0,353488846644	1,375438300445	1,277006239681	0,052968762815	0,122720986605	45082,4490213426
224	0,353323586808	0,353298993469	1,37144503974	1,275857537322	0,052968762815	0,122720986605	45082,5427089468
225	0,353204864599	0,353362100333	1,370985331892	1,276363545394	0,052968762815	0,122720986605	45082,6366527431
226	0,353218709194	5,52726E-7	1,370762755959	1,778376E-6	0,052968762815	0,122720986605	45082,7371534954
227	2,73390808982478E-13	0,195526285862	1,02590252631422E-12	0,686129701464	0,051362343132	0,12167455256	45082,9747044444
228	0,360043490361	0,35511505634	1,393645762803	1,284191589881	0,051362343132	0,12167455256	45083,0687180787
229	0,355072212267	0,355178355001	1,375847490941	1,285258320698	0,051362343132	0,12167455256	45083,1617695486
230	0,355029692903	0,354867129662	1,375809115478	1,283656144012	0,051362343132	0,12167455256	45083,2548439352
231	0,35479181219	0,355032393132	1,374791234065	1,284867156747	0,051362343132	0,12167455256	45083,3476518171
232	0,355051949635	0,356528104071	1,376427628951	1,294620319494	0,051362343132	0,12167455256	45083,4409836343
233	0,354139365451	0,352535468469	1,370165305051	1,273714284063	0,051362343132	0,12167455256	45083,5294547338
234	0,354250282628	0,353817008862	1,373597084644	1,278156658636	0,051362343132	0,12167455256	45083,6227379051
235	0,353629864478	0,353673399003	1,372124153898	1,277372185986	0,051362343132	0,12167455256	45083,7164732292
236	0,353681916098	0,354031376714	1,37236211955	1,279037520999	0,051362343132	0,12167455256	45083,8099700926
237	0,354038248044	0,354678492334	1,37242860148	1,283208755892	0,051362343132	0,12167455256	45083,9027439352
238	0,354550627192	0,354889039284	1,373826297942	1,284194839159	0,051362343132	0,12167455256	45083,9956183796
239	0,354855821383	0,354998878386	1,374418017323	1,284991716524	0,051362343132	0,12167455256	45084,0883783102
240	0,354910606248	0,354890289674	1,374694389438	1,284510093157	0,051362343132	0,12167455256	45084,1812671528
241	0,354762469687	0,355045312435	1,37407491361	1,285546067221	0,051362343132	0,12167455256	45084,2738416204
242	0,354927485737	0,354909755526	1,374255638721	1,285072253281	0,051362343132	0,12167455256	45084,3663029861
243	0,354321693745	0,353482496347	1,373005910939	1,276809228237	0,051362343132	0,12167455256	45084,4593988657
244	0,353275783307	0,353073036815	1,370941657121	1,274618936443	0,051362343132	0,12167455256	45084,5529593287
245	0,353030748421	0,353191816642	1,370134681088	1,275282557634	0,051362343132	0,12167455256	45084,6464854051
246	0,353146199498	0,353253813412	1,370337546968	1,275494313121	0,051362343132	0,12167455256	45084,7401095718
247	0,353182134362	0,353282183113	1,370341468641	1,275977022158	0,051362343132	0,12167455256	45084,8336349884
248	0,353241279597	0,353909978055	1,37028325251	1,279503341401	0,051362343132	0,12167455256	45084,9268381134
249	0,353877429125	0,354201868097	1,371270568671	1,281642900247	0,051362343132	0,12167455256	45085,0194984838
250	0,354078615458	0,354354322042	1,371845965438	1,282456626246	0,051362343132	0,12167455256	45085,112201713
251	0,354268160748	0,354487267331	1,372140157225	1,283387800362	0,051362343132	0,12167455256	45085,2048179051
252	0,354360262716	0,354356874115	1,372468681285	1,282683089931	0,051362343132	0,12167455256	45085,2974429861
253	0,354249849645	0,354364595391	1,3720529217	1,282848690101	0,051362343132	0,12167455256	45085,3899229282
254	0,354196190647	0,354430514578	1,371761152633	1,28325694318	0,051362343132	0,12167455256	45085,4822796759
255	0,354346487417	0,354577712851	1,372076600746	1,284204022583	0,051362343132	0,12167455256	45085,5746481019
256	0,354474996595	0,354183807348	1,372335055365	1,282152188028	0,051362343132	0,12167455256	45085,6669796296
257	0,353923470073	0,353461722039	1,371314998195	1,277824725112	0,051362343132	0,12167455256	45085,7597764236
258	0,353182592571	0,353408792515	1,369641774163	1,277576266153	0,051362343132	0,12167455256	45085,8529129167
259	0,353289789782	0,353269357694	1,36960669799	1,276730487928	0,051362343132	0,12167455256	45085,945849838
260	0,35309262083	0,353278341868	1,369234318856	1,277150562586	0,051362343132	0,12167455256	45086,0390690162
261	0,35308708193	0,352775930732	1,369115277645	1,274492920624	0,051362343132	0,12167455256	45086,1322062847
262	0,352578355796	0,352374222357	1,367793413627	1,2723445818	0,051362343132	0,12167455256	45086,2253413773
263	0,352139206494	0,35222440356	1,366725379571	1,271419481516	0,051362343132	0,12167455256	45086,3185654051
264	0,35212087205	0,352117218467	1,366620202218	1,270806476145	0,051362343132	0,12167455256	45086,4118965972
265	0,352014800385	0,352211462637	1,366463907364	1,271450910141	0,051362343132	0,12167455256	45086,505263206
266	0,35207868002	0,352202366776	1,366508105193	1,271324321248	0,051362343132	0,12167455256	45086,598579294
267	0,352108642083	0,352416818341	1,366456391887	1,272837725478	0,051362343132	0,12167455256	45086,6918152083
268	0,352350953544	0,352421995812	1,367006750289	1,272919689003	0,051362343132	0,12167455256	45086,7850815046
269	0,352310246009	0,352876677787	1,366594671781	1,275689168143	0,051362343132	0,12167455256	45086,8779454051
270	0,35284671209	0,353481098237	1,367570672752	1,27941148445	0,051362343132	0,12167455256	45086,9704982523
271	0,353473840733	0,353702007761	1,368968685344	1,281146853959	0,051362343132	0,12167455256	45087,062849838
272	0,353587677399	0,353733046517	1,369015773857	1,281406715718	0,051362343132	0,12167455256	45087,1548659606
273	0,353581933671	0,353803966001	1,368926619624	1,281646123721	0,051362343132	0,12167455256	45087,2469484954
274	0,353724653397	0,353829944696	1,369418745486	1,281990664557	0,051362343132	0,12167455256	45087,3391828935
275	0,353746255445	0,353920287644	1,369262584877	1,282630807626	0,051362343132	0,12167455256	45087,4311433449
276	0,353771984782	0,354002896597	1,369201149485	1,283099303656	0,051362343132	0,12167455256	45087,5230206829
277	0,353898050597	5,79217E-7	1,369533003882	1,839232E-6	0,051362343132	0,12167455256	45087,6218915046
278	3,36970066885379E-13	0,192147478131	1,26336889598159E-12	0,674545922596	0,050281543285	0,114286273718	45087,8580117593
279	0,358901261647	0,355275250848	1,386000503463	1,289373816509	0,050281543285	0,114286273718	45087,9500754977
280	0,355185673172	0,355081476318	1,373072717031	1,288645946544	0,050281543285	0,114286273718	45088,0416760069
281	0,355032864665	0,354958788058	1,372577529715	1,288197442276	0,050281543285	0,114286273718	45088,1333637037
282	0,354847237079	0,354836117603	1,37189017752	1,287811389058	0,050281543285	0,114286273718	45088,2249323727
283	0,354723127359	0,354709452888	1,371421587963	1,2872823826	0,050281543285	0,114286273718	45088,3163583912
284	0,354620962923	0,354697900326	1,371010365298	1,287453184361	0,050281543285	0,114286273718	45088,4077131481
285	0,354560843856	0,354613894746	1,370701585547	1,287148184659	0,050281543285	0,114286273718	45088,4989297454
286	0,354525180018	0,354568736307	1,370567254728	1,286995455485	0,050281543285	0,114286273718	45088,5902402546
287	0,354455936384	0,354517019881	1,370278717445	1,286850094747	0,050281543285	0,114286273718	45088,6814919907
288	0,35440709177	0,354479564702	1,370063640035	1,286805205741	0,050281543285	0,114286273718	45088,7726874884
289	0,354441235052	0,354579039537	1,370090356161	1,287549594691	0,050281543285	0,114286273718	45088,8639291667
290	0,354470803895	0,354610050322	1,369912283279	1,287984472964	0,050281543285	0,114286273718	45088,9549981366
291	0,354507493501	0,354533905258	1,369967231625	1,2875314313	0,050281543285	0,114286273718	45089,046185706
292	0,354399589797	0,354524785876	1,369650658896	1,287398297836	0,050281543285	0,114286273718	45089,1374565162
293	0,354398698204	0,354527314634	1,369674705188	1,287372621281	0,050281543285	0,114286273718	45089,2286997917
294	0,354404017251	0,354467936269	1,369765470618	1,287082795155	0,050281543285	0,114286273718	45089,3199251273
295	0,354350655841	0,354510584601	1,369484004396	1,287580996507	0,050281543285	0,114286273718	45089,4111393403
296	0,353762125948	0,352948969522	1,3679319267	1,278631669097	0,050281543285	0,114286273718	45089,5024221065
297	0,352620525656	0,351862706886	1,365921266776	1,272418911811	0,050281543285	0,114286273718	45089,5943197222
298	0,351502390143	0,350998576398	1,363951857603	1,266658007931	0,050281543285	0,114286273718	45089,6875871528
299	0,351037707148	0,35118197225	1,362959072048	1,267294534946	0,050281543285	0,114286273718	45089,7809310648
300	0,351178342835	0,351833037411	1,363098199336	1,271214552508	0,050281543285	0,114286273718	45089,8740983796
301	0,351933326692	0,352707480029	1,364261376942	1,277088885609	0,050281543285	0,114286273718	45089,9665339815
302	0,352728636682	0,353207338035	1,365591018892	1,280464915006	0,050281543285	0,114286273718	45090,058302419
303	0,353136125706	0,353456595216	1,366260337797	1,282089493815	0,050281543285	0,114286273718	45090,149664213
304	0,353366155927	0,353581861402	1,36672440876	1,282856182077	0,050281543285	0,114286273718	45090,2408961458
305	0,353462597508	0,353685212239	1,366883084493	1,283514798643	0,050281543285	0,114286273718	45090,3319800116
306	0,353062696767	0,352082364105	1,365302611971	1,274960777994	0,050281543285	0,114286273718	45090,4232088657
307	0,348806948497	0,347892318725	1,352154908202	1,254488064756	0,050281543285	0,114286273718	45090,5099227894
308	0,350462695891	0,350469030692	1,36099021025	1,264564612228	0,050281543285	0,114286273718	45090,6031133102
309	0,35037539722	0,350470369674	1,3605773707	1,264583274201	0,050281543285	0,114286273718	45090,6963984606
310	0,350502917798	0,350617613301	1,360783800241	1,265207324441	0,050281543285	0,114286273718	45090,7895963773
311	0,350593229557	0,350844945597	1,360957831115	1,26670957217	0,050281543285	0,114286273718	45090,8826810648
312	0,350798365481	0,351276320265	1,360943990087	1,2697682414	0,050281543285	0,114286273718	45090,9751635995
313	0,351080276895	0,351020537732	1,36158417995	1,268242335804	0,050281543285	0,114286273718	45091,0676240741
314	0,350921740874	0,351175586348	1,36130257358	1,269467423175	0,050281543285	0,114286273718	45091,1602197801
315	0,350990316768	0,350930127814	1,361235561525	1,267795968008	0,050281543285	0,114286273718	45091,252879537
316	0,350799351035	0,350707421968	1,361063697502	1,267336534424	0,050281543285	0,114286273718	45091,3464948958
317	0,349832615662	0,349200670704	1,358544171707	1,258780699529	0,050281543285	0,114286273718	45091,4397661458
318	0,340458475453	0,341065067055	1,319927962765	1,227420382057	0,050281543285	0,114286273718	45091,5205867708
319	0,349903690683	0,350072513145	1,358581892122	1,263574708058	0,050281543285	0,114286273718	45091,6135710185
320	0,346381452013	0,346433956784	1,343357810888	1,248974845113	0,050281543285	0,114286273718	45091,6987771875
321	0,349925991274	0,350493553214	1,358260953529	1,266078784094	0,050281543285	0,114286273718	45091,7913479282
322	0,350482248299	0,350888819737	1,35954862678	1,268488876127	0,050281543285	0,114286273718	45091,8838579745
323	0,350980456186	0,351442957259	1,360427065969	1,272150022963	0,050281543285	0,114286273718	45091,9759062731
324	0,351400964882	0,351778793919	1,361140865061	1,274274801201	0,050281543285	0,114286273718	45092,0676039583
325	0,351667891131	0,351814898036	1,3616745121	1,27482895162	0,050281543285	0,114286273718	45092,1592718519
326	0,351726853167	0,351831756924	1,361772610896	1,274960286485	0,050281543285	0,114286273718	45092,2508120949
327	0,351755315745	0,351771026653	1,361785214172	1,274474467398	0,050281543285	0,114286273718	45092,3421786227
328	0,351363077957	5,46791E-7	1,361141021429	1,746334E-6	0,050281543285	0,114286273718	45092,4411855093
329	5,08634063223214E-14	0,192774260252	1,9100941774949E-13	0,67608194947	0,055735364556	0,131098598242	45092,6764839815
330	0,355062080705	0,349958824529	1,376827066816	1,262162683154	0,055735364556	0,131098598242	45092,7701997801
331	0,349790770352	0,349740569016	1,358436087156	1,261605312149	0,055735364556	0,131098598242	45092,8631191667
332	0,349646241748	0,349597201182	1,357774822655	1,261144993951	0,055735364556	0,131098598242	45092,955960463
333	0,349383783628	0,34935956968	1,356866478708	1,260137615757	0,055735364556	0,131098598242	45093,0488720023
334	0,349244470653	0,349312988125	1,356429554837	1,259872120321	0,055735364556	0,131098598242	45093,1419428588
335	0,349143828789	0,349260077256	1,35589041664	1,259995403175	0,055735364556	0,131098598242	45093,2349517824
336	0,338846805516	0,338879153821	1,312774290201	1,218412183441	0,055735364556	0,131098598242	45093,3143897454
337	0,348744277401	0,348973349426	1,354900390977	1,258891240049	0,055735364556	0,131098598242	45093,4074698495
338	0,348944918834	0,349093434748	1,355181286992	1,25964607332	0,055735364556	0,131098598242	45093,5003849074
339	0,349029118742	0,349085764334	1,355402645068	1,259502743934	0,055735364556	0,131098598242	45093,5932586806
340	0,348956126555	0,348991438573	1,355148221403	1,259041047728	0,055735364556	0,131098598242	45093,6860894792
341	0,348869410945	0,348898483155	1,354943012084	1,258619938168	0,055735364556	0,131098598242	45093,7790806944
342	0,348733247764	0,348797683538	1,354465098838	1,258191855177	0,055735364556	0,131098598242	45093,8719795718
343	0,348645120567	0,34864522493	1,354173083959	1,257557926003	0,055735364556	0,131098598242	45093,9648743518
344	0,348500707755	0,348557387431	1,353711475501	1,257188802834	0,055735364556	0,131098598242	45094,0578551157
345	0,348401018584	0,348459207918	1,353372254996	1,256846084047	0,055735364556	0,131098598242	45094,1508092708
346	0,348302470177	0,348372695196	1,353022129032	1,256522948796	0,055735364556	0,131098598242	45094,2437308102
347	0,348206236429	0,348230634973	1,352644033794	1,256005349507	0,055735364556	0,131098598242	45094,3365815741
348	0,348091682177	0,348162159055	1,352247504416	1,255755077481	0,055735364556	0,131098598242	45094,4294393634
349	0,348034125891	0,348104051005	1,352026211505	1,255573899215	0,055735364556	0,131098598242	45094,5222813657
350	0,34793515842	0,348026575229	1,351650503787	1,255236118983	0,055735364556	0,131098598242	45094,615060625
351	0,347914415166	0,34791677809	1,351595969086	1,254798822816	0,055735364556	0,131098598242	45094,7079780903
352	0,347724130643	0,347764380092	1,350917107997	1,254203760825	0,055735364556	0,131098598242	45094,8007634838
353	0,347602271032	0,347617143881	1,350551235345	1,253582242882	0,055735364556	0,131098598242	45094,893592581
354	0,347477213007	0,34754350384	1,350147298768	1,253326494804	0,055735364556	0,131098598242	45094,9864611921
355	0,347376052604	0,347432393156	1,349756570966	1,252943586882	0,055735364556	0,131098598242	45095,0792538889
356	0,347281422085	0,34733553376	1,349412222079	1,252612263049	0,055735364556	0,131098598242	45095,1720281481
357	0,347174760838	0,347247714486	1,349043302759	1,252303484229	0,055735364556	0,131098598242	45095,2647335532
358	0,347126431907	0,347164977737	1,348878389387	1,251977847569	0,055735364556	0,131098598242	45095,3575311921
359	0,347002951838	0,347103062137	1,348430197871	1,251770819652	0,055735364556	0,131098598242	45095,4501909954
360	0,34699204352	0,347077222891	1,348356396716	1,251740438097	0,055735364556	0,131098598242	45095,5429159954
361	0,346921766441	0,346985514052	1,348095272812	1,251386241146	0,055735364556	0,131098598242	45095,6356474653
362	0,346822454656	0,346882137356	1,347745664379	1,250979431225	0,055735364556	0,131098598242	45095,7283165162
363	0,346705414765	0,346729697186	1,347328599154	1,250351888986	0,055735364556	0,131098598242	45095,8209085301
364	0,346592546073	0,346669056137	1,346999707251	1,250108292454	0,055735364556	0,131098598242	45095,9136062384
365	0,346530914768	0,346578618881	1,346799174271	1,24975802453	0,055735364556	0,131098598242	45096,0063710069
366	0,346435382544	0,346519217419	1,34646838743	1,249571573006	0,055735364556	0,131098598242	45096,0991122917
367	0,346368905399	0,346413312598	1,346215507026	1,249173096351	0,055735364556	0,131098598242	45096,1918510532
368	0,346253423491	0,346262230905	1,345812002641	1,248543356477	0,055735364556	0,131098598242	45096,2845601042
369	0,346017031022	0,346153634353	1,345072127869	1,248230313562	0,055735364556	0,131098598242	45096,3772838426
370	0,346077790548	0,34616012516	1,34510928316	1,24843138067	0,055735364556	0,131098598242	45096,4698516667
371	0,346088631806	0,346147214755	1,345134212799	1,248278276078	0,055735364556	0,131098598242	45096,5625728125
372	0,346010806754	0,346104600337	1,344872452473	1,248094806088	0,055735364556	0,131098598242	45096,6552769444
373	0,345985916776	0,345932822746	1,344728718487	1,247265338101	0,055735364556	0,131098598242	45096,7480058681
374	0,345750024493	0,345688716754	1,343950582065	1,24608090906	0,055735364556	0,131098598242	45096,8406965162
375	0,345518970485	0,345704162274	1,343402707246	1,246361277698	0,055735364556	0,131098598242	45096,9334590972
376	0,345547273977	0,345612486073	1,34331076673	1,246144868646	0,055735364556	0,131098598242	45097,0261481944
377	0,345489120797	0,34556340013	1,343096966883	1,24598041114	0,055735364556	0,131098598242	45097,1188607176
378	0,345399459487	0,345467850678	1,342775054568	1,245627139362	0,055735364556	0,131098598242	45097,2115701852
379	0,345261511703	5,26234E-7	1,342247358452	1,693444E-6	0,055735364556	0,131098598242	45097,3111356366
380	7,62951094834821E-14	0,190158512332	2,86646553094117E-13	0,666979233107	0,056492835283	0,134055674076	45097,5446044329
