TesterID:	Maccor#2														
Channel Number:	53														
TestName:	KAI_Zelltest_regulaer_fix_no_degass_flag.000														
TestDesc:	Regular cycling: formation, followed by pulse, C-rate quick charge and cycling t														
StartDateTime:	45056,3161616898														
Comment:															
															
									Charge			Discharge			
Cycle	AH-IN	AH-OUT	WH-IN	WH-OUT	ACR	DCIR	T1_Start	T1_End	T1_Min	T1_Max	T1_Start	T1_End	T1_Min	T1_Max	Date
0		6,58397548383815E-9		2,41439425706312E-11	0	0					0,104823000729	0,104823000729	0,104823000729	0,104823000729	45057,5663132639
1	0,5215546624	0,440167412299	1,936932746585	1,61294792776	0	0	0,104823000729	0,13826879859	0,088100090623	0,13826879859	0,13826879859	0,13826879859	0,121545895934	0,154991701245	45058,0042263889
2	0,449581056274	0,441684345153	1,688664230813	1,619058658233	0	0	0,13826879859	0,13826879859	0,121545895934	0,154991701245	0,13826879859	0,13826879859	0,121545895934	0,154991701245	45058,4174537616
3	0,460881362113	6,6135E-8	1,735933401444	2,12343E-7	0	0	0,13826879859	0,13826879859	0,13826879859	0,154991701245	0,13826879859	0,13826879859	0,13826879859	0,154991701245	45058,903596412
4	6,04002950077567E-13	7,8202E-8	2,26701407378268E-12	2,5363E-7	0,04559886083	0,128141522408	0,13826879859	0,13826879859	0,13826879859	0,13826879859	0,13826879859	0,13826879859	0,13826879859	0,154991701245	45059,2061414236
5	0,45070521023	0,44568573922	1,706470600072	1,634788980039	0,04559886083	0,128141522408	0,154991701245	0,13826879859	0,121545895934	0,154991701245	0,13826879859	0,13826879859	0,121545895934	0,154991701245	45059,4702623495
6	0,449458519138	0,444603989019	1,701243223305	1,63102836849	0,04559886083	0,128141522408	0,13826879859	0,13826879859	0,13826879859	0,154991701245	0,13826879859	0,13826879859	0,13826879859	0,154991701245	45059,7403151736
7	0,448264659664	0,443731206242	1,696407176634	1,627962739997	0,04559886083	0,128141522408	0,13826879859	0,154991701245	0,13826879859	0,154991701245	0,13826879859	0,13826879859	0,13826879859	0,154991701245	45060,0095088542
8	0,447259468566	0,422484278265	1,692358221586	1,522685585804	0,04559886083	0,128141522408	0,154991701245	0,154991701245	0,13826879859	0,154991701245	0,13826879859	0,13826879859	0,13826879859	0,154991701245	45060,1968064005
9	0,425008528962	0,421365702106	1,615288052077	1,51891471839	0,04559886083	0,128141522408	0,154991701245	0,13826879859	0,13826879859	0,154991701245	0,13826879859	0,13826879859	0,121545895934	0,154991701245	45060,3778009838
10	0,423919576764	0,420654107159	1,611073102378	1,516662490739	0,04559886083	0,128141522408	0,13826879859	0,13826879859	0,13826879859	0,154991701245	0,13826879859	0,13826879859	0,13826879859	0,154991701245	45060,5582388194
11	0,423126297356	0,356285989097	1,607986442007	1,254971070744	0,04559886083	0,128141522408	0,13826879859	0,13826879859	0,13826879859	0,154991701245	0,13826879859	0,154991701245	0,121545895934	0,154991701245	45060,7167212153
12	0,358120790765	0,356841424062	1,377566821455	1,257680868607	0,04559886083	0,128141522408	0,154991701245	0,154991701245	0,13826879859	0,154991701245	0,154991701245	0,13826879859	0,13826879859	0,154991701245	45060,8572355787
13	0,358844712006	0,35633506084	1,379905352754	1,25601765209	0,04559886083	0,128141522408	0,13826879859	0,154991701245	0,13826879859	0,154991701245	0,13826879859	0,154991701245	0,13826879859	0,154991701245	45060,9978448843
14	0,358316059742	0,435582623292	1,377735144019	1,599177037501	0,04559886083	0,128141522408	0,13826879859	0,13826879859	0,13826879859	0,154991701245	0,13826879859	0,13826879859	0,13826879859	0,154991701245	45061,2393737963
15	0,43915154877	0,436259986103	1,661347272974	1,601672313113	0,04559886083	0,128141522408	0,13826879859	0,13826879859	0,13826879859	0,154991701245	0,154991701245	0,13826879859	0,13826879859	0,154991701245	45061,5029718403
16	0,439969788759	1,02574E-7	1,664055248226	3,25642E-7	0,04559886083	0,128141522408	0,154991701245	0,154991701245	0,104823000729	0,188437521458	0,154991701245	0,154991701245	0,13826879859	0,154991701245	45061,7738572338
17	0,383727370068	0,382529585548	1,459327853398	1,38363316493	0,04559886083	0,128141522408	0,154991701245	0,154991701245	0,13826879859	0,154991701245	0,154991701245	0,154991701245	0,13826879859	0,171714603901	45061,9181962847
18	0,383678309134	0,382027445263	1,458713359069	1,381690041917	0,04559886083	0,128141522408	0,154991701245	0,154991701245	0,13826879859	0,154991701245	0,154991701245	0,154991701245	0,13826879859	0,154991701245	45062,0692766782
19	0,383470395426	0,381721767428	1,457620886223	1,380497293848	0,04559886083	0,128141522408	0,154991701245	0,154991701245	0,13826879859	0,154991701245	0,13826879859	0,154991701245	0,13826879859	0,171714603901	45062,2202584028
20	0,355963128326	0,346242828393	1,381753836939	1,243932057997	0,04559886083	0,128141522408	0,154991701245	0,154991701245	0,13826879859	0,154991701245	0,154991701245	0,154991701245	0,13826879859	0,154991701245	45062,3432751157
21	0,347195214461	0,337230565731	1,347053134291	1,212123297152	0,04559886083	0,128141522408	0,154991701245	0,154991701245	0,13826879859	0,154991701245	0,154991701245	0,154991701245	0,13826879859	0,154991701245	45062,4634758565
22	0,338249051272	1,07037E-7	1,312349245248	3,2669E-7	0,04559886083	0,128141522408	0,154991701245	0,154991701245	0,13826879859	0,154991701245	0,154991701245	0,154991701245	0,13826879859	0,154991701245	45062,5882250926
23	1,21436382594542E-12	0,237645936326	4,54592906702358E-12	0,833297957901	0,042192459106	0,108374267817	0,154991701245	0,154991701245	0,154991701245	0,154991701245	0,154991701245	0,154991701245	0,13826879859	0,154991701245	45062,8597776968
24	0,415381205885	0,406062464276	1,60059292139	1,465403231336	0,042192459106	0,108374267817	0,154991701245	0,154991701245	0,13826879859	0,154991701245	0,154991701245	0,154991701245	0,13826879859	0,154991701245	45062,9670704282
25	0,407663411472	0,405097521669	1,573934637995	1,462078360775	0,042192459106	0,108374267817	0,154991701245	0,154991701245	0,13826879859	0,171714603901	0,154991701245	0,154991701245	0,13826879859	0,171714603901	45063,0732721644
26	0,406651138582	0,404291589093	1,570108293354	1,459259571874	0,042192459106	0,108374267817	0,154991701245	0,154991701245	0,13826879859	0,154991701245	0,154991701245	0,154991701245	0,13826879859	0,154991701245	45063,1791668287
27	0,405850148783	0,403607005156	1,567084383504	1,456881922468	0,042192459106	0,108374267817	0,154991701245	0,154991701245	0,13826879859	0,154991701245	0,154991701245	0,154991701245	0,13826879859	0,154991701245	45063,284843912
28	0,405245854171	0,40304125488	1,56478210255	1,454948032398	0,042192459106	0,108374267817	0,154991701245	0,154991701245	0,13826879859	0,154991701245	0,154991701245	0,154991701245	0,13826879859	0,154991701245	45063,3905462616
29	0,404528377647	0,402372217346	1,562056998257	1,452554146838	0,042192459106	0,108374267817	0,154991701245	0,154991701245	0,13826879859	0,154991701245	0,154991701245	0,154991701245	0,13826879859	0,154991701245	45063,4958473611
30	0,403974744844	0,401837419784	1,559976021313	1,45072351759	0,042192459106	0,108374267817	0,154991701245	0,154991701245	0,13826879859	0,154991701245	0,154991701245	0,154991701245	0,13826879859	0,171714603901	45063,6011230671
31	0,403350961278	0,401081888814	1,557563880452	1,447932110724	0,042192459106	0,108374267817	0,154991701245	0,13826879859	0,13826879859	0,154991701245	0,121545895934	0,13826879859	0,121545895934	0,13826879859	45063,7059414468
32	0,402739760772	0,400751174098	1,555417037704	1,446866792379	0,042192459106	0,108374267817	0,13826879859	0,154991701245	0,121545895934	0,154991701245	0,154991701245	0,154991701245	0,13826879859	0,154991701245	45063,8109000231
33	0,402367314145	0,400286157952	1,553847117933	1,445216081857	0,042192459106	0,108374267817	0,154991701245	0,154991701245	0,13826879859	0,154991701245	0,154991701245	0,154991701245	0,13826879859	0,154991701245	45063,9156176273
34	0,401916490582	0,399838063848	1,552172236197	1,443642682273	0,042192459106	0,108374267817	0,154991701245	0,154991701245	0,13826879859	0,154991701245	0,154991701245	0,13826879859	0,13826879859	0,154991701245	45064,0203921296
35	0,401370154815	0,399340720189	1,550058589883	1,441868085949	0,042192459106	0,108374267817	0,154991701245	0,154991701245	0,13826879859	0,154991701245	0,154991701245	0,154991701245	0,13826879859	0,154991701245	45064,1247741898
36	0,400952192042	0,398905443452	1,548489777408	1,440330080829	0,042192459106	0,108374267817	0,154991701245	0,13826879859	0,13826879859	0,154991701245	0,154991701245	0,13826879859	0,13826879859	0,154991701245	45064,2291468287
37	0,400548876391	0,398569598527	1,546979637173	1,439240647996	0,042192459106	0,108374267817	0,154991701245	0,154991701245	0,13826879859	0,154991701245	0,154991701245	0,154991701245	0,13826879859	0,154991701245	45064,3335224421
38	0,400165700496	0,39813952236	1,545432945485	1,437703506201	0,042192459106	0,108374267817	0,154991701245	0,154991701245	0,13826879859	0,154991701245	0,154991701245	0,154991701245	0,13826879859	0,154991701245	45064,4376829398
39	0,399732417942	0,397777882695	1,543758403188	1,436445514597	0,042192459106	0,108374267817	0,154991701245	0,154991701245	0,13826879859	0,154991701245	0,154991701245	0,154991701245	0,13826879859	0,154991701245	45064,5415917593
40	0,399394956889	0,397436905018	1,542452247102	1,435235703346	0,042192459106	0,108374267817	0,154991701245	0,154991701245	0,13826879859	0,154991701245	0,154991701245	0,154991701245	0,13826879859	0,154991701245	45064,6455260417
41	0,398996152523	0,397080311	1,540958357893	1,433975203315	0,042192459106	0,108374267817	0,154991701245	0,154991701245	0,13826879859	0,154991701245	0,154991701245	0,154991701245	0,13826879859	0,154991701245	45064,7494206829
42	0,398658437247	0,396756203867	1,539632552279	1,432887725356	0,042192459106	0,108374267817	0,154991701245	0,154991701245	0,13826879859	0,154991701245	0,154991701245	0,154991701245	0,154991701245	0,171714603901	45064,8531503241
43	0,398302719426	0,396378890219	1,538264942421	1,431536027847	0,042192459106	0,108374267817	0,154991701245	0,154991701245	0,13826879859	0,154991701245	0,154991701245	0,154991701245	0,13826879859	0,171714603901	45064,9568006713
44	0,397935504841	0,396039250671	1,536893887304	1,43033356448	0,042192459106	0,108374267817	0,154991701245	0,154991701245	0,13826879859	0,171714603901	0,154991701245	0,154991701245	0,13826879859	0,154991701245	45065,0603657755
45	0,397536078063	0,395651811601	1,53534368251	1,428922566764	0,042192459106	0,108374267817	0,154991701245	0,154991701245	0,13826879859	0,154991701245	0,154991701245	0,154991701245	0,13826879859	0,154991701245	45065,1635683218
46	0,397283200768	0,395375358392	1,534402056941	1,427974878536	0,042192459106	0,108374267817	0,154991701245	0,154991701245	0,13826879859	0,154991701245	0,154991701245	0,154991701245	0,13826879859	0,154991701245	45065,2668813079
47	0,396942409075	0,395055080003	1,533119682163	1,426833364982	0,042192459106	0,108374267817	0,154991701245	0,154991701245	0,13826879859	0,154991701245	0,154991701245	0,154991701245	0,13826879859	0,154991701245	45065,3701501273
48	0,396658420707	0,394800594273	1,53202990289	1,426011796059	0,042192459106	0,108374267817	0,154991701245	0,154991701245	0,13826879859	0,154991701245	0,154991701245	0,154991701245	0,13826879859	0,154991701245	45065,4734543634
49	0,396382154031	0,394508684735	1,530915792067	1,425000218139	0,042192459106	0,108374267817	0,154991701245	0,154991701245	0,13826879859	0,154991701245	0,154991701245	0,154991701245	0,13826879859	0,154991701245	45065,5766317245
50	0,396078900009	0,394223246717	1,529769214557	1,423989384738	0,042192459106	0,108374267817	0,154991701245	0,154991701245	0,13826879859	0,154991701245	0,154991701245	0,154991701245	0,13826879859	0,171714603901	45065,6796544444
51	0,395768194144	0,393959702217	1,528550564682	1,423079942334	0,042192459106	0,108374267817	0,154991701245	0,154991701245	0,13826879859	0,171714603901	0,154991701245	0,154991701245	0,13826879859	0,171714603901	45065,7825872569
52	0,395557318921	0,393636816016	1,52768474277	1,421926602839	0,042192459106	0,108374267817	0,154991701245	0,154991701245	0,154991701245	0,171714603901	0,154991701245	0,154991701245	0,154991701245	0,171714603901	45065,8853513773
53	0,395288526695	0,393390153716	1,526705040884	1,421057018503	0,042192459106	0,108374267817	0,154991701245	0,154991701245	0,154991701245	0,171714603901	0,154991701245	0,154991701245	0,154991701245	0,171714603901	45065,9882194444
54	0,395005627613	0,393103425677	1,525614709009	1,420030869218	0,042192459106	0,108374267817	0,154991701245	0,154991701245	0,154991701245	0,171714603901	0,154991701245	0,154991701245	0,154991701245	0,171714603901	45066,0909158681
55	0,394766916057	0,392854132467	1,524725203646	1,419152051825	0,042192459106	0,108374267817	0,154991701245	0,154991701245	0,154991701245	0,171714603901	0,154991701245	0,154991701245	0,13826879859	0,171714603901	45066,1936613426
56	0,39450397453	0,392613821309	1,523693723583	1,418313758336	0,042192459106	0,108374267817	0,154991701245	0,154991701245	0,154991701245	0,171714603901	0,154991701245	0,154991701245	0,154991701245	0,171714603901	45066,2963607755
57	0,394230884332	0,39235172324	1,52268090492	1,417399499174	0,042192459106	0,108374267817	0,154991701245	0,154991701245	0,13826879859	0,171714603901	0,154991701245	0,154991701245	0,13826879859	0,171714603901	45066,398887338
58	0,393994312611	0,392135930787	1,521739779426	1,416675281184	0,042192459106	0,108374267817	0,154991701245	0,154991701245	0,13826879859	0,171714603901	0,154991701245	0,154991701245	0,154991701245	0,171714603901	45066,5014154977
59	0,393732901404	0,391886706879	1,520686255464	1,415782611973	0,042192459106	0,108374267817	0,154991701245	0,154991701245	0,13826879859	0,171714603901	0,154991701245	0,154991701245	0,13826879859	0,171714603901	45066,6036906829
60	0,393525987853	0,391685188396	1,519881760734	1,415105348096	0,042192459106	0,108374267817	0,154991701245	0,154991701245	0,154991701245	0,171714603901	0,154991701245	0,154991701245	0,154991701245	0,171714603901	45066,7059005556
61	0,393381595528	0,39153662338	1,519323132979	1,414664243238	0,042192459106	0,108374267817	0,154991701245	0,154991701245	0,154991701245	0,171714603901	0,154991701245	0,154991701245	0,154991701245	0,171714603901	45066,8082673032
62	0,393126548002	0,391270564955	1,518254125905	1,413640050868	0,042192459106	0,108374267817	0,171714603901	0,171714603901	0,154991701245	0,171714603901	0,154991701245	0,154991701245	0,154991701245	0,171714603901	45066,9103816204
63	0,39288384629	0,391040662359	1,517383537453	1,412828871005	0,042192459106	0,108374267817	0,171714603901	0,154991701245	0,154991701245	0,171714603901	0,171714603901	0,154991701245	0,154991701245	0,171714603901	45067,012443044
64	0,392657575086	0,390824940694	1,516533014537	1,412069127828	0,042192459106	0,108374267817	0,154991701245	0,154991701245	0,154991701245	0,171714603901	0,154991701245	0,154991701245	0,154991701245	0,171714603901	45067,1144698843
65	0,392468263486	0,390647993897	1,515809313669	1,411460855969	0,042192459106	0,108374267817	0,154991701245	0,154991701245	0,154991701245	0,171714603901	0,171714603901	0,154991701245	0,154991701245	0,171714603901	45067,2165347454
66	0,392245647983	0,390415483915	1,514972674629	1,410620489916	0,042192459106	0,108374267817	0,154991701245	0,154991701245	0,154991701245	0,171714603901	0,171714603901	0,154991701245	0,154991701245	0,171714603901	45067,3185428009
67	0,39200063765	0,390242377518	1,514040636713	1,410035312559	0,042192459106	0,108374267817	0,154991701245	0,171714603901	0,154991701245	0,171714603901	0,154991701245	0,154991701245	0,154991701245	0,171714603901	45067,4204345139
68	0,391872745772	0,39010680238	1,513463140003	1,409626289878	0,042192459106	0,108374267817	0,171714603901	0,171714603901	0,154991701245	0,171714603901	0,171714603901	0,154991701245	0,154991701245	0,171714603901	45067,5222435185
69	0,391740739003	0,389954369839	1,512912659863	1,40912329943	0,042192459106	0,108374267817	0,171714603901	0,154991701245	0,154991701245	0,171714603901	0,171714603901	0,171714603901	0,154991701245	0,171714603901	45067,6240369792
70	0,391560716375	0,389764573249	1,512200600289	1,408462996052	0,042192459106	0,108374267817	0,171714603901	0,171714603901	0,154991701245	0,171714603901	0,154991701245	0,171714603901	0,154991701245	0,171714603901	45067,7257440625
71	0,391421002994	0,389650848607	1,511646778494	1,408115876086	0,042192459106	0,108374267817	0,171714603901	0,171714603901	0,154991701245	0,171714603901	0,171714603901	0,171714603901	0,154991701245	0,188437521458	45067,8274197107
72	0,391232726904	0,389389945189	1,510852810949	1,40709662795	0,042192459106	0,108374267817	0,171714603901	0,171714603901	0,154991701245	0,188437521458	0,171714603901	0,171714603901	0,154991701245	0,171714603901	45067,9289795023
73	0,390958226014	1,70828E-7	1,509878378129	5,47961E-7	0,042192459106	0,108374267817	0,171714603901	0,171714603901	0,154991701245	0,188437521458	0,171714603901	0,171714603901	0,154991701245	0,188437521458	45068,0373704977
74	5,08634063223214E-14	0,223205749071	1,90502025487596E-13	0,782760012949	0,042380489409	0,10941337049	0,171714603901	0,171714603901	0,154991701245	0,171714603901	0,171714603901	0,171714603901	0,154991701245	0,188437521458	45068,2960468866
75	0,398024021593	0,390031883124	1,534087439707	1,409358647726	0,042380489409	0,10941337049	0,171714603901	0,171714603901	0,154991701245	0,171714603901	0,171714603901	0,171714603901	0,154991701245	0,171714603901	45068,3984397338
76	0,39154552429	0,38949970821	1,511827412938	1,407331166278	0,042380489409	0,10941337049	0,171714603901	0,154991701245	0,154991701245	0,171714603901	0,171714603901	0,171714603901	0,154991701245	0,171714603901	45068,4999223264
77	0,391110595808	0,389251708623	1,51035324487	1,406466762082	0,042380489409	0,10941337049	0,171714603901	0,154991701245	0,154991701245	0,171714603901	0,171714603901	0,171714603901	0,154991701245	0,171714603901	45068,6015218287
78	0,390854095943	0,389021873423	1,509398699609	1,405696296174	0,042380489409	0,10941337049	0,171714603901	0,171714603901	0,154991701245	0,171714603901	0,171714603901	0,171714603901	0,154991701245	0,188437521458	45068,7031011806
79	0,390623659499	0,388830678515	1,508496426757	1,405148457519	0,042380489409	0,10941337049	0,171714603901	0,171714603901	0,154991701245	0,188437521458	0,171714603901	0,171714603901	0,171714603901	0,188437521458	45068,8044876042
80	0,390410915353	0,38857230322	1,507567355717	1,404121091447	0,042380489409	0,10941337049	0,171714603901	0,171714603901	0,171714603901	0,188437521458	0,171714603901	0,188437521458	0,154991701245	0,188437521458	45068,9057387269
81	0,390194289592	0,388361804591	1,506865317903	1,40331468878	0,042380489409	0,10941337049	0,171714603901	0,171714603901	0,154991701245	0,188437521458	0,171714603901	0,171714603901	0,154991701245	0,188437521458	45069,0071102893
82	0,389863649467	0,38805691895	1,505632992112	1,402195533825	0,042380489409	0,10941337049	0,171714603901	0,171714603901	0,154991701245	0,188437521458	0,171714603901	0,171714603901	0,154991701245	0,171714603901	45069,1082093056
83	0,389636045813	0,387841287142	1,504807314462	1,401405401747	0,042380489409	0,10941337049	0,171714603901	0,171714603901	0,154991701245	0,171714603901	0,154991701245	0,154991701245	0,154991701245	0,171714603901	45069,2092812153
84	0,389418701356	0,387611359538	1,504006320167	1,400559264505	0,042380489409	0,10941337049	0,171714603901	0,171714603901	0,154991701245	0,171714603901	0,171714603901	0,154991701245	0,154991701245	0,171714603901	45069,3102921181
85	0,389207336092	0,387427966229	1,503325367429	1,39980426477	0,042380489409	0,10941337049	0,171714603901	0,154991701245	0,154991701245	0,171714603901	0,154991701245	0,171714603901	0,154991701245	0,171714603901	45069,4114346296
86	0,389019221553	0,387300115758	1,502482472193	1,399551747476	0,042380489409	0,10941337049	0,154991701245	0,171714603901	0,154991701245	0,171714603901	0,171714603901	0,171714603901	0,154991701245	0,171714603901	45069,5123615625
87	0,388678118386	0,386711135531	1,500844419723	1,397260925941	0,042380489409	0,10941337049	0,154991701245	0,121545895934	0,121545895934	0,171714603901	0,121545895934	0,104823000729	0,104823000729	0,121545895934	45069,6129302662
88	0,388242497806	0,386748528399	1,500037160263	1,397400817838	0,042380489409	0,10941337049	0,104823000729	0,13826879859	0,104823000729	0,13826879859	0,13826879859	0,154991701245	0,121545895934	0,154991701245	45069,7140033218
89	0,388462361395	0,386840275598	1,500427159114	1,39796882071	0,042380489409	0,10941337049	0,154991701245	0,154991701245	0,13826879859	0,171714603901	0,154991701245	0,154991701245	0,154991701245	0,171714603901	45069,8148439352
90	0,388435329986	0,386730427807	1,50016349841	1,397595419632	0,042380489409	0,10941337049	0,171714603901	0,171714603901	0,154991701245	0,171714603901	0,171714603901	0,171714603901	0,154991701245	0,171714603901	45069,9156609375
91	0,388310466114	0,386575472441	1,499690453543	1,397042384025	0,042380489409	0,10941337049	0,154991701245	0,171714603901	0,154991701245	0,171714603901	0,154991701245	0,171714603901	0,154991701245	0,171714603901	45070,0164782755
92	0,388134414272	0,386403662	1,499013682672	1,396437868036	0,042380489409	0,10941337049	0,154991701245	0,171714603901	0,154991701245	0,171714603901	0,154991701245	0,154991701245	0,154991701245	0,171714603901	45070,1172344792
93	0,38798746872	0,386265449172	1,49848731621	1,395940370019	0,042380489409	0,10941337049	0,171714603901	0,171714603901	0,154991701245	0,171714603901	0,171714603901	0,171714603901	0,154991701245	0,171714603901	45070,2180795139
94	0,387824023158	0,386045918897	1,497874163476	1,395140586882	0,042380489409	0,10941337049	0,171714603901	0,171714603901	0,154991701245	0,171714603901	0,171714603901	0,171714603901	0,154991701245	0,171714603901	45070,318857338
95	0,387022087	0,38501385249	1,494827626423	1,391074253487	0,042380489409	0,10941337049	0,171714603901	0,088100090623	0,088100090623	0,171714603901	0,088100090623	0,088100090623	0,071377187967	0,104823000729	45070,4195411458
96	0,386575772063	0,384802068076	1,493773418246	1,390281808516	0,042380489409	0,10941337049	0,104823000729	0,088100090623	0,088100090623	0,104823000729	0,088100090623	0,088100090623	0,071377187967	0,104823000729	45070,5200597569
97	0,386331519186	0,384606998011	1,492931197936	1,389496110585	0,042380489409	0,10941337049	0,088100090623	0,088100090623	0,071377187967	0,104823000729	0,088100090623	0,088100090623	0,088100090623	0,104823000729	45070,6204414931
98	0,386424786453	0,384218552907	1,493189917091	1,388294444943	0,042380489409	0,10941337049	0,088100090623	0,088100090623	0,088100090623	0,104823000729	0,088100090623	0,121545895934	0,088100090623	0,13826879859	45070,7460070139
99	0,386302442671	0,384758142223	1,492525596412	1,390301959933	0,042380489409	0,10941337049	0,121545895934	0,13826879859	0,121545895934	0,13826879859	0,13826879859	0,13826879859	0,121545895934	0,154991701245	45070,8464804514
100	0,386340754695	0,384667756678	1,492485602401	1,390007995661	0,042380489409	0,10941337049	0,13826879859	0,13826879859	0,13826879859	0,154991701245	0,154991701245	0,13826879859	0,121545895934	0,154991701245	45070,9467676157
101	0,386230685512	0,384533369415	1,492052450353	1,38953031925	0,042380489409	0,10941337049	0,13826879859	0,13826879859	0,13826879859	0,154991701245	0,154991701245	0,13826879859	0,13826879859	0,154991701245	45071,0469950116
102	0,38614316008	0,384444297629	1,491714986275	1,38921587766	0,042380489409	0,10941337049	0,13826879859	0,154991701245	0,13826879859	0,154991701245	0,154991701245	0,154991701245	0,13826879859	0,154991701245	45071,1473128125
103	0,38596095826	0,384265997866	1,491007168424	1,388556487857	0,042380489409	0,10941337049	0,154991701245	0,13826879859	0,13826879859	0,154991701245	0,154991701245	0,154991701245	0,13826879859	0,154991701245	45071,2474198727
104	0,385887501426	0,384180752705	1,49071527203	1,388351323153	0,042380489409	0,10941337049	0,13826879859	0,154991701245	0,13826879859	0,154991701245	0,154991701245	0,121545895934	0,104823000729	0,154991701245	45071,3475321991
105	0,385367218031	0,383500092035	1,488957545757	1,385591271207	0,042380489409	0,10941337049	0,121545895934	0,104823000729	0,088100090623	0,121545895934	0,088100090623	0,088100090623	0,088100090623	0,104823000729	45071,4481662037
106	0,385067707057	0,383392919024	1,488051714598	1,38516295248	0,042380489409	0,10941337049	0,088100090623	0,104823000729	0,088100090623	0,104823000729	0,104823000729	0,104823000729	0,088100090623	0,121545895934	45071,5483108333
107	0,384965870909	0,383285689214	1,487634539561	1,384788158054	0,042380489409	0,10941337049	0,104823000729	0,104823000729	0,088100090623	0,121545895934	0,104823000729	0,104823000729	0,088100090623	0,121545895934	45071,6484389468
108	0,384909389429	0,383365794416	1,487399169271	1,385125926037	0,042380489409	0,10941337049	0,104823000729	0,121545895934	0,104823000729	0,121545895934	0,121545895934	0,121545895934	0,104823000729	0,13826879859	45071,7484746644
109	0,385024859346	0,383430311679	1,487588913873	1,385521844064	0,042380489409	0,10941337049	0,13826879859	0,13826879859	0,121545895934	0,13826879859	0,13826879859	0,13826879859	0,121545895934	0,154991701245	45071,8484324306
110	0,385005843954	0,383343806801	1,487409876685	1,385214839498	0,042380489409	0,10941337049	0,13826879859	0,13826879859	0,13826879859	0,154991701245	0,13826879859	0,13826879859	0,13826879859	0,154991701245	45071,9483517824
111	0,384932772806	0,383264983994	1,487134986323	1,38493524412	0,042380489409	0,10941337049	0,154991701245	0,13826879859	0,121545895934	0,154991701245	0,13826879859	0,13826879859	0,121545895934	0,154991701245	45072,0483074768
112	0,384801790251	0,383122864854	1,486600453368	1,384412645239	0,042380489409	0,10941337049	0,13826879859	0,13826879859	0,13826879859	0,154991701245	0,154991701245	0,13826879859	0,13826879859	0,154991701245	45072,1480743519
113	0,384731828314	0,383053152105	1,486359580244	1,384166656276	0,042380489409	0,10941337049	0,154991701245	0,13826879859	0,13826879859	0,154991701245	0,154991701245	0,13826879859	0,13826879859	0,154991701245	45072,2480418519
114	0,384602934974	0,382995053803	1,485834518325	1,384058199091	0,042380489409	0,10941337049	0,154991701245	0,13826879859	0,13826879859	0,154991701245	0,13826879859	0,154991701245	0,13826879859	0,154991701245	45072,3478614583
115	0,384560862541	0,382880080252	1,48562834699	1,383613834834	0,042380489409	0,10941337049	0,154991701245	0,154991701245	0,13826879859	0,154991701245	0,154991701245	0,154991701245	0,13826879859	0,154991701245	45072,4477995139
116	0,384349149698	0,382701811218	1,484803982304	1,382964955219	0,042380489409	0,10941337049	0,154991701245	0,154991701245	0,13826879859	0,154991701245	0,154991701245	0,13826879859	0,13826879859	0,154991701245	45072,5475019792
117	0,38424198726	0,382597204479	1,484423238501	1,382604211253	0,042380489409	0,10941337049	0,154991701245	0,13826879859	0,13826879859	0,154991701245	0,13826879859	0,154991701245	0,13826879859	0,154991701245	45072,6471315162
118	0,384141774815	0,382460310072	1,484054964765	1,382098908378	0,042380489409	0,10941337049	0,13826879859	0,13826879859	0,13826879859	0,154991701245	0,13826879859	0,13826879859	0,13826879859	0,154991701245	45072,7469151505
119	0,383986987019	0,382345367889	1,483491596697	1,381680040381	0,042380489409	0,10941337049	0,13826879859	0,13826879859	0,121545895934	0,154991701245	0,13826879859	0,13826879859	0,13826879859	0,154991701245	45072,8466005903
120	0,383869193633	0,382196826396	1,483067200988	1,381100702771	0,042380489409	0,10941337049	0,13826879859	0,13826879859	0,13826879859	0,154991701245	0,13826879859	0,13826879859	0,121545895934	0,154991701245	45072,9462582523
121	0,383726041134	0,3820715085	1,482568359922	1,380633114038	0,042380489409	0,10941337049	0,13826879859	0,13826879859	0,121545895934	0,154991701245	0,13826879859	0,13826879859	0,121545895934	0,154991701245	45073,0459240046
122	0,383601874175	0,381956560168	1,482124120259	1,38020124353	0,042380489409	0,10941337049	0,13826879859	0,13826879859	0,121545895934	0,154991701245	0,13826879859	0,13826879859	0,121545895934	0,154991701245	45073,145563287
123	0,38346220318	0,381810589186	1,48162007459	1,379621590921	0,042380489409	0,10941337049	0,13826879859	0,13826879859	0,121545895934	0,154991701245	0,13826879859	0,121545895934	0,121545895934	0,154991701245	45073,2450919792
124	0,383343638352	5,6598E-8	1,481172126322	1,805E-7	0,042380489409	0,10941337049	0,13826879859	0,13826879859	0,121545895934	0,154991701245	0,121545895934	0,13826879859	0,121545895934	0,13826879859	45073,3515493518
125	6,93013911141629E-13	0,216517530797	2,59634657741421E-12	0,759379374632	0,042401254177	0,108428448439	0,13826879859	0,13826879859	0,13826879859	0,13826879859	0,13826879859	0,13826879859	0,121545895934	0,154991701245	45073,6054608912
126	0,389699858775	0,382669551316	1,503078974619	1,382714513382	0,042401254177	0,108428448439	0,13826879859	0,13826879859	0,121545895934	0,154991701245	0,121545895934	0,13826879859	0,121545895934	0,154991701245	45073,7059075347
127	0,384178188904	0,382415137644	1,484154438309	1,381863684884	0,042401254177	0,108428448439	0,13826879859	0,13826879859	0,121545895934	0,154991701245	0,13826879859	0,13826879859	0,13826879859	0,154991701245	45073,8057301273
128	0,383898718985	0,382176159745	1,483046194664	1,381001554929	0,042401254177	0,108428448439	0,13826879859	0,13826879859	0,13826879859	0,154991701245	0,13826879859	0,13826879859	0,13826879859	0,154991701245	45073,9053643518
129	0,383660033923	0,381943701264	1,48215198146	1,380141370684	0,042401254177	0,108428448439	0,13826879859	0,13826879859	0,13826879859	0,154991701245	0,13826879859	0,13826879859	0,121545895934	0,154991701245	45074,0049214005
130	0,383441809803	0,381761571699	1,481352743071	1,3794775729	0,042401254177	0,108428448439	0,13826879859	0,13826879859	0,121545895934	0,154991701245	0,13826879859	0,13826879859	0,13826879859	0,154991701245	45074,1044205903
131	0,383277804015	0,381612929754	1,480749374945	1,378929415299	0,042401254177	0,108428448439	0,13826879859	0,13826879859	0,121545895934	0,154991701245	0,13826879859	0,13826879859	0,121545895934	0,154991701245	45074,2039325694
132	0,383123219387	0,381494162004	1,480178332895	1,378537910654	0,042401254177	0,108428448439	0,13826879859	0,13826879859	0,121545895934	0,154991701245	0,13826879859	0,13826879859	0,121545895934	0,154991701245	45074,3034766782
133	0,38297883799	0,381335315375	1,479573120219	1,377966351729	0,042401254177	0,108428448439	0,13826879859	0,13826879859	0,121545895934	0,154991701245	0,13826879859	0,13826879859	0,121545895934	0,154991701245	45074,4028107407
134	0,382831275964	0,381212605924	1,479019526712	1,377530167325	0,042401254177	0,108428448439	0,13826879859	0,13826879859	0,121545895934	0,154991701245	0,13826879859	0,13826879859	0,121545895934	0,154991701245	45074,5020846644
135	0,382741022902	0,381115721733	1,478678852153	1,377192697242	0,042401254177	0,108428448439	0,13826879859	0,13826879859	0,121545895934	0,154991701245	0,13826879859	0,13826879859	0,121545895934	0,154991701245	45074,6014586343
136	0,382615217017	0,381003385448	1,478200687178	1,376781338328	0,042401254177	0,108428448439	0,13826879859	0,13826879859	0,13826879859	0,154991701245	0,13826879859	0,13826879859	0,121545895934	0,154991701245	45074,7007448264
137	0,382539380273	0,380949030056	1,477917660803	1,376628681885	0,042401254177	0,108428448439	0,13826879859	0,13826879859	0,13826879859	0,154991701245	0,13826879859	0,13826879859	0,13826879859	0,154991701245	45074,8001001042
138	0,382447136699	0,380819928135	1,477501957027	1,376131324439	0,042401254177	0,108428448439	0,13826879859	0,154991701245	0,13826879859	0,154991701245	0,154991701245	0,13826879859	0,13826879859	0,154991701245	45074,8992489583
139	0,382307701408	0,380667513609	1,477012260948	1,375535835116	0,042401254177	0,108428448439	0,13826879859	0,154991701245	0,13826879859	0,154991701245	0,13826879859	0,13826879859	0,13826879859	0,154991701245	45074,9983919444
140	0,382188115699	0,380552559556	1,476604467867	1,375103803786	0,042401254177	0,108428448439	0,13826879859	0,154991701245	0,13826879859	0,154991701245	0,13826879859	0,13826879859	0,13826879859	0,154991701245	45075,0975969907
141	0,382066571124	0,380438864372	1,476143642615	1,374661921837	0,042401254177	0,108428448439	0,13826879859	0,13826879859	0,13826879859	0,154991701245	0,13826879859	0,13826879859	0,13826879859	0,154991701245	45075,1967317824
142	0,3819869567	0,380406631173	1,475872433969	1,374585183322	0,042401254177	0,108428448439	0,13826879859	0,13826879859	0,13826879859	0,154991701245	0,13826879859	0,13826879859	0,13826879859	0,154991701245	45075,2959574306
143	0,381936003355	0,380298059628	1,475605153641	1,37422008225	0,042401254177	0,108428448439	0,13826879859	0,13826879859	0,13826879859	0,154991701245	0,13826879859	0,13826879859	0,13826879859	0,154991701245	45075,3951213079
144	0,381803104361	0,380201251518	1,475138264361	1,373874201977	0,042401254177	0,108428448439	0,13826879859	0,13826879859	0,13826879859	0,154991701245	0,13826879859	0,13826879859	0,121545895934	0,154991701245	45075,4942442824
145	0,381719828583	0,380096608961	1,474772963446	1,373470572616	0,042401254177	0,108428448439	0,13826879859	0,13826879859	0,13826879859	0,154991701245	0,13826879859	0,13826879859	0,13826879859	0,154991701245	45075,5932214236
146	0,381645811857	0,380020371285	1,474511687966	1,373215328013	0,042401254177	0,108428448439	0,13826879859	0,13826879859	0,13826879859	0,154991701245	0,13826879859	0,154991701245	0,13826879859	0,154991701245	45075,6922029861
147	0,381583009232	0,379980291769	1,474257944295	1,373128151803	0,042401254177	0,108428448439	0,13826879859	0,13826879859	0,13826879859	0,154991701245	0,154991701245	0,154991701245	0,13826879859	0,154991701245	45075,7912656019
148	0,381530788426	0,379874472997	1,474032348059	1,372700284243	0,042401254177	0,108428448439	0,154991701245	0,154991701245	0,13826879859	0,154991701245	0,154991701245	0,13826879859	0,13826879859	0,154991701245	45075,8902174306
149	0,381426378487	0,37975691304	1,473674299019	1,372227164053	0,042401254177	0,108428448439	0,154991701245	0,154991701245	0,13826879859	0,154991701245	0,154991701245	0,154991701245	0,13826879859	0,154991701245	45075,989206088
150	0,381287252887	0,379644470579	1,473178051045	1,371785157313	0,042401254177	0,108428448439	0,154991701245	0,13826879859	0,13826879859	0,154991701245	0,13826879859	0,154991701245	0,13826879859	0,154991701245	45076,0881176852
151	0,381151346342	0,379516658471	1,472650629245	1,371312545495	0,042401254177	0,108428448439	0,154991701245	0,13826879859	0,13826879859	0,154991701245	0,154991701245	0,13826879859	0,13826879859	0,154991701245	45076,1869238079
152	0,381104204684	0,379493403298	1,472510510443	1,371246835162	0,042401254177	0,108428448439	0,13826879859	0,13826879859	0,13826879859	0,154991701245	0,154991701245	0,13826879859	0,13826879859	0,154991701245	45076,2859023843
153	0,380862898527	0,379018625191	1,471518281661	1,369819737511	0,042401254177	0,108428448439	0,154991701245	0,104823000729	0,104823000729	0,154991701245	0,104823000729	0,088100090623	0,071377187967	0,104823000729	45076,3850512616
154	0,380349267843	0,378621632917	1,470118836222	1,367780588602	0,042401254177	0,108428448439	0,088100090623	0,088100090623	0,071377187967	0,104823000729	0,088100090623	0,088100090623	0,088100090623	0,104823000729	45076,4839955671
155	0,377988233046	0,37658417287	1,460231948129	1,359942495859	0,042401254177	0,108428448439	0,088100090623	0,104823000729	0,088100090623	0,121545895934	0,121545895934	0,121545895934	0,104823000729	0,121545895934	45076,5772251736
156	0,380494358605	0,378873413133	1,470506725393	1,368721186128	0,042401254177	0,108428448439	0,121545895934	0,121545895934	0,104823000729	0,121545895934	0,121545895934	0,121545895934	0,121545895934	0,13826879859	45076,6762060995
157	0,380488208951	0,378895385278	1,470454574389	1,368831460225	0,042401254177	0,108428448439	0,121545895934	0,13826879859	0,121545895934	0,13826879859	0,121545895934	0,13826879859	0,121545895934	0,154991701245	45076,7751320718
158	0,380505997639	0,378979325579	1,470405553419	1,369386823168	0,042401254177	0,108428448439	0,13826879859	0,154991701245	0,121545895934	0,154991701245	0,13826879859	0,154991701245	0,13826879859	0,154991701245	45076,8739812153
159	0,380526471193	0,37891086492	1,470320130151	1,369116459618	0,042401254177	0,108428448439	0,13826879859	0,154991701245	0,13826879859	0,154991701245	0,154991701245	0,154991701245	0,13826879859	0,154991701245	45076,9727997685
160	0,380485431589	0,378875975802	1,470168511189	1,369004132557	0,042401254177	0,108428448439	0,13826879859	0,13826879859	0,13826879859	0,154991701245	0,13826879859	0,154991701245	0,13826879859	0,154991701245	45077,0716898495
161	0,380392417563	0,378780372731	1,469811083302	1,368642448411	0,042401254177	0,108428448439	0,13826879859	0,13826879859	0,13826879859	0,154991701245	0,13826879859	0,154991701245	0,13826879859	0,154991701245	45077,170406412
162	0,380329366055	0,37873001923	1,469566686687	1,368467940488	0,042401254177	0,108428448439	0,13826879859	0,154991701245	0,13826879859	0,154991701245	0,13826879859	0,154991701245	0,13826879859	0,154991701245	45077,2691442014
163	0,380285476661	0,378523347649	1,469302111325	1,367699090094	0,042401254177	0,108428448439	0,154991701245	0,154991701245	0,13826879859	0,154991701245	0,13826879859	0,121545895934	0,104823000729	0,13826879859	45077,3677964699
164	0,37996055051	0,378390333272	1,468307648417	1,367181433102	0,042401254177	0,108428448439	0,121545895934	0,121545895934	0,104823000729	0,13826879859	0,121545895934	0,121545895934	0,121545895934	0,13826879859	45077,4664451852
165	0,379980920957	0,378386440101	1,468330088337	1,367194284673	0,042401254177	0,108428448439	0,121545895934	0,13826879859	0,121545895934	0,13826879859	0,13826879859	0,13826879859	0,121545895934	0,13826879859	45077,5651518866
166	0,379801907406	0,378057075386	1,467577072778	1,3658299716	0,042401254177	0,108428448439	0,13826879859	0,121545895934	0,121545895934	0,13826879859	0,121545895934	0,121545895934	0,104823000729	0,121545895934	45077,6635735995
167	0,37965746762	0,378188874552	1,4673238369	1,366384413979	0,042401254177	0,108428448439	0,121545895934	0,121545895934	0,121545895934	0,13826879859	0,13826879859	0,13826879859	0,121545895934	0,154991701245	45077,7622898843
168	0,379830653625	0,378288297463	1,467700487917	1,366923471191	0,042401254177	0,108428448439	0,13826879859	0,154991701245	0,13826879859	0,154991701245	0,154991701245	0,154991701245	0,13826879859	0,154991701245	45077,8608584838
169	0,379863728323	0,378248279829	1,467761225216	1,366743454213	0,042401254177	0,108428448439	0,154991701245	0,13826879859	0,13826879859	0,154991701245	0,154991701245	0,154991701245	0,13826879859	0,154991701245	45077,9595066782
170	0,379801843942	0,378188802494	1,467541916611	1,366517320486	0,042401254177	0,108428448439	0,154991701245	0,154991701245	0,13826879859	0,171714603901	0,154991701245	0,154991701245	0,13826879859	0,171714603901	45078,0582059954
171	0,379668344198	0,378064850916	1,467022433218	1,366030263356	0,042401254177	0,108428448439	0,154991701245	0,154991701245	0,13826879859	0,171714603901	0,154991701245	0,154991701245	0,13826879859	0,171714603901	45078,1566799884
172	0,379604852354	0,378010560587	1,466819332284	1,36580752388	0,042401254177	0,108428448439	0,154991701245	0,154991701245	0,13826879859	0,171714603901	0,154991701245	0,154991701245	0,13826879859	0,171714603901	45078,2552995486
173	0,379534373929	0,377872389086	1,466501220374	1,365424473704	0,042401254177	0,108428448439	0,154991701245	0,154991701245	0,13826879859	0,171714603901	0,154991701245	0,121545895934	0,104823000729	0,171714603901	45078,353762419
174	0,379128454149	0,377455206583	1,465268556637	1,363550050504	0,042401254177	0,108428448439	0,121545895934	0,121545895934	0,104823000729	0,121545895934	0,104823000729	0,121545895934	0,104823000729	0,121545895934	45078,4522915625
175	0,378979043194	3,3922E-8	1,464735573841	1,07684E-7	0,042401254177	0,108428448439	0,121545895934	0,121545895934	0,104823000729	0,121545895934	0,121545895934	0,121545895934	0,104823000729	0,13826879859	45078,5577691551
176	0	0,212915517066	0	0,746803269811	0,044293124229	0,110838055611	0,121545895934	0,13826879859	0,121545895934	0,13826879859	0,13826879859	0,154991701245	0,121545895934	0,154991701245	45078,8090735417
177	0,384932258908	0,378615114555	1,485156788745	1,367928300835	0,044293124229	0,110838055611	0,154991701245	0,154991701245	0,13826879859	0,154991701245	0,154991701245	0,154991701245	0,13826879859	0,171714603901	45078,9082942477
178	0,380099248295	0,378364489573	1,468550022289	1,367016712299	0,044293124229	0,110838055611	0,154991701245	0,154991701245	0,13826879859	0,171714603901	0,154991701245	0,154991701245	0,13826879859	0,171714603901	45079,006821331
179	0,379908114029	0,378219811369	1,467820546862	1,36652352553	0,044293124229	0,110838055611	0,154991701245	0,171714603901	0,154991701245	0,171714603901	0,154991701245	0,154991701245	0,154991701245	0,171714603901	45079,1054082176
180	0,3797290095	0,378073954405	1,467125150376	1,366003802994	0,044293124229	0,110838055611	0,154991701245	0,154991701245	0,13826879859	0,171714603901	0,154991701245	0,154991701245	0,154991701245	0,171714603901	45079,2039316204
181	0,379607500948	0,378000270072	1,466675482986	1,365830033761	0,044293124229	0,110838055611	0,154991701245	0,154991701245	0,154991701245	0,171714603901	0,154991701245	0,171714603901	0,154991701245	0,171714603901	45079,3024486458
182	0,37928314933	0,377465559402	1,465288819755	1,363660222104	0,044293124229	0,110838055611	0,171714603901	0,121545895934	0,104823000729	0,171714603901	0,104823000729	0,104823000729	0,104823000729	0,121545895934	45079,4007310069
183	0,378897225268	0,37725629527	1,464308476343	1,362802569803	0,044293124229	0,110838055611	0,104823000729	0,104823000729	0,104823000729	0,121545895934	0,104823000729	0,104823000729	0,088100090623	0,121545895934	45079,4991806481
184	0,378768123045	0,377172292237	1,463881876238	1,362438981044	0,044293124229	0,110838055611	0,121545895934	0,104823000729	0,104823000729	0,121545895934	0,104823000729	0,104823000729	0,104823000729	0,121545895934	45079,5976110069
185	0,378752415819	0,3772472916	1,463836634087	1,362872682847	0,044293124229	0,110838055611	0,104823000729	0,121545895934	0,104823000729	0,121545895934	0,121545895934	0,13826879859	0,121545895934	0,154991701245	45079,6961208218
186	0,378918079999	0,377373813263	1,464274126509	1,363431651825	0,044293124229	0,110838055611	0,13826879859	0,13826879859	0,121545895934	0,154991701245	0,13826879859	0,13826879859	0,13826879859	0,154991701245	45079,7946415741
187	0,378927966618	0,377333775921	1,464185982283	1,363309935675	0,044293124229	0,110838055611	0,154991701245	0,154991701245	0,13826879859	0,154991701245	0,154991701245	0,154991701245	0,13826879859	0,154991701245	45079,893071169
188	0,378853388939	0,377261435017	1,463910678441	1,36303129895	0,044293124229	0,110838055611	0,154991701245	0,154991701245	0,13826879859	0,171714603901	0,154991701245	0,154991701245	0,13826879859	0,171714603901	45079,9914810995
189	0,378799027311	0,377202018082	1,463718457099	1,362823181461	0,044293124229	0,110838055611	0,154991701245	0,154991701245	0,13826879859	0,171714603901	0,154991701245	0,154991701245	0,13826879859	0,171714603901	45080,0899111574
190	0,378707409111	0,377112916415	1,46336281413	1,362487835942	0,044293124229	0,110838055611	0,154991701245	0,154991701245	0,154991701245	0,171714603901	0,154991701245	0,154991701245	0,154991701245	0,171714603901	45080,1882352546
191	0,378625574704	0,377061240677	1,463047082681	1,362324697277	0,044293124229	0,110838055611	0,154991701245	0,154991701245	0,13826879859	0,171714603901	0,154991701245	0,171714603901	0,154991701245	0,171714603901	45080,2865129514
192	0,378566895735	0,376964387426	1,462810997495	1,361961574427	0,044293124229	0,110838055611	0,154991701245	0,154991701245	0,154991701245	0,171714603901	0,154991701245	0,154991701245	0,13826879859	0,171714603901	45080,3848165394
193	0,378498739852	0,376930815037	1,462559697581	1,361870182751	0,044293124229	0,110838055611	0,154991701245	0,171714603901	0,154991701245	0,171714603901	0,154991701245	0,154991701245	0,154991701245	0,171714603901	45080,4830090046
194	0,378463811341	0,376879092461	1,462401117921	1,361702373809	0,044293124229	0,110838055611	0,154991701245	0,171714603901	0,154991701245	0,171714603901	0,154991701245	0,154991701245	0,154991701245	0,171714603901	45080,581228125
195	0,378407195827	0,376828708442	1,462181743354	1,361519850739	0,044293124229	0,110838055611	0,154991701245	0,154991701245	0,154991701245	0,171714603901	0,154991701245	0,154991701245	0,154991701245	0,171714603901	45080,6794922801
196	0,378342855303	0,376793870402	1,461933144006	1,361439338507	0,044293124229	0,110838055611	0,154991701245	0,171714603901	0,154991701245	0,171714603901	0,154991701245	0,154991701245	0,154991701245	0,171714603901	45080,7777011458
197	0,378316849526	0,376737041141	1,461775883611	1,361239251927	0,044293124229	0,110838055611	0,171714603901	0,171714603901	0,154991701245	0,171714603901	0,171714603901	0,171714603901	0,154991701245	0,171714603901	45080,875858125
198	0,378246642216	0,376658273858	1,461522992739	1,360883785832	0,044293124229	0,110838055611	0,154991701245	0,171714603901	0,154991701245	0,171714603901	0,171714603901	0,171714603901	0,154991701245	0,188437521458	45080,9739741204
199	0,378155892743	0,376580778796	1,46121011702	1,360587952114	0,044293124229	0,110838055611	0,171714603901	0,171714603901	0,154991701245	0,188437521458	0,171714603901	0,171714603901	0,154991701245	0,188437521458	45081,0720855324
200	0,378109344132	0,376560090106	1,461047565035	1,360527294715	0,044293124229	0,110838055611	0,171714603901	0,171714603901	0,154991701245	0,188437521458	0,171714603901	0,171714603901	0,154991701245	0,171714603901	45081,1701844213
201	0,378083513461	0,376523978782	1,460930203238	1,360398238033	0,044293124229	0,110838055611	0,171714603901	0,171714603901	0,154991701245	0,171714603901	0,171714603901	0,171714603901	0,154991701245	0,188437521458	45081,2683312616
202	0,378075072218	0,376521316719	1,460790686992	1,360459171124	0,044293124229	0,110838055611	0,171714603901	0,171714603901	0,154991701245	0,188437521458	0,154991701245	0,171714603901	0,154991701245	0,188437521458	45081,3664734491
203	0,377981413879	0,376412886745	1,460500921801	1,360005789593	0,044293124229	0,110838055611	0,171714603901	0,171714603901	0,154991701245	0,188437521458	0,171714603901	0,171714603901	0,154991701245	0,188437521458	45081,4644774306
204	0,377907404887	0,376344443461	1,460201413406	1,359779828943	0,044293124229	0,110838055611	0,171714603901	0,171714603901	0,154991701245	0,188437521458	0,171714603901	0,171714603901	0,154991701245	0,188437521458	45081,5624142708
205	0,377890109308	0,37633017119	1,460134720443	1,359716443501	0,044293124229	0,110838055611	0,171714603901	0,171714603901	0,154991701245	0,188437521458	0,171714603901	0,171714603901	0,154991701245	0,188437521458	45081,6604665509
206	0,377852862583	0,376312070599	1,459979545147	1,359665743355	0,044293124229	0,110838055611	0,171714603901	0,171714603901	0,154991701245	0,188437521458	0,171714603901	0,171714603901	0,154991701245	0,188437521458	45081,7585854398
207	0,377852735823	0,376306883591	1,459891773228	1,35972230271	0,044293124229	0,110838055611	0,171714603901	0,171714603901	0,171714603901	0,188437521458	0,171714603901	0,171714603901	0,171714603901	0,188437521458	45081,8566562384
208	0,377793574946	0,376224279725	1,459656280105	1,359364310319	0,044293124229	0,110838055611	0,188437521458	0,171714603901	0,171714603901	0,188437521458	0,188437521458	0,188437521458	0,171714603901	0,188437521458	45081,9546685417
209	0,37769204276	0,376128674324	1,459332480602	1,358983540584	0,044293124229	0,110838055611	0,188437521458	0,171714603901	0,171714603901	0,188437521458	0,188437521458	0,188437521458	0,171714603901	0,188437521458	45082,0525446296
210	0,377672101113	0,376115796133	1,45928633327	1,358948122814	0,044293124229	0,110838055611	0,171714603901	0,188437521458	0,171714603901	0,188437521458	0,188437521458	0,188437521458	0,171714603901	0,188437521458	45082,1506182639
211	0,377581763512	0,376005983522	1,458932581369	1,358507624245	0,044293124229	0,110838055611	0,171714603901	0,188437521458	0,171714603901	0,188437521458	0,171714603901	0,171714603901	0,171714603901	0,188437521458	45082,248523287
212	0,377549659623	0,375956911143	1,458804515397	1,358467580283	0,044293124229	0,110838055611	0,188437521458	0,171714603901	0,171714603901	0,188437521458	0,171714603901	0,154991701245	0,13826879859	0,188437521458	45082,3463509607
213	0,377041987984	0,375311038077	1,457333520669	1,355577756384	0,044293124229	0,110838055611	0,13826879859	0,121545895934	0,104823000729	0,13826879859	0,121545895934	0,121545895934	0,104823000729	0,13826879859	45082,4444125463
214	0,376811393602	0,375255453277	1,456595756918	1,355322120631	0,044293124229	0,110838055611	0,121545895934	0,121545895934	0,104823000729	0,121545895934	0,121545895934	0,121545895934	0,104823000729	0,13826879859	45082,5423340046
215	0,376775401949	0,375275890191	1,456444313319	1,355677820837	0,044293124229	0,110838055611	0,121545895934	0,121545895934	0,121545895934	0,13826879859	0,121545895934	0,121545895934	0,121545895934	0,13826879859	45082,6404309838
216	0,376819490782	0,375311046132	1,456483380685	1,355689460199	0,044293124229	0,110838055611	0,121545895934	0,121545895934	0,121545895934	0,13826879859	0,121545895934	0,13826879859	0,121545895934	0,154991701245	45082,7383998264
217	0,376907203554	0,37545961263	1,456676074536	1,356391883889	0,044293124229	0,110838055611	0,13826879859	0,154991701245	0,13826879859	0,154991701245	0,154991701245	0,154991701245	0,13826879859	0,171714603901	45082,8362155787
218	0,376952927603	0,37542479599	1,456738647271	1,356236268419	0,044293124229	0,110838055611	0,154991701245	0,154991701245	0,154991701245	0,171714603901	0,154991701245	0,154991701245	0,13826879859	0,171714603901	45082,9340206482
219	0,376897820996	0,375383433446	1,45657242491	1,356059986517	0,044293124229	0,110838055611	0,154991701245	0,154991701245	0,13826879859	0,171714603901	0,154991701245	0,154991701245	0,13826879859	0,171714603901	45083,0319551505
220	0,376806674745	0,375290474425	1,45625110553	1,355702006712	0,044293124229	0,110838055611	0,154991701245	0,154991701245	0,13826879859	0,171714603901	0,154991701245	0,154991701245	0,13826879859	0,171714603901	45083,1298246643
221	0,37681334014	0,37528264252	1,456319854264	1,355676247463	0,044293124229	0,110838055611	0,154991701245	0,154991701245	0,154991701245	0,171714603901	0,154991701245	0,154991701245	0,13826879859	0,171714603901	45083,227869537
222	0,376701542048	0,375219386457	1,455882754896	1,355554539628	0,044293124229	0,110838055611	0,154991701245	0,154991701245	0,13826879859	0,171714603901	0,154991701245	0,154991701245	0,154991701245	0,171714603901	45083,3257014468
223	0,376390396215	0,374769873689	1,45465652265	1,353493156793	0,044293124229	0,110838055611	0,154991701245	0,121545895934	0,121545895934	0,154991701245	0,121545895934	0,13826879859	0,121545895934	0,13826879859	45083,423905787
224	0,37620095462	0,374775822588	1,45430106409	1,353886407498	0,044293124229	0,110838055611	0,121545895934	0,121545895934	0,121545895934	0,13826879859	0,121545895934	0,154991701245	0,121545895934	0,154991701245	45083,5225758565
225	0,376398473595	0,374846074275	1,45471200093	1,354009469106	0,044293124229	0,110838055611	0,154991701245	0,13826879859	0,13826879859	0,154991701245	0,13826879859	0,13826879859	0,13826879859	0,154991701245	45083,6203912616
226	0,376272123321	1,29078E-7	1,454433515915	4,08226E-7	0,044293124229	0,110838055611	0,13826879859	0,13826879859	0,121545895934	0,154991701245	0,13826879859	0,154991701245	0,13826879859	0,154991701245	45083,725469375
227	2,10447343658605E-12	0,210604366765	7,88841779409179E-12	0,738694156065	0,045326594263	0,112315863371	0,171714603901	0,171714603901	0,154991701245	0,171714603901	0,171714603901	0,171714603901	0,154991701245	0,171714603901	45083,9752738657
228	0,381669172413	0,375822540624	1,473070977543	1,357620557239	0,045326594263	0,112315863371	0,171714603901	0,171714603901	0,154991701245	0,171714603901	0,171714603901	0,171714603901	0,154991701245	0,188437521458	45084,0737210301
229	0,377298246725	0,375664930821	1,458015437688	1,357096294856	0,045326594263	0,112315863371	0,171714603901	0,171714603901	0,154991701245	0,171714603901	0,171714603901	0,171714603901	0,154991701245	0,171714603901	45084,1716752199
230	0,37708190208	0,37552157443	1,457151284192	1,356588785264	0,045326594263	0,112315863371	0,171714603901	0,171714603901	0,154991701245	0,188437521458	0,171714603901	0,171714603901	0,154991701245	0,188437521458	45084,2694732176
231	0,376973368222	0,375278811235	1,456716160102	1,355639373534	0,045326594263	0,112315863371	0,171714603901	0,171714603901	0,154991701245	0,188437521458	0,154991701245	0,13826879859	0,121545895934	0,171714603901	45084,3674009838
232	0,376457425112	0,37489391131	1,455066300252	1,354044514708	0,045326594263	0,112315863371	0,121545895934	0,121545895934	0,121545895934	0,13826879859	0,121545895934	0,13826879859	0,121545895934	0,13826879859	45084,4651826736
233	0,376356041068	0,374846071521	1,454732647457	1,353857093854	0,045326594263	0,112315863371	0,13826879859	0,13826879859	0,121545895934	0,154991701245	0,13826879859	0,13826879859	0,13826879859	0,154991701245	45084,5629901389
234	0,376327019138	0,374869308467	1,454632967464	1,35393178345	0,045326594263	0,112315863371	0,13826879859	0,13826879859	0,13826879859	0,154991701245	0,154991701245	0,154991701245	0,13826879859	0,171714603901	45084,6608600463
235	0,376401250383	0,374911996216	1,454835232199	1,354141461534	0,045326594263	0,112315863371	0,171714603901	0,154991701245	0,154991701245	0,171714603901	0,171714603901	0,171714603901	0,154991701245	0,171714603901	45084,7588041782
236	0,376338722004	0,37494166569	1,454471388607	1,354530326621	0,045326594263	0,112315863371	0,171714603901	0,171714603901	0,154991701245	0,171714603901	0,154991701245	0,171714603901	0,154991701245	0,188437521458	45084,8566004745
237	0,376393462805	0,374896445154	1,454515628697	1,354335210412	0,045326594263	0,112315863371	0,171714603901	0,171714603901	0,154991701245	0,188437521458	0,171714603901	0,171714603901	0,154991701245	0,188437521458	45084,9543586111
238	0,376315700692	0,37482410849	1,4542539064	1,354046043345	0,045326594263	0,112315863371	0,171714603901	0,171714603901	0,171714603901	0,188437521458	0,171714603901	0,171714603901	0,171714603901	0,188437521458	45085,0520418171
239	0,376256101174	0,374756984266	1,454023186036	1,353787484253	0,045326594263	0,112315863371	0,171714603901	0,154991701245	0,154991701245	0,188437521458	0,171714603901	0,171714603901	0,154991701245	0,188437521458	45085,1497433333
240	0,376190817796	0,374696259502	1,453779413369	1,353568700865	0,045326594263	0,112315863371	0,171714603901	0,171714603901	0,171714603901	0,188437521458	0,171714603901	0,171714603901	0,171714603901	0,188437521458	45085,2474194676
241	0,376155182329	0,374693633044	1,453606982387	1,353664306028	0,045326594263	0,112315863371	0,171714603901	0,171714603901	0,171714603901	0,188437521458	0,171714603901	0,171714603901	0,171714603901	0,188437521458	45085,3450045486
242	0,376120728055	0,374614792644	1,453452818664	1,353280575837	0,045326594263	0,112315863371	0,171714603901	0,171714603901	0,154991701245	0,188437521458	0,171714603901	0,188437521458	0,154991701245	0,188437521458	45085,4426190278
243	0,376058793035	0,374603189217	1,453244697465	1,35331554942	0,045326594263	0,112315863371	0,171714603901	0,171714603901	0,171714603901	0,188437521458	0,188437521458	0,171714603901	0,171714603901	0,188437521458	45085,5402642014
244	0,376012714255	0,374405641896	1,452969382819	1,352116779134	0,045326594263	0,112315863371	0,188437521458	0,171714603901	0,171714603901	0,188437521458	0,171714603901	0,171714603901	0,171714603901	0,188437521458	45085,6376885301
245	0,375777637807	0,374306182743	1,45238191637	1,351904560811	0,045326594263	0,112315863371	0,171714603901	0,188437521458	0,171714603901	0,188437521458	0,188437521458	0,171714603901	0,171714603901	0,188437521458	45085,7352169329
246	0,375743165389	0,37429330625	1,452379891009	1,351889852768	0,045326594263	0,112315863371	0,171714603901	0,171714603901	0,154991701245	0,188437521458	0,171714603901	0,171714603901	0,154991701245	0,188437521458	45085,8328993171
247	0,375680036403	0,374220915117	1,452034994007	1,35163667191	0,045326594263	0,112315863371	0,171714603901	0,171714603901	0,154991701245	0,188437521458	0,171714603901	0,171714603901	0,154991701245	0,188437521458	45085,9304723495
248	0,375590145709	0,374127969871	1,451686997469	1,351275300599	0,045326594263	0,112315863371	0,171714603901	0,171714603901	0,154991701245	0,188437521458	0,171714603901	0,171714603901	0,154991701245	0,171714603901	45086,0279315509
249	0,375521166927	0,374040061376	1,451476703117	1,350920326627	0,045326594263	0,112315863371	0,154991701245	0,154991701245	0,154991701245	0,171714603901	0,154991701245	0,154991701245	0,154991701245	0,171714603901	45086,125472037
250	0,375447865729	0,373978078381	1,451257533707	1,350663935788	0,045326594263	0,112315863371	0,154991701245	0,154991701245	0,154991701245	0,171714603901	0,154991701245	0,154991701245	0,154991701245	0,171714603901	45086,2230604051
251	0,375386297745	0,373913481642	1,45103467874	1,350382250883	0,045326594263	0,112315863371	0,154991701245	0,154991701245	0,154991701245	0,171714603901	0,154991701245	0,154991701245	0,154991701245	0,171714603901	45086,3206508218
252	0,375295002618	0,373865710097	1,450738007547	1,350201454189	0,045326594263	0,112315863371	0,171714603901	0,171714603901	0,154991701245	0,171714603901	0,154991701245	0,171714603901	0,154991701245	0,171714603901	45086,418191794
253	0,375311862322	0,373879900351	1,450759123611	1,35029788178	0,045326594263	0,112315863371	0,154991701245	0,171714603901	0,154991701245	0,171714603901	0,171714603901	0,171714603901	0,154991701245	0,188437521458	45086,5157104745
254	0,375289860583	0,373854062587	1,450672853575	1,350226692579	0,045326594263	0,112315863371	0,171714603901	0,171714603901	0,154991701245	0,188437521458	0,171714603901	0,171714603901	0,154991701245	0,188437521458	45086,6132694676
255	0,375284716262	0,373847641295	1,450609949215	1,35021717257	0,045326594263	0,112315863371	0,171714603901	0,171714603901	0,171714603901	0,188437521458	0,171714603901	0,188437521458	0,171714603901	0,188437521458	45086,7108158912
256	0,375288215744	0,373883788433	1,450613322696	1,350562102109	0,045326594263	0,112315863371	0,171714603901	0,171714603901	0,171714603901	0,188437521458	0,188437521458	0,171714603901	0,171714603901	0,188437521458	45086,8084129861
257	0,375289377158	0,373882538043	1,450437416845	1,350652293451	0,045326594263	0,112315863371	0,171714603901	0,171714603901	0,171714603901	0,188437521458	0,188437521458	0,188437521458	0,171714603901	0,188437521458	45086,9058168634
258	0,375278345962	0,373828216773	1,450372019957	1,350413319124	0,045326594263	0,112315863371	0,188437521458	0,188437521458	0,171714603901	0,188437521458	0,188437521458	0,171714603901	0,171714603901	0,188437521458	45087,0032721181
259	0,375215425413	0,373767529523	1,45014559761	1,350161277732	0,045326594263	0,112315863371	0,171714603901	0,171714603901	0,171714603901	0,188437521458	0,188437521458	0,188437521458	0,171714603901	0,188437521458	45087,1006753472
260	0,375142646757	0,373696527174	1,449894699566	1,349878306669	0,045326594263	0,112315863371	0,171714603901	0,188437521458	0,171714603901	0,188437521458	0,188437521458	0,188437521458	0,171714603901	0,188437521458	45087,198053831
261	0,375068100995	0,373806313295	1,449606349413	1,350379759346	0,045326594263	0,112315863371	0,188437521458	0,171714603901	0,171714603901	0,188437521458	0,171714603901	0,188437521458	0,171714603901	0,188437521458	45087,2954404514
262	0,374990726394	0,373697827371	1,449209280948	1,34994118759	0,045326594263	0,112315863371	0,188437521458	0,188437521458	0,171714603901	0,188437521458	0,188437521458	0,188437521458	0,171714603901	0,188437521458	45087,3927431366
263	0,374931631486	0,373693967896	1,449055317671	1,349963599958	0,045326594263	0,112315863371	0,188437521458	0,188437521458	0,171714603901	0,188437521458	0,188437521458	0,188437521458	0,171714603901	0,188437521458	45087,4901004861
264	0,374907227852	0,373684854871	1,44893092633	1,349981842906	0,045326594263	0,112315863371	0,188437521458	0,188437521458	0,171714603901	0,188437521458	0,188437521458	0,188437521458	0,171714603901	0,188437521458	45087,5874689815
265	0,374938784403	0,37366418589	1,449006757083	1,349932282028	0,045326594263	0,112315863371	0,171714603901	0,188437521458	0,171714603901	0,188437521458	0,188437521458	0,188437521458	0,171714603901	0,205160424113	45087,6848218287
266	0,374888557085	0,373635839926	1,44876916107	1,349825634784	0,045326594263	0,112315863371	0,188437521458	0,188437521458	0,171714603901	0,205160424113	0,188437521458	0,188437521458	0,171714603901	0,205160424113	45087,7821147107
267	0,374910879304	0,373617725135	1,448799939141	1,349777062587	0,045326594263	0,112315863371	0,188437521458	0,188437521458	0,188437521458	0,205160424113	0,188437521458	0,188437521458	0,188437521458	0,205160424113	45087,8793914699
268	0,374847089698	0,373560903717	1,448641623711	1,349478079396	0,045326594263	0,112315863371	0,188437521458	0,188437521458	0,188437521458	0,205160424113	0,188437521458	0,188437521458	0,188437521458	0,205160424113	45087,976707037
269	0,37478260631	0,373506660438	1,448431599995	1,3492533172	0,045326594263	0,112315863371	0,188437521458	0,188437521458	0,171714603901	0,205160424113	0,188437521458	0,188437521458	0,188437521458	0,205160424113	45088,0739828704
270	0,374730802704	0,373461416378	1,448193837595	1,349082231052	0,045326594263	0,112315863371	0,188437521458	0,205160424113	0,188437521458	0,205160424113	0,188437521458	0,188437521458	0,188437521458	0,205160424113	45088,1711509954
271	0,374693751516	0,373411084284	1,448068676967	1,348890239089	0,045326594263	0,112315863371	0,188437521458	0,188437521458	0,188437521458	0,205160424113	0,188437521458	0,205160424113	0,188437521458	0,205160424113	45088,2682645718
272	0,374696004342	0,373422654436	1,447989258185	1,349088353181	0,045326594263	0,112315863371	0,188437521458	0,188437521458	0,188437521458	0,205160424113	0,188437521458	0,188437521458	0,188437521458	0,205160424113	45088,3654007755
273	0,374701877966	0,373409825625	1,448099129125	1,349019331736	0,045326594263	0,112315863371	0,188437521458	0,188437521458	0,188437521458	0,205160424113	0,188437521458	0,188437521458	0,188437521458	0,205160424113	45088,4626601273
274	0,374658616861	0,373363332021	1,447887226005	1,348866141802	0,045326594263	0,112315863371	0,188437521458	0,205160424113	0,188437521458	0,205160424113	0,188437521458	0,188437521458	0,188437521458	0,205160424113	45088,5598448611
275	0,374644302395	0,373336200421	1,447828642503	1,348790667273	0,045326594263	0,112315863371	0,188437521458	0,205160424113	0,188437521458	0,205160424113	0,205160424113	0,188437521458	0,188437521458	0,205160424113	45088,6571236227
276	0,374602278531	0,373293500803	1,447642454295	1,348640571339	0,045326594263	0,112315863371	0,188437521458	0,188437521458	0,188437521458	0,205160424113	0,188437521458	0,188437521458	0,188437521458	0,205160424113	45088,7542474537
277	0,374595784123	1,99013E-7	1,447516361715	6,27653E-7	0,045326594263	0,112315863371	0,205160424113	0,205160424113	0,188437521458	0,205160424113	0,205160424113	0,205160424113	0,188437521458	0,22188334167	45088,8583232407
278	4,00549324788281E-13	0,209137617031	1,50159198833401E-12	0,733531256514	0,045974507928	0,113793671131	0,205160424113	0,205160424113	0,205160424113	0,205160424113	0,205160424113	0,205160424113	0,188437521458	0,205160424113	45089,1070161921
279	0,379388908711	0,373939343565	1,464357938568	1,350765918574	0,045974507928	0,113793671131	0,205160424113	0,205160424113	0,188437521458	0,22188334167	0,205160424113	0,205160424113	0,188437521458	0,205160424113	45089,2048859954
280	0,375231353462	0,37381795275	1,450023837775	1,350499502054	0,045974507928	0,113793671131	0,205160424113	0,205160424113	0,188437521458	0,205160424113	0,205160424113	0,205160424113	0,188437521458	0,22188334167	45089,3022302431
281	0,375091859138	0,373545394616	1,449323024287	1,349406872605	0,045974507928	0,113793671131	0,205160424113	0,205160424113	0,188437521458	0,205160424113	0,205160424113	0,154991701245	0,154991701245	0,22188334167	45089,3994051505
282	0,374406410851	0,372829758575	1,447528881386	1,346102957604	0,045974507928	0,113793671131	0,154991701245	0,13826879859	0,13826879859	0,171714603901	0,13826879859	0,13826879859	0,121545895934	0,154991701245	45089,4967498727
283	0,374135526611	0,372723894237	1,446596947349	1,345737591859	0,045974507928	0,113793671131	0,13826879859	0,13826879859	0,121545895934	0,154991701245	0,13826879859	0,13826879859	0,121545895934	0,154991701245	45089,5941510301
284	0,374001069296	0,372659390959	1,446106106131	1,345525711596	0,045974507928	0,113793671131	0,13826879859	0,13826879859	0,121545895934	0,154991701245	0,13826879859	0,13826879859	0,13826879859	0,154991701245	45089,6915272801
285	0,374107545811	0,372822082227	1,446481244987	1,346233539763	0,045974507928	0,113793671131	0,13826879859	0,171714603901	0,13826879859	0,188437521458	0,171714603901	0,171714603901	0,171714603901	0,188437521458	45089,7887903588
286	0,374246739143	0,373006787174	1,446690956118	1,347408472775	0,045974507928	0,113793671131	0,171714603901	0,188437521458	0,171714603901	0,188437521458	0,188437521458	0,188437521458	0,171714603901	0,205160424113	45089,8858682407
287	0,374348168218	0,37296934196	1,446757833278	1,347166954907	0,045974507928	0,113793671131	0,188437521458	0,188437521458	0,188437521458	0,205160424113	0,188437521458	0,188437521458	0,188437521458	0,205160424113	45089,9830602662
288	0,374280507033	0,372908659585	1,446548786728	1,346914648614	0,045974507928	0,113793671131	0,188437521458	0,188437521458	0,188437521458	0,205160424113	0,188437521458	0,188437521458	0,188437521458	0,205160424113	45090,0802723495
289	0,374185933358	0,372823376063	1,446195445883	1,3465945932	0,045974507928	0,113793671131	0,188437521458	0,188437521458	0,188437521458	0,205160424113	0,188437521458	0,188437521458	0,188437521458	0,205160424113	45090,1773322106
290	0,374123769711	0,372783373052	1,445973309513	1,346462963409	0,045974507928	0,113793671131	0,205160424113	0,188437521458	0,188437521458	0,205160424113	0,205160424113	0,188437521458	0,188437521458	0,205160424113	45090,2743863426
291	0,374189742274	0,372513312105	1,446012593501	1,345349067437	0,045974507928	0,113793671131	0,205160424113	0,188437521458	0,188437521458	0,205160424113	0,205160424113	0,121545895934	0,121545895934	0,205160424113	45090,371470787
292	0,373329382561	0,371915846241	1,443778087429	1,342614484415	0,045974507928	0,113793671131	0,121545895934	0,121545895934	0,121545895934	0,13826879859	0,121545895934	0,121545895934	0,104823000729	0,13826879859	45090,4690729861
293	0,373288306038	0,371974749166	1,443658449288	1,342886128903	0,045974507928	0,113793671131	0,121545895934	0,121545895934	0,104823000729	0,13826879859	0,121545895934	0,13826879859	0,121545895934	0,13826879859	45090,5666865972
294	0,373278879326	0,371944582718	1,443526798345	1,342916917138	0,045974507928	0,113793671131	0,121545895934	0,121545895934	0,121545895934	0,13826879859	0,13826879859	0,13826879859	0,121545895934	0,154991701245	45090,6643950347
295	0,373367661009	0,372102635455	1,443872382739	1,3433971788	0,045974507928	0,113793671131	0,13826879859	0,154991701245	0,13826879859	0,171714603901	0,154991701245	0,171714603901	0,154991701245	0,171714603901	45090,761625463
296	0,373504433118	0,372180180951	1,444128590913	1,343783155579	0,045974507928	0,113793671131	0,171714603901	0,171714603901	0,154991701245	0,188437521458	0,171714603901	0,171714603901	0,171714603901	0,188437521458	45090,8587747685
297	0,373518514511	0,372153021379	1,444070193948	1,343734289901	0,045974507928	0,113793671131	0,188437521458	0,171714603901	0,171714603901	0,188437521458	0,171714603901	0,171714603901	0,171714603901	0,188437521458	45090,9558536343
298	0,373458224552	0,372105230968	1,443925521918	1,343545355585	0,045974507928	0,113793671131	0,171714603901	0,171714603901	0,171714603901	0,188437521458	0,171714603901	0,171714603901	0,154991701245	0,188437521458	45091,0529505787
299	0,373422085235	0,372035447225	1,443779042885	1,343272690676	0,045974507928	0,113793671131	0,171714603901	0,171714603901	0,154991701245	0,188437521458	0,171714603901	0,171714603901	0,154991701245	0,188437521458	45091,1501145833
300	0,373330465665	0,371960547679	1,443470379947	1,342985537759	0,045974507928	0,113793671131	0,171714603901	0,171714603901	0,154991701245	0,171714603901	0,171714603901	0,154991701245	0,154991701245	0,171714603901	45091,2472010069
301	0,373277409096	0,372375757745	1,443285945439	1,344696590412	0,045974507928	0,113793671131	0,154991701245	0,171714603901	0,154991701245	0,171714603901	0,171714603901	0,121545895934	0,121545895934	0,171714603901	45091,3450488657
302	0,373199653605	0,371285031419	1,443130688633	1,340163801032	0,045974507928	0,113793671131	0,104823000729	0,104823000729	0,088100090623	0,121545895934	0,104823000729	0,104823000729	0,088100090623	0,121545895934	45091,4422719676
303	0,372691827082	0,3714904382	1,441593024383	1,341086345729	0,045974507928	0,113793671131	0,104823000729	0,13826879859	0,104823000729	0,13826879859	0,13826879859	0,13826879859	0,121545895934	0,154991701245	45091,5397401852
304	0,372897823253	0,371627040352	1,441982135693	1,342112940855	0,045974507928	0,113793671131	0,13826879859	0,154991701245	0,13826879859	0,154991701245	0,154991701245	0,154991701245	0,13826879859	0,154991701245	45091,6371453472
305	0,372929935822	0,371755169936	1,4418920258	1,343084114206	0,045974507928	0,113793671131	0,154991701245	0,154991701245	0,13826879859	0,171714603901	0,154991701245	0,154991701245	0,13826879859	0,171714603901	45091,7343990278
306	0,373074321994	0,371664759806	1,442458320465	1,341968829878	0,045974507928	0,113793671131	0,154991701245	0,154991701245	0,13826879859	0,171714603901	0,154991701245	0,154991701245	0,154991701245	0,171714603901	45091,8315098148
307	0,372988372888	0,37173447107	1,442165854686	1,34231469479	0,045974507928	0,113793671131	0,154991701245	0,171714603901	0,154991701245	0,171714603901	0,171714603901	0,171714603901	0,171714603901	0,188437521458	45091,9284446875
308	0,373023026172	0,371722896043	1,442225811555	1,3422541125	0,045974507928	0,113793671131	0,171714603901	0,171714603901	0,171714603901	0,188437521458	0,188437521458	0,171714603901	0,171714603901	0,188437521458	45092,0254512153
309	0,372962035687	0,371664762139	1,441981544059	1,342044972954	0,045974507928	0,113793671131	0,171714603901	0,188437521458	0,171714603901	0,188437521458	0,171714603901	0,171714603901	0,171714603901	0,188437521458	45092,1223748843
310	0,372924597728	0,371635005349	1,441839605588	1,341945210516	0,045974507928	0,113793671131	0,188437521458	0,171714603901	0,171714603901	0,188437521458	0,171714603901	0,171714603901	0,171714603901	0,188437521458	45092,2192879745
311	0,372886032794	0,371532994762	1,441693525033	1,341591386121	0,045974507928	0,113793671131	0,188437521458	0,188437521458	0,171714603901	0,188437521458	0,171714603901	0,171714603901	0,171714603901	0,188437521458	45092,3161324537
312	0,372759910344	0,37137930335	1,441414257307	1,340633036886	0,045974507928	0,113793671131	0,171714603901	0,171714603901	0,154991701245	0,188437521458	0,171714603901	0,154991701245	0,154991701245	0,171714603901	45092,4132723958
313	0,372584443284	0,371266995889	1,440838714309	1,340204781888	0,045974507928	0,113793671131	0,154991701245	0,154991701245	0,154991701245	0,171714603901	0,154991701245	0,154991701245	0,154991701245	0,171714603901	45092,5102918982
314	0,372541433585	0,371235968577	1,440702870437	1,340148524763	0,045974507928	0,113793671131	0,154991701245	0,154991701245	0,154991701245	0,171714603901	0,154991701245	0,154991701245	0,154991701245	0,171714603901	45092,6074242593
315	0,372496638635	0,371131324323	1,440603300243	1,339564720236	0,045974507928	0,113793671131	0,154991701245	0,154991701245	0,154991701245	0,171714603901	0,171714603901	0,154991701245	0,154991701245	0,171714603901	45092,7045007176
316	0,372365784297	0,371075771738	1,440172620498	1,339463341391	0,045974507928	0,113793671131	0,154991701245	0,154991701245	0,13826879859	0,171714603901	0,154991701245	0,154991701245	0,13826879859	0,171714603901	45092,8015422222
317	0,372323727277	0,371006005158	1,439974263376	1,339131730445	0,045974507928	0,113793671131	0,154991701245	0,154991701245	0,13826879859	0,171714603901	0,154991701245	0,154991701245	0,13826879859	0,154991701245	45092,8985344907
318	0,372254310011	0,37091428805	1,439749439178	1,338753257911	0,045974507928	0,113793671131	0,154991701245	0,154991701245	0,13826879859	0,154991701245	0,154991701245	0,13826879859	0,13826879859	0,154991701245	45092,9955165857
319	0,372148562981	0,370817435647	1,439402999891	1,338390162553	0,045974507928	0,113793671131	0,154991701245	0,154991701245	0,13826879859	0,154991701245	0,13826879859	0,154991701245	0,13826879859	0,154991701245	45093,0925187153
320	0,372075093932	0,370734796388	1,439115551904	1,338041925384	0,045974507928	0,113793671131	0,13826879859	0,154991701245	0,13826879859	0,154991701245	0,154991701245	0,13826879859	0,13826879859	0,154991701245	45093,1894748843
321	0,372025871879	0,370574169118	1,438975284822	1,337785253635	0,045974507928	0,113793671131	0,13826879859	0,154991701245	0,13826879859	0,154991701245	0,13826879859	0,104823000729	0,104823000729	0,13826879859	45093,2870700694
322	0,371675853204	0,37036670025	1,437951386611	1,336516603822	0,045974507928	0,113793671131	0,121545895934	0,121545895934	0,104823000729	0,121545895934	0,104823000729	0,121545895934	0,104823000729	0,121545895934	45093,3841306481
323	0,37167142184	0,370360186131	1,437862742269	1,33648638824	0,045974507928	0,113793671131	0,121545895934	0,121545895934	0,104823000729	0,121545895934	0,121545895934	0,121545895934	0,104823000729	0,13826879859	45093,4810670139
324	0,371728940058	0,370473862028	1,438079996925	1,336989712269	0,045974507928	0,113793671131	0,121545895934	0,13826879859	0,121545895934	0,13826879859	0,13826879859	0,13826879859	0,121545895934	0,13826879859	45093,578103588
325	0,371791776909	0,370479035684	1,438171260767	1,337064596496	0,045974507928	0,113793671131	0,13826879859	0,13826879859	0,121545895934	0,154991701245	0,13826879859	0,13826879859	0,121545895934	0,154991701245	45093,6750474074
326	0,371741645031	0,370432468541	1,437946319846	1,336903237434	0,045974507928	0,113793671131	0,13826879859	0,13826879859	0,121545895934	0,154991701245	0,13826879859	0,13826879859	0,121545895934	0,154991701245	45093,7718834028
327	0,371717005964	0,370386084717	1,437840769967	1,33676190513	0,045974507928	0,113793671131	0,13826879859	0,13826879859	0,121545895934	0,154991701245	0,13826879859	0,13826879859	0,121545895934	0,154991701245	45093,8687778125
328	0,371670468585	5,0664E-8	1,437666472998	1,59992E-7	0,045974507928	0,113793671131	0,13826879859	0,13826879859	0,121545895934	0,154991701245	0,13826879859	0,13826879859	0,121545895934	0,13826879859	45093,972729919
329	3,6875969583683E-13	0,207366652857	1,3830930964855E-12	0,727222819375	0,048496611416	0,118719704449	0,121545895934	0,121545895934	0,121545895934	0,13826879859	0,13826879859	0,13826879859	0,121545895934	0,13826879859	45094,2199510648
330	0,376504774785	0,370973755213	1,454662213747	1,338752051673	0,048496611416	0,118719704449	0,121545895934	0,13826879859	0,121545895934	0,13826879859	0,13826879859	0,13826879859	0,121545895934	0,13826879859	45094,3176357407
331	0,372203453482	0,370781333227	1,439752326002	1,338028698076	0,048496611416	0,118719704449	0,13826879859	0,13826879859	0,121545895934	0,154991701245	0,13826879859	0,13826879859	0,121545895934	0,13826879859	45094,4146588194
332	0,372045065576	0,370681825755	1,439143731642	1,337740023273	0,048496611416	0,118719704449	0,13826879859	0,13826879859	0,121545895934	0,154991701245	0,13826879859	0,13826879859	0,121545895934	0,13826879859	45094,5117476157
333	0,371907693867	0,370564228288	1,438592556756	1,337313208642	0,048496611416	0,118719704449	0,121545895934	0,13826879859	0,121545895934	0,154991701245	0,13826879859	0,13826879859	0,121545895934	0,154991701245	45094,6087021296
334	0,371808966103	0,370472580696	1,438216976774	1,336990090583	0,048496611416	0,118719704449	0,13826879859	0,13826879859	0,121545895934	0,13826879859	0,13826879859	0,13826879859	0,121545895934	0,13826879859	45094,7056149884
335	0,371733224411	0,370399015679	1,437917750911	1,336740422696	0,048496611416	0,118719704449	0,13826879859	0,13826879859	0,121545895934	0,154991701245	0,13826879859	0,121545895934	0,121545895934	0,154991701245	45094,8024776157
336	0,371655485445	0,370309864419	1,437629367757	1,336385540487	0,048496611416	0,118719704449	0,13826879859	0,13826879859	0,121545895934	0,13826879859	0,13826879859	0,13826879859	0,121545895934	0,13826879859	45094,899426956
337	0,371548687196	0,370207804029	1,437267946353	1,335976811609	0,048496611416	0,118719704449	0,13826879859	0,13826879859	0,121545895934	0,13826879859	0,121545895934	0,13826879859	0,121545895934	0,13826879859	45094,9963353009
338	0,37144863338	0,37012773104	1,436906572219	1,335675110749	0,048496611416	0,118719704449	0,121545895934	0,13826879859	0,121545895934	0,13826879859	0,13826879859	0,13826879859	0,121545895934	0,13826879859	45095,0932367708
339	0,371373766687	0,3700423886	1,43664424439	1,335358910614	0,048496611416	0,118719704449	0,121545895934	0,121545895934	0,121545895934	0,13826879859	0,121545895934	0,121545895934	0,121545895934	0,13826879859	45095,1900849768
340	0,371300660163	0,370002475241	1,43638572434	1,335215408184	0,048496611416	0,118719704449	0,13826879859	0,13826879859	0,121545895934	0,13826879859	0,121545895934	0,121545895934	0,121545895934	0,13826879859	45095,2869355903
341	0,371290730646	0,369958515056	1,43635797058	1,335023443791	0,048496611416	0,118719704449	0,13826879859	0,13826879859	0,121545895934	0,13826879859	0,121545895934	0,13826879859	0,121545895934	0,13826879859	45095,383854213
342	0,37120376339	0,369909440772	1,436042824064	1,33485027086	0,048496611416	0,118719704449	0,13826879859	0,121545895934	0,121545895934	0,13826879859	0,13826879859	0,13826879859	0,121545895934	0,13826879859	45095,4806844329
343	0,371206561264	0,369868113831	1,436016279123	1,334739691137	0,048496611416	0,118719704449	0,13826879859	0,13826879859	0,121545895934	0,154991701245	0,13826879859	0,13826879859	0,121545895934	0,154991701245	45095,5775204514
344	0,371162109657	0,36981509212	1,435836317754	1,334534993191	0,048496611416	0,118719704449	0,13826879859	0,13826879859	0,121545895934	0,154991701245	0,13826879859	0,13826879859	0,121545895934	0,154991701245	45095,6743070602
345	0,371143419302	0,369802270725	1,435786625087	1,334502105803	0,048496611416	0,118719704449	0,13826879859	0,13826879859	0,121545895934	0,154991701245	0,13826879859	0,13826879859	0,121545895934	0,154991701245	45095,7712005556
346	0,371079366256	0,369723427997	1,435535761852	1,334178264507	0,048496611416	0,118719704449	0,13826879859	0,13826879859	0,121545895934	0,154991701245	0,13826879859	0,13826879859	0,121545895934	0,13826879859	45095,8679945718
347	0,371004978863	0,369635586682	1,435276106421	1,333799247341	0,048496611416	0,118719704449	0,13826879859	0,13826879859	0,121545895934	0,13826879859	0,13826879859	0,13826879859	0,121545895934	0,13826879859	45095,9647048843
348	0,370940326929	0,369586577246	1,435070603386	1,333637912062	0,048496611416	0,118719704449	0,121545895934	0,121545895934	0,121545895934	0,13826879859	0,13826879859	0,13826879859	0,121545895934	0,13826879859	45096,0614818171
349	0,370913948677	0,3695567999	1,434965823414	1,33351891553	0,048496611416	0,118719704449	0,13826879859	0,121545895934	0,121545895934	0,13826879859	0,13826879859	0,13826879859	0,121545895934	0,13826879859	45096,1582810648
350	0,370861823291	0,369474176961	1,434771748148	1,333186512767	0,048496611416	0,118719704449	0,13826879859	0,13826879859	0,121545895934	0,13826879859	0,121545895934	0,121545895934	0,121545895934	0,13826879859	45096,2550470602
351	0,370676983975	0,369297242458	1,434193797536	1,332428047997	0,048496611416	0,118719704449	0,121545895934	0,121545895934	0,104823000729	0,13826879859	0,121545895934	0,121545895934	0,104823000729	0,121545895934	45096,3518365509
352	0,370643602594	0,369317934326	1,434110452639	1,332519109958	0,048496611416	0,118719704449	0,121545895934	0,121545895934	0,104823000729	0,13826879859	0,121545895934	0,13826879859	0,121545895934	0,13826879859	45096,448591412
353	0,3707186296	0,369410890168	1,434291435492	1,332999832724	0,048496611416	0,118719704449	0,121545895934	0,13826879859	0,121545895934	0,13826879859	0,13826879859	0,13826879859	0,121545895934	0,13826879859	45096,5453941782
354	0,370772364349	0,369408303976	1,434427271091	1,333045542482	0,048496611416	0,118719704449	0,13826879859	0,13826879859	0,121545895934	0,13826879859	0,13826879859	0,13826879859	0,121545895934	0,154991701245	45096,6422493056
355	0,370753614379	0,369440571719	1,434377145229	1,333273548338	0,048496611416	0,118719704449	0,13826879859	0,13826879859	0,121545895934	0,154991701245	0,154991701245	0,13826879859	0,13826879859	0,154991701245	45096,7391192245
356	0,370753690964	0,369366981485	1,434225244929	1,33298283162	0,048496611416	0,118719704449	0,13826879859	0,154991701245	0,13826879859	0,154991701245	0,13826879859	0,13826879859	0,13826879859	0,154991701245	45096,8358734838
357	0,370632683073	0,369250733806	1,433871033573	1,332459919242	0,048496611416	0,118719704449	0,13826879859	0,13826879859	0,121545895934	0,154991701245	0,13826879859	0,13826879859	0,121545895934	0,154991701245	45096,9325214699
358	0,370585871378	0,369231330689	1,433776896663	1,332368054791	0,048496611416	0,118719704449	0,13826879859	0,13826879859	0,121545895934	0,13826879859	0,13826879859	0,13826879859	0,121545895934	0,154991701245	45097,0293482292
359	0,370510262943	0,369146078957	1,433499789689	1,332021716159	0,048496611416	0,118719704449	0,13826879859	0,13826879859	0,121545895934	0,13826879859	0,13826879859	0,121545895934	0,121545895934	0,13826879859	45097,1260396875
360	0,370451132988	0,369086672829	1,433276998127	1,33177616965	0,048496611416	0,118719704449	0,121545895934	0,13826879859	0,121545895934	0,13826879859	0,13826879859	0,121545895934	0,121545895934	0,13826879859	45097,2226659722
361	0,37037618014	0,368956213493	1,433025844762	1,331166981936	0,048496611416	0,118719704449	0,121545895934	0,088100090623	0,088100090623	0,13826879859	0,088100090623	0,071377187967	0,071377187967	0,104823000729	45097,3194139352
362	0,370271458433	0,368936605012	1,432734997852	1,331229434946	0,048496611416	0,118719704449	0,071377187967	0,088100090623	0,054654285312	0,088100090623	0,088100090623	0,104823000729	0,071377187967	0,104823000729	45097,416344537
363	0,370316209297	0,368994945127	1,432866426281	1,331452851534	0,048496611416	0,118719704449	0,104823000729	0,121545895934	0,088100090623	0,13826879859	0,13826879859	0,13826879859	0,121545895934	0,13826879859	45097,5130003009
364	0,279210712334		1,052957850505		0,048496611416	0,118719704449	0,13826879859	0,13826879859	0,121545895934	0,13826879859					45097,5449767824
