TesterID:	Maccor#2						
Channel Number:	39						
TestName:	KAI_Zelltest_regulaer_fix_no_degass_flag.000						
TestDesc:	Regular cycling: formation, followed by pulse, C-rate quick charge and cycling t						
StartDateTime:	45056,3151217361						
Comment:							
							
							
Cycle	AH-IN	AH-OUT	WH-IN	WH-OUT	ACR	DCIR	Date
0		2,9047E-8		7,75758934304105E-9	0	0	45057,5652550231
1	0,507087508685	0,433300151039	1,887109988029	1,587859983344	0	0	45057,9936017593
2	0,435956074311	0,432558479216	1,637701449391	1,585568769114	0	0	45058,3966277893
3	0,447828260532	2,28896E-7	1,686776806415	7,35416E-7	0	0	45058,8722861458
4	1,95188321761908E-12	2,29095E-7	7,32641343811273E-12	7,41853E-7	0,044632211328	0,130177080631	45059,1681327778
5	0,438606318767	0,435986582556	1,660705237068	1,599123565036	0,044632211328	0,130177080631	45059,4256878241
6	0,437030270907	0,434946004377	1,654226986598	1,595526839612	0,044632211328	0,130177080631	45059,6889762384
7	0,435933568426	0,433708456174	1,64986581902	1,591374348191	0,044632211328	0,130177080631	45059,9515678009
8	0,434527528562	0,412445789296	1,644360315603	1,48618954656	0,044632211328	0,130177080631	45060,1338274306
9	0,413358529413	0,411332342286	1,570919427452	1,482549225731	0,044632211328	0,130177080631	45060,30984875
10	0,412284373892	0,409884432351	1,566800527692	1,47747394992	0,044632211328	0,130177080631	45060,4854381481
11	0,410900997463	0,343526838152	1,561707552207	1,209851298753	0,044632211328	0,130177080631	45060,6393073148
12	0,344339722296	0,342927563167	1,325468972813	1,208710488668	0,044632211328	0,130177080631	45060,774891713
13	0,343810360833	0,34056375969	1,323268086769	1,201093321198	0,044632211328	0,130177080631	45060,9098748727
14	0,341359876821	0,424840332356	1,314207065437	1,560015848595	0,044632211328	0,130177080631	45061,1431925
15	0,42555509877	0,425517231672	1,610193798702	1,562474815569	0,044632211328	0,130177080631	45061,3996192014
16	0,426185291783	2,3842E-7	1,61227025348	7,56846E-7	0,044632211328	0,130177080631	45061,6632514236
17	0,372486378019	0,373359030865	1,416973446783	1,35058751209	0,044632211328	0,130177080631	45061,804115706
18	0,372349382307	0,372595858313	1,415845073009	1,347564229069	0,044632211328	0,130177080631	45061,9516391204
19	0,372208593036	0,372146856088	1,415166658835	1,345915519219	0,044632211328	0,130177080631	45062,0990309722
20	0,344611925212	0,336996637071	1,338144501499	1,210604980076	0,044632211328	0,130177080631	45062,2190521759
21	0,336311579778	0,32732547587	1,305522989406	1,17653992679	0,044632211328	0,130177080631	45062,3360954861
22	0,326587838663	2,65772E-7	1,26800176989	8,1286E-7	0,044632211328	0,130177080631	45062,4573950463
23	1,71028203758806E-12	0,229577066068	6,403373778628E-12	0,80508600286	0,043711721897	0,113356135786	45062,7208884028
24	0,400835503883	0,393284315207	1,545323356483	1,419452759716	0,043711721897	0,113356135786	45062,8247809375
25	0,393715340067	0,392248494446	1,520222176152	1,416053054411	0,043711721897	0,113356135786	45062,9273967361
26	0,392607643002	0,391317160048	1,516085877815	1,412944958469	0,043711721897	0,113356135786	45063,0294996181
27	0,391637339816	0,390642914947	1,512647778368	1,410926439605	0,043711721897	0,113356135786	45063,1314624653
28	0,390919627768	0,38987437439	1,509761089236	1,407692081418	0,043711721897	0,113356135786	45063,2332573958
29	0,390204076413	0,389130368645	1,507114417912	1,404972582944	0,043711721897	0,113356135786	45063,3349689931
30	0,389396465693	0,388352817848	1,504160644346	1,402191218203	0,043711721897	0,113356135786	45063,4362491204
31	0,388650119801	0,387679864891	1,501642801711	1,399781417478	0,043711721897	0,113356135786	45063,5375515046
32	0,38796463012	0,387187813148	1,499059697724	1,398303177983	0,043711721897	0,113356135786	45063,6387989815
33	0,387316549652	0,386269395723	1,496637503164	1,394657424077	0,043711721897	0,113356135786	45063,7399434375
34	0,386621409116	0,386047239836	1,49435405777	1,394017447151	0,043711721897	0,113356135786	45063,8408343982
35	0,386337965871	0,385570706516	1,492733140372	1,392448765934	0,043711721897	0,113356135786	45063,9414493634
36	0,385846258914	0,385113387064	1,491165086223	1,390963304733	0,043711721897	0,113356135786	45064,0422319329
37	0,385372607031	0,384614831373	1,48943125725	1,389122546193	0,043711721897	0,113356135786	45064,1429926389
38	0,384812134689	0,384037418754	1,487264982559	1,386826460323	0,043711721897	0,113356135786	45064,2435015509
39	0,384324580179	0,383599594396	1,485499153223	1,385160666364	0,043711721897	0,113356135786	45064,3440312616
40	0,383832476633	0,38292019662	1,483539262717	1,382525909763	0,043711721897	0,113356135786	45064,4443156713
41	0,383172679359	0,382433272544	1,481331785757	1,380875953669	0,043711721897	0,113356135786	45064,5444992593
42	0,38268444535	0,381862386547	1,479519189755	1,37891144111	0,043711721897	0,113356135786	45064,6444682755
43	0,382083525929	0,381375409276	1,477426026287	1,377204694359	0,043711721897	0,113356135786	45064,7442917593
44	0,381636722435	0,381318607356	1,475894681537	1,377247814545	0,043711721897	0,113356135786	45064,8441232755
45	0,381550285783	0,380880668555	1,475201045322	1,375695106468	0,043711721897	0,113356135786	45064,9438541435
46	0,381117756038	0,380159989191	1,473355403841	1,373042711248	0,043711721897	0,113356135786	45065,0432296875
47	0,38037989697	0,379741479152	1,470945099214	1,371704919075	0,043711721897	0,113356135786	45065,1424964699
48	0,379969261772	0,379339751492	1,469511506162	1,370247093853	0,043711721897	0,113356135786	45065,2418903125
49	0,37953503057	0,378703042737	1,467742921447	1,367616474938	0,043711721897	0,113356135786	45065,3410439005
50	0,378952018409	0,3781979422	1,465730228138	1,365587265349	0,043711721897	0,113356135786	45065,4402440046
51	0,378483921718	0,377900907113	1,464185580237	1,364855212677	0,043711721897	0,113356135786	45065,5394283565
52	0,378200233095	0,37766844736	1,463143566835	1,364236941843	0,043711721897	0,113356135786	45065,6387222801
53	0,377811087183	0,377399765656	1,461561043268	1,363204842291	0,043711721897	0,113356135786	45065,7376740278
54	0,377684576531	0,376897330359	1,460812846059	1,361453148713	0,043711721897	0,113356135786	45065,8365300579
55	0,37713793264	0,37698511106	1,458893896014	1,362227923477	0,043711721897	0,113356135786	45065,9351841551
56	0,377192304018	0,37625920294	1,458785464711	1,35929798924	0,043711721897	0,113356135786	45066,0338321412
57	0,376497634017	0,376065432013	1,456427738579	1,358946492519	0,043711721897	0,113356135786	45066,1322690509
58	0,376279962137	0,375464814236	1,455567455455	1,356451855772	0,043711721897	0,113356135786	45066,2307642708
59	0,375705103678	0,375209075148	1,453406185895	1,355817095706	0,043711721897	0,113356135786	45066,3291037963
60	0,375398568531	0,374738930275	1,452458633255	1,353779936913	0,043711721897	0,113356135786	45066,4275312153
61	0,374959780277	0,374374710564	1,450639507761	1,35243819355	0,043711721897	0,113356135786	45066,5256866204
62	0,374653780553	0,374266187339	1,449739151793	1,35244183137	0,043711721897	0,113356135786	45066,6239264236
63	0,374485096862	0,373917454476	1,448750267219	1,351079367723	0,043711721897	0,113356135786	45066,7220477199
64	0,374156436998	0,373967825567	1,447582555654	1,351681579293	0,043711721897	0,113356135786	45066,8200171875
65	0,3742657446	0,37378831695	1,447331440705	1,351395431835	0,043711721897	0,113356135786	45066,9177858796
66	0,37400378572	0,373382717316	1,446347894897	1,349884213417	0,043711721897	0,113356135786	45067,0155172454
67	0,373564293208	0,373040422699	1,444798850191	1,348611917441	0,043711721897	0,113356135786	45067,1130168056
68	0,373278190922	0,372886733407	1,44375987477	1,348093029409	0,043711721897	0,113356135786	45067,2105004167
69	0,373159672887	0,372670987793	1,443267679001	1,347431460781	0,043711721897	0,113356135786	45067,308083912
70	0,372868257007	0,372153070945	1,442022074664	1,345390521264	0,043711721897	0,113356135786	45067,4055228472
71	0,372323069252	0,371863753323	1,44031265765	1,344294189045	0,043711721897	0,113356135786	45067,5028319444
72	0,372116339038	0,37207819641	1,439400428281	1,345697063312	0,043711721897	0,113356135786	45067,5998898148
73	0,37239558503	4,03739E-7	1,439774916309	1,303512E-6	0,043711721897	0,113356135786	45067,7038855093
74	2,86106660563058E-13	0,210927017714	1,07148633667244E-12	0,740226773281	0,043331734836	0,106015704572	45067,9519546875
75	0,380366401295	0,373675902677	1,466190372847	1,35279994008	0,043331734836	0,106015704572	45068,0494441782
76	0,373930041582	0,373533905821	1,444310078408	1,352473654955	0,043331734836	0,106015704572	45068,1462743518
77	0,37377223719	0,373012059141	1,443359209689	1,3504099395	0,043331734836	0,106015704572	45068,2429597338
78	0,373236675666	0,372640024268	1,44169784892	1,348930768049	0,043331734836	0,106015704572	45068,3396386806
79	0,372861473185	0,372545712493	1,440231139868	1,348819301529	0,043331734836	0,106015704572	45068,4360734606
80	0,372689217534	0,371750074457	1,439657720659	1,345431206977	0,043331734836	0,106015704572	45068,5325483449
81	0,371960090388	0,371601533177	1,437506068802	1,344835431555	0,043331734836	0,106015704572	45068,629055162
82	0,371895708142	0,371500851608	1,436760326179	1,344866119989	0,043331734836	0,106015704572	45068,7255228357
83	0,371727961267	0,371403934353	1,436140407328	1,344732182324	0,043331734836	0,106015704572	45068,8217669907
84	0,371645787505	0,37134971566	1,435602131762	1,344852975914	0,043331734836	0,106015704572	45068,9179447685
85	0,371561379284	0,370940228998	1,434945341867	1,343490955794	0,043331734836	0,106015704572	45069,0139839583
86	0,371114847964	0,370452032491	1,433599748182	1,34126867527	0,043331734836	0,106015704572	45069,1100481366
87	0,370613051898	0,369933991242	1,432143712676	1,339019554152	0,043331734836	0,106015704572	45069,206272963
88	0,370143109752	0,369616335707	1,430538908367	1,338018633844	0,043331734836	0,106015704572	45069,302363588
89	0,369738043077	0,368902049873	1,429212684657	1,334827456729	0,043331734836	0,106015704572	45069,3984581829
90	0,36909302538	0,368551998588	1,427432009104	1,333323381441	0,043331734836	0,106015704572	45069,4948598148
91	0,368556560464	0,367433438111	1,425500913496	1,328677778204	0,043331734836	0,106015704572	45069,5906960995
92	0,367287244258	0,366035847556	1,422373277381	1,321813393576	0,043331734836	0,106015704572	45069,6875794907
93	0,366516196692	0,366473780636	1,41985397321	1,324260403205	0,043331734836	0,106015704572	45069,7840615278
94	0,366710338637	0,366650684199	1,419998095738	1,325246270903	0,043331734836	0,106015704572	45069,8803948148
95	0,366931902038	0,366825118767	1,420099715893	1,326572831323	0,043331734836	0,106015704572	45069,9766029514
96	0,367030977735	0,366836742962	1,42008603973	1,327088318009	0,043331734836	0,106015704572	45070,0725382755
97	0,367027515199	0,366821174307	1,419773432326	1,327216389527	0,043331734836	0,106015704572	45070,1682474653
98	0,367008581277	0,366536984777	1,419616284883	1,326174486813	0,043331734836	0,106015704572	45070,2639146296
99	0,366775128057	0,365676635984	1,418722299676	1,323206176273	0,043331734836	0,106015704572	45070,3598728125
100	0,365100868192	0,363279570386	1,414540704618	1,311399911753	0,043331734836	0,106015704572	45070,456276794
101	0,36345528672	0,36338676671	1,409210642546	1,312446115722	0,043331734836	0,106015704572	45070,5524655093
102	0,363609483393	0,363484681098	1,409414845054	1,313061318167	0,043331734836	0,106015704572	45070,6488021412
103	0,359586222901	0,359444624271	1,391560203951	1,296775518793	0,043331734836	0,106015704572	45070,7619159375
104	0,363921109402	0,363533959897	1,410184036081	1,313490499438	0,043331734836	0,106015704572	45070,8579072569
105	0,363780071153	0,363140051427	1,409547406226	1,311922652561	0,043331734836	0,106015704572	45070,9537540394
106	0,363304753215	0,362814572675	1,407975824276	1,310683641239	0,043331734836	0,106015704572	45071,0497285301
107	0,362945676804	0,362672422172	1,406760271676	1,310155035744	0,043331734836	0,106015704572	45071,1454588079
108	0,362845178238	0,362327604304	1,40633238124	1,308798578514	0,043331734836	0,106015704572	45071,241254919
109	0,36252554024	0,362132565819	1,405047553659	1,308013658176	0,043331734836	0,106015704572	45071,3368670023
110	0,360873131416	0,360004422122	1,398383387554	1,299456569553	0,043331734836	0,106015704572	45071,4298261111
111	0,361263364437	0,361047527718	1,401079434132	1,303872989295	0,043331734836	0,106015704572	45071,5256503704
112	0,361276450271	0,361004990652	1,400770897758	1,303967064013	0,043331734836	0,106015704572	45071,6212747222
113	0,361216586432	0,360914544919	1,400439983392	1,303696965347	0,043331734836	0,106015704572	45071,7168537269
114	0,36123088781	0,360977815183	1,400371244596	1,304010879248	0,043331734836	0,106015704572	45071,8123402199
115	0,361201294326	0,360811217816	1,400054678079	1,303557546723	0,043331734836	0,106015704572	45071,9078724421
116	0,360939386036	0,360463751664	1,399186364792	1,302071263478	0,043331734836	0,106015704572	45072,003192338
117	0,360734878829	0,360211859758	1,398671669493	1,301161674802	0,043331734836	0,106015704572	45072,0988148727
118	0,360316299909	0,359885098614	1,397090880779	1,299818755623	0,043331734836	0,106015704572	45072,1940008796
119	0,3600839199	0,359768825714	1,396182292587	1,299400096168	0,043331734836	0,106015704572	45072,2893065741
120	0,359949209648	0,35970952852	1,395675661156	1,299331817465	0,043331734836	0,106015704572	45072,3844922454
121	0,359872142209	0,35945366842	1,395448565582	1,298443231628	0,043331734836	0,106015704572	45072,4796950926
122	0,359592135869	0,359244458966	1,394432526864	1,297611942847	0,043331734836	0,106015704572	45072,5749504745
123	0,359403756638	0,359066192474	1,393609980288	1,296836847788	0,043331734836	0,106015704572	45072,6700669792
124	0,359218199693	2,08127E-7	1,392816278966	6,78734E-7	0,043331734836	0,106015704572	45072,7721390162
125	1,90737773708705E-13	0,202454080092	7,15387193450743E-13	0,710249808506	0,049142997712	0,118719704449	45073,0131848958
126	0,368098556432	0,359861893032	1,42363719156	1,300020193172	0,049142997712	0,118719704449	45073,1093748495
127	0,360000969221	0,359811457092	1,395690481368	1,29984341464	0,049142997712	0,118719704449	45073,2045783218
128	0,35999706681	0,359439470323	1,395561889635	1,298515618755	0,049142997712	0,118719704449	45073,2996059259
129	0,35960612795	0,359359351558	1,394001845828	1,298268622403	0,049142997712	0,118719704449	45073,3945444792
130	0,35954807525	0,358929251866	1,393823256891	1,296638176181	0,049142997712	0,118719704449	45073,4894883912
131	0,35910266003	0,358854334096	1,39215906458	1,296401745977	0,049142997712	0,118719704449	45073,5844104514
132	0,358983872395	0,358434487832	1,391769902592	1,294803307333	0,049142997712	0,118719704449	45073,6791239468
133	0,358619206273	0,35840225972	1,390398349987	1,29476230777	0,049142997712	0,118719704449	45073,7739382176
134	0,358582041343	0,358101397161	1,390154132778	1,293512613171	0,049142997712	0,118719704449	45073,8686721181
135	0,358296306293	0,357857246878	1,388975649209	1,292748707824	0,049142997712	0,118719704449	45073,9632663657
136	0,357963591223	0,35777456269	1,388064583759	1,292411212995	0,049142997712	0,118719704449	45074,0578156134
137	0,357951754924	0,357327662818	1,38790802691	1,290503327331	0,049142997712	0,118719704449	45074,152580625
138	0,357478344041	0,357040867381	1,386201492951	1,289471537293	0,049142997712	0,118719704449	45074,2470395718
139	0,357243006778	0,356873006271	1,385474400824	1,288960300302	0,049142997712	0,118719704449	45074,3415584028
140	0,357020933746	0,356698635286	1,38460892651	1,288234354947	0,049142997712	0,118719704449	45074,4360504977
141	0,356839444266	0,356572056824	1,3840101236	1,287902433029	0,049142997712	0,118719704449	45074,5304232986
142	0,356741414775	0,356466083763	1,383721060304	1,287721761923	0,049142997712	0,118719704449	45074,6248606944
143	0,356580665716	0,35616263989	1,383002459624	1,286500856075	0,049142997712	0,118719704449	45074,7193253704
144	0,356338266962	0,356026969592	1,38202754096	1,286000424636	0,049142997712	0,118719704449	45074,8136575231
145	0,356206225079	0,356121245979	1,381604430241	1,286679930976	0,049142997712	0,118719704449	45074,9078506366
146	0,356270494948	0,355754389422	1,381752707122	1,285002195319	0,049142997712	0,118719704449	45075,0022870023
147	0,355904418002	0,355457368322	1,380476056438	1,283983524522	0,049142997712	0,118719704449	45075,0966739583
148	0,355578204145	0,355357873568	1,379498205477	1,283706927582	0,049142997712	0,118719704449	45075,1910464352
149	0,355495737072	0,355053098977	1,378987535531	1,282285610814	0,049142997712	0,118719704449	45075,2852793403
150	0,355232925171	0,354925240242	1,378121524616	1,282088604568	0,049142997712	0,118719704449	45075,3793491435
151	0,355089764685	0,354863190912	1,377691459491	1,281904031346	0,049142997712	0,118719704449	45075,4736496528
152	0,354968419735	0,354577746325	1,377071269069	1,280614265554	0,049142997712	0,118719704449	45075,5677419213
153	0,354763929989	0,354573900628	1,376433145207	1,28081606381	0,049142997712	0,118719704449	45075,6617797801
154	0,354710071138	0,354572596828	1,376245864464	1,280891560297	0,049142997712	0,118719704449	45075,7558684028
155	0,354802136903	0,354504163084	1,376357006877	1,280762940642	0,049142997712	0,118719704449	45075,8501549537
156	0,354671609135	0,354537748825	1,375798457069	1,281325966192	0,049142997712	0,118719704449	45075,9442293519
157	0,354626785005	0,354126993336	1,375426899432	1,279406584284	0,049142997712	0,118719704449	45076,038126875
158	0,354294599158	0,354008139755	1,37455374228	1,279158888003	0,049142997712	0,118719704449	45076,1321699653
159	0,354110577068	0,353633576123	1,373815319306	1,2773436	0,049142997712	0,118719704449	45076,2260358218
160	0,353819753943	0,353702065395	1,372973727954	1,277909034297	0,049142997712	0,118719704449	45076,3199580093
161	0,349032067958	0,348208507688	1,352725362461	1,255613761572	0,049142997712	0,118719704449	45076,4049624074
162	0,352675936333	0,352396137692	1,369639371824	1,272393895392	0,049142997712	0,118719704449	45076,4991652431
163	0,349489379079	0,349816645188	1,355601086499	1,262597761512	0,049142997712	0,118719704449	45076,5859741435
164	0,3533307525	0,352775909527	1,371109377637	1,27428705853	0,049142997712	0,118719704449	45076,6799027662
165	0,352979034114	0,352598959976	1,369981747681	1,273437688067	0,049142997712	0,118719704449	45076,7737785995
166	0,352825476532	0,352775963991	1,369426731817	1,274488365763	0,049142997712	0,118719704449	45076,8676391551
167	0,352915406924	0,352669975251	1,369474722558	1,274254453929	0,049142997712	0,118719704449	45076,9611809954
168	0,35286870115	0,352381980708	1,369277030342	1,272699719739	0,049142997712	0,118719704449	45077,0550013194
169	0,352560444674	0,352321296639	1,368229624774	1,272735562898	0,049142997712	0,118719704449	45077,1487061806
170	0,352452226678	0,35224762248	1,367919436143	1,272265889863	0,049142997712	0,118719704449	45077,2424954861
171	0,352493247835	0,352230854299	1,367911656451	1,272543971995	0,049142997712	0,118719704449	45077,3362315046
172	0,352068555404	0,351492047005	1,366638963082	1,269051835514	0,049142997712	0,118719704449	45077,4300649768
173	0,351721095607	0,351707733704	1,365478922809	1,270299412489	0,049142997712	0,118719704449	45077,5238156482
174	0,351891214526	0,351556575501	1,365808310093	1,269715215086	0,049142997712	0,118719704449	45077,6173568866
175	0,35158068692	1,83755E-7	1,364779336218	5,9878E-7	0,049142997712	0,118719704449	45077,7178902315
176	1,33516441596094E-13	0,196408034145	5,00912581363914E-13	0,689176750453	0,048604428768	0,118226334453	45077,9550050116
177	0,360814862777	0,353416652171	1,39629284372	1,277358571506	0,048604428768	0,118226334453	45078,04929875
178	0,353553821809	0,353106608345	1,371126134899	1,27582280757	0,048604428768	0,118226334453	45078,1428228125
179	0,353304805286	0,352952898072	1,370244532921	1,275517858138	0,048604428768	0,118226334453	45078,2362861458
180	0,353096691738	0,352773314855	1,369497562225	1,274651341935	0,048604428768	0,118226334453	45078,3297054167
181	0,352564650685	0,351511398835	1,367516476208	1,268983796993	0,048604428768	0,118226334453	45078,422883831
182	0,351683437366	0,351647055356	1,365270698296	1,26983865653	0,048604428768	0,118226334453	45078,5163991204
183	0,351893454034	0,351750418484	1,36558310142	1,270603071115	0,048604428768	0,118226334453	45078,6097257523
184	0,351927596507	0,351674183353	1,365465155009	1,27034975263	0,048604428768	0,118226334453	45078,7029821759
185	0,35188799312	0,351617337774	1,365496138625	1,27010406626	0,048604428768	0,118226334453	45078,7963108102
186	0,351883601004	0,352006103954	1,365218238913	1,272174635624	0,048604428768	0,118226334453	45078,8895235648
187	0,352192977069	0,351684494425	1,365827177963	1,270963701561	0,048604428768	0,118226334453	45078,9826363194
188	0,351826191806	0,351586303466	1,36469242276	1,270535054877	0,048604428768	0,118226334453	45079,0757139236
189	0,351755729807	0,351595362238	1,364327020317	1,270980405998	0,048604428768	0,118226334453	45079,1686531597
190	0,35177877105	0,351712930035	1,364343707463	1,271669207561	0,048604428768	0,118226334453	45079,2616695949
191	0,351931450105	0,351608288326	1,364563297636	1,271640908975	0,048604428768	0,118226334453	45079,3545001736
192	0,351317261994	0,349912352957	1,362901960159	1,263224703979	0,048604428768	0,118226334453	45079,447627037
193	0,35005646472	0,350044065651	1,359334657907	1,264027306757	0,048604428768	0,118226334453	45079,5409450694
194	0,350218847875	0,350067344138	1,359593185047	1,264317525917	0,048604428768	0,118226334453	45079,6340813542
195	0,350285931907	0,350268880848	1,359755057356	1,265200474958	0,048604428768	0,118226334453	45079,7272789699
196	0,350492087605	0,35021201895	1,360290865581	1,26515737451	0,048604428768	0,118226334453	45079,8204282292
197	0,350377009424	0,350257214053	1,359591024529	1,265460807274	0,048604428768	0,118226334453	45079,9132458681
198	0,350418808022	0,349997621638	1,359867778432	1,264445198174	0,048604428768	0,118226334453	45080,0062633912
199	0,350149837141	0,349896883273	1,358938079754	1,264036183768	0,048604428768	0,118226334453	45080,0992665046
200	0,350042201032	0,350053135869	1,358536304996	1,264914735818	0,048604428768	0,118226334453	45080,1922062847
201	0,350236625231	0,349992443108	1,358828275908	1,265087188679	0,048604428768	0,118226334453	45080,2850928588
202	0,350146984016	0,349758635263	1,358461942063	1,263766398444	0,048604428768	0,118226334453	45080,3779237847
203	0,349848497874	0,349425408319	1,357782666757	1,262318978961	0,048604428768	0,118226334453	45080,4708465046
204	0,349583089967	0,349416390664	1,356834531454	1,262417857179	0,048604428768	0,118226334453	45080,5636338079
205	0,349621369337	0,349712154589	1,356750905663	1,264142266255	0,048604428768	0,118226334453	45080,6563801042
206	0,34991274741	0,350064793338	1,357506557912	1,266004690017	0,048604428768	0,118226334453	45080,7490481713
207	0,35030534751	0,350255952005	1,358246712532	1,267309944521	0,048604428768	0,118226334453	45080,8415200463
208	0,350424812414	0,350374746245	1,358367422143	1,268028883047	0,048604428768	0,118226334453	45080,9337428472
209	0,350540233259	0,350474179965	1,358631659267	1,268689318883	0,048604428768	0,118226334453	45081,0259984028
210	0,350645566906	0,350356705207	1,358707677794	1,268206558786	0,048604428768	0,118226334453	45081,1182507407
211	0,350511505112	0,350258526118	1,358405491874	1,267755628553	0,048604428768	0,118226334453	45081,2104251042
212	0,350475235976	0,350429001604	1,358180238142	1,268891281182	0,048604428768	0,118226334453	45081,3025278009
213	0,350554398123	0,350407013355	1,358181405183	1,268853476416	0,048604428768	0,118226334453	45081,3943592014
214	0,350585666344	0,3503438232	1,358292854004	1,268535242012	0,048604428768	0,118226334453	45081,486432419
215	0,350520450426	0,350239168141	1,358106577	1,268176423413	0,048604428768	0,118226334453	45081,5784750694
216	0,350404857555	0,350219785157	1,357668265934	1,268084772621	0,048604428768	0,118226334453	45081,6704533449
217	0,350375519575	0,350270113436	1,357510911469	1,268422106809	0,048604428768	0,118226334453	45081,7624312384
218	0,350516899895	0,350507846455	1,357857366578	1,269800357682	0,048604428768	0,118226334453	45081,8544051968
219	0,350718003839	0,350745480923	1,358127733255	1,271166821504	0,048604428768	0,118226334453	45081,946096794
220	0,350909637753	0,350825599266	1,358508768924	1,271744510442	0,048604428768	0,118226334453	45082,0377213426
221	0,351015722033	0,350717084731	1,358772655888	1,271340598931	0,048604428768	0,118226334453	45082,1292313542
222	0,350908510149	0,350740231396	1,35838884673	1,271380126158	0,048604428768	0,118226334453	45082,2207457407
223	0,35091572929	0,350697682249	1,358439282758	1,271235254293	0,048604428768	0,118226334453	45082,3124376505
224	0,350484336352	0,348991448096	1,356642547172	1,263545597685	0,048604428768	0,118226334453	45082,4034620023
225	0,348850481164	0,347446661601	1,353419794175	1,254820875974	0,048604428768	0,118226334453	45082,4959261574
226	0,347594761358	1,86722E-7	1,349916437233	6,06801E-7	0,048604428768	0,118226334453	45082,5956130556
227	1,14442664225223E-13	0,193238807808	4,29623483489175E-13	0,678176912804	0,048813898116	0,120255984366	45082,8302681134
228	0,356248859867	0,34938539662	1,379234955022	1,263108254674	0,048813898116	0,120255984366	45082,9235309606
229	0,349562212012	0,349709510113	1,355629599893	1,264945658817	0,048813898116	0,120255984366	45083,0157050347
230	0,349914554292	0,349592054428	1,356456522097	1,264753934506	0,048813898116	0,120255984366	45083,1077789236
231	0,349756461313	0,349506681473	1,355742975637	1,264578001053	0,048813898116	0,120255984366	45083,1997827083
232	0,349642003907	0,349346625142	1,355217387576	1,263813341045	0,048813898116	0,120255984366	45083,2917094329
233	0,349408594088	0,3488090373	1,354391237304	1,261823009888	0,048813898116	0,120255984366	45083,3839821065
234	0,349228543408	0,349415103607	1,352780167352	1,266229621001	0,048813898116	0,120255984366	45083,4749220602
235	0,349290117416	0,347976139485	1,354052262357	1,25743953717	0,048813898116	0,120255984366	45083,5679636343
236	0,348018112279	0,347560297868	1,350504484622	1,255715581049	0,048813898116	0,120255984366	45083,6601328588
237	0,337160930106	0,337219463276	1,305624564195	1,213905895945	0,048813898116	0,120255984366	45083,7387800579
238	0,348036268239	0,347859949665	1,350959875512	1,257179857864	0,048813898116	0,120255984366	45083,8312545602
239	0,34812858191	0,348367538696	1,350303523338	1,260299185196	0,048813898116	0,120255984366	45083,9231973495
240	0,348573921984	0,348470935522	1,351279373256	1,26117733437	0,048813898116	0,120255984366	45084,0148485069
241	0,348639246961	0,348406293854	1,351363308038	1,260990347902	0,048813898116	0,120255984366	45084,1065396296
242	0,34855462289	0,34855096994	1,351041611253	1,261786281535	0,048813898116	0,120255984366	45084,1981466319
243	0,348765531591	0,348494165052	1,351453268224	1,261780018342	0,048813898116	0,120255984366	45084,2897783333
244	0,34854449794	0,347861235023	1,350589025131	1,259149101212	0,048813898116	0,120255984366	45084,3810428125
245	0,347788241011	0,346387435619	1,348866061568	1,25145349956	0,048813898116	0,120255984366	45084,4730136458
246	0,346445961177	0,346077528487	1,34555877976	1,249538718705	0,048813898116	0,120255984366	45084,5654515162
247	0,346290155168	0,346102044438	1,344994206171	1,249604367298	0,048813898116	0,120255984366	45084,6577076389
248	0,346323928191	0,34613942247	1,345095962533	1,249915888099	0,048813898116	0,120255984366	45084,7500360648
249	0,346286887011	0,346307413705	1,344813535943	1,250778362524	0,048813898116	0,120255984366	45084,8422596296
250	0,346594007523	0,34706170382	1,345214048846	1,254963324692	0,048813898116	0,120255984366	45084,9341314699
251	0,347297457321	0,347296765235	1,346909621738	1,256645049191	0,048813898116	0,120255984366	45085,0257477431
252	0,347493813643	0,347605515436	1,34724842598	1,258483889932	0,048813898116	0,120255984366	45085,1171910764
253	0,347804660691	0,347446716704	1,348006136278	1,257836067507	0,048813898116	0,120255984366	45085,2086707407
254	0,347609084726	0,347415638101	1,347350681781	1,257695827335	0,048813898116	0,120255984366	45085,3000312153
255	0,347587782103	0,347468585	1,347212775084	1,258073222351	0,048813898116	0,120255984366	45085,3913098032
256	0,347624785444	0,347626192894	1,34710488086	1,259033291838	0,048813898116	0,120255984366	45085,4823845602
257	0,347835921548	0,347630027147	1,347792180577	1,259118940376	0,048813898116	0,120255984366	45085,5737973611
258	0,347739756277	0,347154731293	1,347281328726	1,256918919358	0,048813898116	0,120255984366	45085,6649113194
259	0,347213490503	0,346423657994	1,3462017883	1,252886342737	0,048813898116	0,120255984366	45085,756504213
260	0,346462766	0,346161443783	1,344242190539	1,251343975195	0,048813898116	0,120255984366	45085,8481795602
261	0,346302410585	0,3461420644	1,343698477827	1,251518617888	0,048813898116	0,120255984366	45085,9398395139
262	0,346247297355	0,345865632808	1,343425192579	1,250176645719	0,048813898116	0,120255984366	45086,0315555208
263	0,345961094222	0,345748086205	1,342613904554	1,249665167949	0,048813898116	0,120255984366	45086,1231541551
264	0,345865362832	0,345055795616	1,342503505304	1,246191451298	0,048813898116	0,120255984366	45086,2151000579
265	0,345154068551	0,344907252005	1,34056403776	1,245575048466	0,048813898116	0,120255984366	45086,3070912384
266	0,345006272105	0,344534012941	1,339979222354	1,243604430915	0,048813898116	0,120255984366	45086,3990244444
267	0,344737066102	0,344487495598	1,339238380511	1,243613660479	0,048813898116	0,120255984366	45086,4910139005
268	0,344596687148	0,344597246114	1,338802203125	1,244179702509	0,048813898116	0,120255984366	45086,5829940394
269	0,344832768611	0,34475744465	1,339251204267	1,245260185893	0,048813898116	0,120255984366	45086,6748418287
270	0,344889117478	0,344743229177	1,339330673776	1,245229232484	0,048813898116	0,120255984366	45086,7667102662
271	0,344943359754	0,345222429221	1,339325899028	1,247874980872	0,048813898116	0,120255984366	45086,858429838
272	0,34549962266	0,346027107169	1,340466674726	1,252532450371	0,048813898116	0,120255984366	45086,9498028704
273	0,346270455552	0,346352634451	1,342074548102	1,254614362092	0,048813898116	0,120255984366	45087,0406403472
274	0,346506574165	0,346446950041	1,342609257102	1,255175106466	0,048813898116	0,120255984366	45087,1313957292
275	0,346620268014	0,346445583722	1,342938549286	1,255275262082	0,048813898116	0,120255984366	45087,2223624421
276	0,346626721241	0,346458542024	1,342963511563	1,255362001619	0,048813898116	0,120255984366	45087,3133107523
277	0,346562221505	6,10583E-7	1,342526999062	1,959732E-6	0,048813898116	0,120255984366	45087,4108132523
278	3,49050125886931E-12	0,188622919185	1,30911802114177E-11	0,662356551126	0,049026314169	0,111329115927	45087,6435599653
279	0,353611614892	0,348291377526	1,366272348591	1,263566107626	0,049026314169	0,111329115927	45087,7346671296
280	0,348494584595	0,348464418012	1,348374807696	1,264577618537	0,049026314169	0,111329115927	45087,8250163657
281	0,348736940162	0,348627138102	1,348827252659	1,26569086811	0,049026314169	0,111329115927	45087,9153420718
282	0,34879799731	0,34857287702	1,348826492039	1,265609721268	0,049026314169	0,111329115927	45088,0055696644
283	0,348743076858	0,348513517307	1,348510317128	1,265428341217	0,049026314169	0,111329115927	45088,0956917708
284	0,348705935029	0,348421836653	1,348408734119	1,265011377659	0,049026314169	0,111329115927	45088,1859017014
285	0,348594127067	0,348295256709	1,348097597062	1,264408540991	0,049026314169	0,111329115927	45088,2761711574
286	0,348520261077	0,348355966847	1,34780023396	1,265003877103	0,049026314169	0,111329115927	45088,3663682755
287	0,348534017986	0,348280987193	1,347675577062	1,264812283927	0,049026314169	0,111329115927	45088,4564984606
288	0,348448331351	0,348300419766	1,347272697596	1,264977287054	0,049026314169	0,111329115927	45088,5465200116
289	0,348501282084	0,348211270204	1,347431057387	1,264647517444	0,049026314169	0,111329115927	45088,6366273611
290	0,348372027665	0,348212522503	1,346991089854	1,264733514834	0,049026314169	0,111329115927	45088,7267140741
291	0,348406059861	0,348260345973	1,347012647552	1,265082226762	0,049026314169	0,111329115927	45088,8167355903
292	0,348470845547	0,348269420641	1,347057373461	1,265405073431	0,049026314169	0,111329115927	45088,9066443866
293	0,348442916399	0,34817251695	1,346874553935	1,265032182663	0,049026314169	0,111329115927	45088,9965334954
294	0,348362928941	0,348109304333	1,34659291381	1,264812352003	0,049026314169	0,111329115927	45089,0863376505
295	0,348281416284	0,347987809246	1,346317422541	1,26423133464	0,049026314169	0,111329115927	45089,1761548727
296	0,348150156475	0,347887094405	1,345944985103	1,26374564569	0,049026314169	0,111329115927	45089,2659335648
297	0,348060254534	0,347880605506	1,345707702015	1,263762257655	0,049026314169	0,111329115927	45089,3557380556
298	0,347900275716	0,34707593349	1,34486923345	1,260300275648	0,049026314169	0,111329115927	45089,4454237153
299	0,346810207332	0,345472920688	1,342523703007	1,251391692641	0,049026314169	0,111329115927	45089,53599875
300	0,345405277693	0,343713785626	1,339042270344	1,241844589862	0,049026314169	0,111329115927	45089,6268442245
301	0,343765353102	0,3430937535	1,335187887094	1,238314286616	0,049026314169	0,111329115927	45089,7184958681
302	0,343417890005	0,343456737441	1,334492332821	1,239725542887	0,049026314169	0,111329115927	45089,8103623611
303	0,34378105177	0,344650224379	1,335082385068	1,246365599618	0,049026314169	0,111329115927	45089,9018062153
304	0,345035896436	0,345711936736	1,337673790227	1,252876993086	0,049026314169	0,111329115927	45089,9925947685
305	0,345949345069	0,346114917117	1,339678054193	1,255481234154	0,049026314169	0,111329115927	45090,0828713773
306	0,346385573489	0,346397803914	1,340617732478	1,257204742465	0,049026314169	0,111329115927	45090,1730635995
307	0,346566292423	0,346459836712	1,340896579493	1,257766523482	0,049026314169	0,111329115927	45090,2630377778
308	0,346645248304	0,346466232784	1,341040987643	1,258007261059	0,049026314169	0,111329115927	45090,3528235417
309	0,345948269861	0,343824645601	1,338645884681	1,244849472254	0,049026314169	0,111329115927	45090,4429751852
310	0,343588787053	0,342001077199	1,33390373955	1,234025862071	0,049026314169	0,111329115927	45090,5349371644
311	0,342176950707	0,342057879755	1,329984111164	1,234421159356	0,049026314169	0,111329115927	45090,6265685069
312	0,342227902427	0,34188224608	1,329823990645	1,23359729281	0,049026314169	0,111329115927	45090,7185504745
313	0,342209973904	0,342441499618	1,330143773197	1,236147685126	0,049026314169	0,111329115927	45090,8102561921
314	0,342671110472	0,342609454186	1,331138166024	1,237353335257	0,049026314169	0,111329115927	45090,9018068171
315	0,342798629263	0,34299951696	1,330999028847	1,239974766804	0,049026314169	0,111329115927	45090,992834213
316	0,343138107579	0,34283931694	1,331916037429	1,239461407944	0,049026314169	0,111329115927	45091,0838356944
317	0,342968228827	0,342714038039	1,331255439948	1,238952182837	0,049026314169	0,111329115927	45091,1747113889
318	0,342815469237	0,342507390193	1,33078695372	1,23807079926	0,049026314169	0,111329115927	45091,2656591088
319	0,342640767659	0,341995324123	1,330249105849	1,236072180804	0,049026314169	0,111329115927	45091,3572610185
320	0,341589103349	0,340287058401	1,327819245073	1,226991038708	0,049026314169	0,111329115927	45091,4489900579
321	0,340506990324	0,340801133998	1,324373440299	1,229567343112	0,049026314169	0,111329115927	45091,5409295023
322	0,341160663485	0,341313766348	1,325964834705	1,23241008998	0,049026314169	0,111329115927	45091,6325628935
323	0,341437154649	0,341346148957	1,32675706468	1,232476177312	0,049026314169	0,111329115927	45091,7240993171
324	0,341605067144	0,342061753639	1,326801264281	1,236855755487	0,049026314169	0,111329115927	45091,8149308449
325	0,342341025482	0,342803175523	1,328592246368	1,24072035642	0,049026314169	0,111329115927	45091,9056843056
326	0,343074061301	0,34321262785	1,330302875458	1,243350972459	0,049026314169	0,111329115927	45091,9960682523
327	0,343401893798	0,343490307503	1,330927638536	1,245021960035	0,049026314169	0,111329115927	45092,0861528125
328	0,343644778359	5,35983E-7	1,331436548041	1,719938E-6	0,049026314169	0,111329115927	45092,1830945949
329	8,90109610640624E-14	0,185735034659	3,33936870122834E-13	0,651879144298	0,048908166587	0,11631321162	45092,4139439583
330	0,349668075389	0,342336927844	1,354229380386	1,236476012784	0,048908166587	0,11631321162	45092,5057292477
331	0,342373543617	0,34198683693	1,329858290094	1,234417749226	0,048908166587	0,11631321162	45092,5969967014
332	0,342107054369	0,341583850188	1,329323234201	1,232395785644	0,048908166587	0,11631321162	45092,6884761806
333	0,341671511781	0,341306156336	1,327760162692	1,231288825327	0,048908166587	0,11631321162	45092,779856088
334	0,341481083419	0,341205427717	1,327015081353	1,231036918507	0,048908166587	0,11631321162	45092,8712343634
335	0,341296900167	0,340865709543	1,326240308752	1,229740165884	0,048908166587	0,11631321162	45092,9623805671
336	0,341013161874	0,340651370939	1,325388087402	1,228831939679	0,048908166587	0,11631321162	45093,0537211806
337	0,340719348033	0,34045243801	1,324448994947	1,228063917605	0,048908166587	0,11631321162	45093,144988125
338	0,340582961699	0,340414892339	1,323886573765	1,228433068161	0,048908166587	0,11631321162	45093,2362429861
339	0,329164320848	0,329021398866	1,276127518733	1,182666922484	0,048908166587	0,11631321162	45093,3134985301
340	0,340271036802	0,339501698162	1,323498730736	1,224157989217	0,048908166587	0,11631321162	45093,4051624074
341	0,339708206254	0,339695423315	1,321166210945	1,22534492756	0,048908166587	0,11631321162	45093,4964696875
342	0,339892289387	0,339689006049	1,321591112108	1,225511922947	0,048908166587	0,11631321162	45093,5876618634
343	0,339886441163	0,339650268479	1,321471208903	1,225415817595	0,048908166587	0,11631321162	45093,6789328241
344	0,339745749514	0,339484996951	1,320948988703	1,224747627243	0,048908166587	0,11631321162	45093,7701254282
345	0,339595165497	0,339435879433	1,320359751798	1,224775805777	0,048908166587	0,11631321162	45093,8611162268
346	0,339571722675	0,339307968561	1,320200794801	1,224280991308	0,048908166587	0,11631321162	45093,9521193171
347	0,339467654322	0,339202038526	1,319889097792	1,223857374628	0,048908166587	0,11631321162	45094,0431806597
348	0,339310590087	0,339074140371	1,319341341911	1,223386836436	0,048908166587	0,11631321162	45094,1342485764
349	0,339184733625	0,338928208384	1,318902875427	1,222863224112	0,048908166587	0,11631321162	45094,2252821528
350	0,33905122963	0,33881840849	1,318435661436	1,222444432867	0,048908166587	0,11631321162	45094,3162946643
351	0,338978610632	0,338655751769	1,318237847146	1,221639108549	0,048908166587	0,11631321162	45094,4074675
352	0,338759898208	0,338597571025	1,317519043213	1,221485756471	0,048908166587	0,11631321162	45094,4985786227
353	0,338712930735	0,338500702304	1,317296883514	1,221184295321	0,048908166587	0,11631321162	45094,5896378472
354	0,338598067754	0,338380562936	1,316867548531	1,220769127706	0,048908166587	0,11631321162	45094,6805722917
355	0,338510409436	0,338335345372	1,316544483549	1,220646687789	0,048908166587	0,11631321162	45094,7715311458
356	0,338469330863	0,338321192629	1,316338910566	1,220726677556	0,048908166587	0,11631321162	45094,8625347222
357	0,338414788716	0,338202351339	1,316097534812	1,220254661901	0,048908166587	0,11631321162	45094,9534589931
358	0,338299216017	0,338093832779	1,31571319697	1,219822185876	0,048908166587	0,11631321162	45095,0444261458
359	0,338194189639	0,337993145912	1,315346607483	1,219454065051	0,048908166587	0,11631321162	45095,1353284606
360	0,338099839606	0,337906582327	1,315012353269	1,219130330972	0,048908166587	0,11631321162	45095,2262509607
361	0,338000803628	0,337803224707	1,314654902869	1,218751049334	0,048908166587	0,11631321162	45095,3170784375
362	0,337909357352	0,337649544741	1,314385089665	1,217965456992	0,048908166587	0,11631321162	45095,4079275347
363	0,337777304165	0,33765342816	1,31396513912	1,218013099045	0,048908166587	0,11631321162	45095,4988114931
364	0,337786411576	0,337624936599	1,313926805341	1,218017044678	0,048908166587	0,11631321162	45095,5896328819
365	0,337766659267	0,337579866111	1,313821125412	1,2178653009	0,048908166587	0,11631321162	45095,680494537
366	0,337695431663	0,337529455814	1,31353956313	1,217693264953	0,048908166587	0,11631321162	45095,7712815394
367	0,337650776785	0,337500948357	1,313325073195	1,217707418107	0,048908166587	0,11631321162	45095,8620531597
368	0,337600076718	0,337388594486	1,313101073597	1,217272725107	0,048908166587	0,11631321162	45095,952776169
369	0,337526829782	0,337329194293	1,312874258712	1,217031001039	0,048908166587	0,11631321162	45096,0435977662
370	0,337444690623	0,337250390347	1,312566495377	1,216751037458	0,048908166587	0,11631321162	45096,1343453472
371	0,337362035745	0,33717033834	1,312241878576	1,216449370884	0,048908166587	0,11631321162	45096,2250211227
372	0,337224034174	0,336676949312	1,311727321235	1,214101181035	0,048908166587	0,11631321162	45096,3156925926
373	0,336773074233	0,336768663027	1,310609933168	1,21461250732	0,048908166587	0,11631321162	45096,4065794676
374	0,336984177465	0,336931332463	1,311014740446	1,215511140233	0,048908166587	0,11631321162	45096,4973438079
375	0,337104756678	0,33689774333	1,311341629504	1,215397181009	0,048908166587	0,11631321162	45096,5880687384
376	0,337058536297	0,336926218996	1,311151830934	1,215605502913	0,048908166587	0,11631321162	45096,6788015972
377	0,337048650282	0,336918515521	1,31099876461	1,21558463232	0,048908166587	0,11631321162	45096,7696115741
378	0,337001605983	0,336611110658	1,310885176106	1,214104500317	0,048908166587	0,11631321162	45096,8603671065
379	0,3367250994	2,36526E-7	1,310018787431	7,68635E-7	0,048908166587	0,11631321162	45096,9580278588
380	3,17896289514509E-14	0,18496243669	1,19464198350582E-13	0,6490447004	0,052094936371	0,130048811436	45097,1868028472
381	0,345092852511	0,337707676951	1,339058745055	1,218567501103	0,052094936371	0,130048811436	45097,2783946644
382	0,337734863738	0,337577250247	1,313607418083	1,217640779046	0,052094936371	0,130048811436	45097,3691953819
383	0,337740019414	0,33762755882	1,313445749797	1,218170964779	0,052094936371	0,130048811436	45097,4600728588
384	0,337812284587	0,261167689024	1,313589967196	0,967093687894	0,052094936371	0,130048811436	45097,5437385417
