TesterID:	Maccor#2														
Channel Number:	54														
TestName:	KAI_Zelltest_regulaer_fix_no_degass_flag.000														
TestDesc:	Regular cycling: formation, followed by pulse, C-rate quick charge and cycling t														
StartDateTime:	45056,3164141667														
Comment:															
															
									Charge			Discharge			
Cycle	AH-IN	AH-OUT	WH-IN	WH-OUT	ACR	DCIR	T1_Start	T1_End	T1_Min	T1_Max	T1_Start	T1_End	T1_Min	T1_Max	Date
0		2,70644E-7		6,5455E-8	0	0					-0,316112995147705	-0,316112995147705	-0,316112995147705	-0,316112995147705	45057,5665657523
1	0,519822027778	0,444694441882	1,935376243457	1,629531436286	0	0	-0,316112995147705	-0,282053291797638	-0,333142846822739	-0,282053291797638	-0,282053291797638	-0,282053291797638	-0,299083143472672	-0,265023440122604	45058,0057322222
2	0,447815103513	0,444588012754	1,68210528471	1,629886363084	0	0	-0,282053291797638	-0,265023440122604	-0,282053291797638	-0,265023440122604	-0,282053291797638	-0,282053291797638	-0,282053291797638	-0,265023440122604	45058,4194692708
3	0,460247371243	5,40433E-7	1,733433519521	1,737681E-6	0	0	-0,282053291797638	-0,282053291797638	-0,299083143472672	-0,265023440122604	-0,282053291797638	-0,282053291797638	-0,282053291797638	-0,265023440122604	45058,9067387269
4	7,50235243254241E-13	5,35547E-7	2,81498801505522E-12	1,735051E-6	0,043767061085	0,129127219319	-0,282053291797638	-0,282053291797638	-0,282053291797638	-0,265023440122604	-0,282053291797638	-0,282053291797638	-0,282053291797638	-0,265023440122604	45059,2101645949
5	0,450733020561	0,44904997076	1,706414113888	1,647462148157	0,043767061085	0,129127219319	-0,282053291797638	-0,282053291797638	-0,282053291797638	-0,265023440122604	-0,282053291797638	-0,282053291797638	-0,282053291797638	-0,265023440122604	45059,4750552315
6	0,449295238351	0,448026530577	1,70051874546	1,643951214196	0,043767061085	0,129127219319	-0,282053291797638	-0,282053291797638	-0,282053291797638	-0,265023440122604	-0,282053291797638	-0,282053291797638	-0,282053291797638	-0,265023440122604	45059,7459370949
7	0,448150273885	0,447121151142	1,695850806767	1,640802822785	0,043767061085	0,129127219319	-0,282053291797638	-0,282053291797638	-0,282053291797638	-0,265023440122604	-0,265023440122604	-0,282053291797638	-0,282053291797638	-0,265023440122604	45060,0160383912
8	0,447091839588	0,424859682823	1,691561806891	1,531573012841	0,043767061085	0,129127219319	-0,282053291797638	-0,282053291797638	-0,282053291797638	-0,265023440122604	-0,282053291797638	-0,265023440122604	-0,282053291797638	-0,265023440122604	45060,2032213773
9	0,425483169723	0,423486676883	1,616739885131	1,526974101833	0,043767061085	0,129127219319	-0,265023440122604	-0,282053291797638	-0,282053291797638	-0,265023440122604	-0,282053291797638	-0,265023440122604	-0,282053291797638	-0,265023440122604	45060,3842976505
10	0,424075793831	0,422505030101	1,611397089788	1,52371161034	0,043767061085	0,129127219319	-0,282053291797638	-0,282053291797638	-0,282053291797638	-0,265023440122604	-0,282053291797638	-0,282053291797638	-0,282053291797638	-0,265023440122604	45060,5645865046
11	0,423166559343	0,352485992704	1,60793349176	1,243057082817	0,043767061085	0,129127219319	-0,282053291797638	-0,282053291797638	-0,282053291797638	-0,265023440122604	-0,265023440122604	-0,282053291797638	-0,282053291797638	-0,265023440122604	45060,7227125463
12	0,353153489602	0,351354510801	1,359561107098	1,240079921636	0,043767061085	0,129127219319	-0,282053291797638	-0,265023440122604	-0,282053291797638	-0,265023440122604	-0,265023440122604	-0,265023440122604	-0,282053291797638	-0,265023440122604	45060,8615602662
13	0,351940068465	0,349471196332	1,354885072377	1,233676397066	0,043767061085	0,129127219319	-0,282053291797638	-0,282053291797638	-0,282053291797638	-0,265023440122604	-0,265023440122604	-0,282053291797638	-0,282053291797638	-0,265023440122604	45060,999770463
14	0,350058215537	0,437687331734	1,347839723258	1,607551847949	0,043767061085	0,129127219319	-0,265023440122604	-0,265023440122604	-0,282053291797638	-0,265023440122604	-0,282053291797638	-0,282053291797638	-0,282053291797638	-0,265023440122604	45061,2394942361
15	0,43753497473	0,438515759494	1,655376711554	1,610590522612	0,043767061085	0,129127219319	-0,265023440122604	-0,282053291797638	-0,282053291797638	-0,265023440122604	-0,282053291797638	-0,265023440122604	-0,282053291797638	-0,265023440122604	45061,5030749884
16	0,438435213968	6,00186E-7	1,658376399237	1,904016E-6	0,043767061085	0,129127219319	-0,282053291797638	-0,265023440122604	-0,299083143472672	-0,162844285368919	-0,265023440122604	-0,265023440122604	-0,282053291797638	-0,265023440122604	45061,7739486227
17	0,383475599816	0,384791253381	1,458700809415	1,392390464791	0,043767061085	0,129127219319	-0,282053291797638	-0,265023440122604	-0,282053291797638	-0,265023440122604	-0,265023440122604	-0,265023440122604	-0,282053291797638	-0,265023440122604	45061,9188730787
18	0,383381311139	0,384253097135	1,457968928943	1,390230682995	0,043767061085	0,129127219319	-0,265023440122604	-0,265023440122604	-0,282053291797638	-0,247993558645248	-0,265023440122604	-0,265023440122604	-0,282053291797638	-0,265023440122604	45062,0705257986
19	0,38308679485	0,383800573045	1,456546889987	1,388439643	0,043767061085	0,129127219319	-0,265023440122604	-0,265023440122604	-0,282053291797638	-0,247993558645248	-0,265023440122604	-0,265023440122604	-0,282053291797638	-0,265023440122604	45062,2220324537
20	0,356472114826	0,347274301169	1,383752263443	1,248526894766	0,043767061085	0,129127219319	-0,265023440122604	-0,265023440122604	-0,282053291797638	-0,247993558645248	-0,265023440122604	-0,265023440122604	-0,282053291797638	-0,265023440122604	45062,3453494097
21	0,345722756359	0,335279922323	1,341837488622	1,206164990865	0,043767061085	0,129127219319	-0,265023440122604	-0,265023440122604	-0,282053291797638	-0,265023440122604	-0,265023440122604	-0,265023440122604	-0,282053291797638	-0,265023440122604	45062,464959537
22	0,334004629507	5,94263E-7	1,296778105643	1,816869E-6	0,043767061085	0,129127219319	-0,265023440122604	-0,265023440122604	-0,282053291797638	-0,265023440122604	-0,265023440122604	-0,265023440122604	-0,282053291797638	-0,265023440122604	45062,5883999421
23	1,06177360697846E-12	0,232916669775	3,97460149950188E-12	0,81723772074	0,043855730444	0,113736875355	-0,265023440122604	-0,265023440122604	-0,265023440122604	-0,265023440122604	-0,265023440122604	-0,265023440122604	-0,265023440122604	-0,265023440122604	45062,8564574537
24	0,408411920482	0,401772971386	1,575018527529	1,450946085607	0,043855730444	0,113736875355	-0,265023440122604	-0,265023440122604	-0,265023440122604	-0,247993558645248	-0,265023440122604	-0,265023440122604	-0,282053291797638	-0,265023440122604	45062,9621454514
25	0,401916477517	0,400783574502	1,552284546882	1,447566684326	0,043855730444	0,113736875355	-0,265023440122604	-0,265023440122604	-0,282053291797638	-0,265023440122604	-0,265023440122604	-0,265023440122604	-0,282053291797638	-0,265023440122604	45063,0666861343
26	0,40093084649	0,399945274148	1,548538371819	1,444671983488	0,043855730444	0,113736875355	-0,265023440122604	-0,265023440122604	-0,282053291797638	-0,265023440122604	-0,265023440122604	-0,265023440122604	-0,282053291797638	-0,265023440122604	45063,1710359259
27	0,400032590625	0,399153459131	1,545144385372	1,441902349528	0,043855730444	0,113736875355	-0,265023440122604	-0,265023440122604	-0,282053291797638	-0,265023440122604	-0,265023440122604	-0,265023440122604	-0,282053291797638	-0,265023440122604	45063,2751829745
28	0,399226368958	0,398431422352	1,542069909956	1,439359346692	0,043855730444	0,113736875355	-0,265023440122604	-0,265023440122604	-0,265023440122604	-0,265023440122604	-0,265023440122604	-0,265023440122604	-0,282053291797638	-0,247993558645248	45063,3789940162
29	0,398493015006	0,397727606747	1,539325229085	1,436905636478	0,043855730444	0,113736875355	-0,265023440122604	-0,265023440122604	-0,282053291797638	-0,265023440122604	-0,265023440122604	-0,265023440122604	-0,282053291797638	-0,230963706970215	45063,4826996528
30	0,397783511628	0,397085532753	1,536666764056	1,434624992418	0,043855730444	0,113736875355	-0,265023440122604	-0,265023440122604	-0,282053291797638	-0,265023440122604	-0,265023440122604	-0,265023440122604	-0,282053291797638	-0,265023440122604	45063,5862338194
31	0,397153605704	0,396363583712	1,53430428954	1,43209749639	0,043855730444	0,113736875355	-0,265023440122604	-0,265023440122604	-0,282053291797638	-0,265023440122604	-0,282053291797638	-0,282053291797638	-0,299083143472672	-0,265023440122604	45063,689630625
32	0,396378943102	0,395778450877	1,53152719704	1,429989453768	0,043855730444	0,113736875355	-0,299083143472672	-0,282053291797638	-0,299083143472672	-0,265023440122604	-0,265023440122604	-0,265023440122604	-0,282053291797638	-0,265023440122604	45063,7928631019
33	0,395844734249	0,395186859024	1,529420580191	1,427895875588	0,043855730444	0,113736875355	-0,265023440122604	-0,265023440122604	-0,282053291797638	-0,265023440122604	-0,265023440122604	-0,265023440122604	-0,282053291797638	-0,265023440122604	45063,8959050463
34	0,395243021781	0,394597872648	1,527206587087	1,425809731921	0,043855730444	0,113736875355	-0,265023440122604	-0,265023440122604	-0,282053291797638	-0,247993558645248	-0,265023440122604	-0,265023440122604	-0,282053291797638	-0,265023440122604	45063,9989513426
35	0,394610295143	0,394002471338	1,524824730441	1,423690527032	0,043855730444	0,113736875355	-0,265023440122604	-0,265023440122604	-0,282053291797638	-0,265023440122604	-0,265023440122604	-0,265023440122604	-0,282053291797638	-0,265023440122604	45064,1017842014
36	0,393984678137	0,393369602559	1,52249188667	1,421422491232	0,043855730444	0,113736875355	-0,265023440122604	-0,265023440122604	-0,282053291797638	-0,265023440122604	-0,265023440122604	-0,265023440122604	-0,282053291797638	-0,265023440122604	45064,2043578588
37	0,393383309558	0,392825816797	1,520304393462	1,419541952951	0,043855730444	0,113736875355	-0,265023440122604	-0,265023440122604	-0,282053291797638	-0,265023440122604	-0,265023440122604	-0,265023440122604	-0,282053291797638	-0,265023440122604	45064,3068416204
38	0,392883357248	0,392294916644	1,518417505834	1,417667624305	0,043855730444	0,113736875355	-0,265023440122604	-0,265023440122604	-0,282053291797638	-0,265023440122604	-0,265023440122604	-0,265023440122604	-0,282053291797638	-0,265023440122604	45064,4093000347
39	0,392323219736	0,391773109174	1,516353816706	1,415823569181	0,043855730444	0,113736875355	-0,265023440122604	-0,265023440122604	-0,282053291797638	-0,265023440122604	-0,265023440122604	-0,265023440122604	-0,282053291797638	-0,265023440122604	45064,511685787
40	0,391795402156	0,391260329108	1,514364178244	1,413992688974	0,043855730444	0,113736875355	-0,265023440122604	-0,265023440122604	-0,282053291797638	-0,265023440122604	-0,265023440122604	-0,265023440122604	-0,282053291797638	-0,265023440122604	45064,6139255208
41	0,391213711048	0,390681580053	1,512198368174	1,411928485548	0,043855730444	0,113736875355	-0,265023440122604	-0,265023440122604	-0,282053291797638	-0,265023440122604	-0,265023440122604	-0,265023440122604	-0,282053291797638	-0,265023440122604	45064,7158820486
42	0,390698093412	0,390205058391	1,510307344434	1,410266817966	0,043855730444	0,113736875355	-0,265023440122604	-0,265023440122604	-0,282053291797638	-0,265023440122604	-0,265023440122604	-0,265023440122604	-0,282053291797638	-0,247993558645248	45064,8177471644
43	0,390225567549	0,3897129117	1,508531373356	1,408503604326	0,043855730444	0,113736875355	-0,265023440122604	-0,265023440122604	-0,265023440122604	-0,247993558645248	-0,265023440122604	-0,265023440122604	-0,265023440122604	-0,247993558645248	45064,9195320602
44	0,389690318046	0,389214375087	1,506556934101	1,406712669305	0,043855730444	0,113736875355	-0,265023440122604	-0,265023440122604	-0,282053291797638	-0,265023440122604	-0,265023440122604	-0,265023440122604	-0,282053291797638	-0,265023440122604	45065,0211756944
45	0,389243324103	0,388757120907	1,504910311996	1,405111206222	0,043855730444	0,113736875355	-0,265023440122604	-0,265023440122604	-0,265023440122604	-0,247993558645248	-0,265023440122604	-0,265023440122604	-0,265023440122604	-0,247993558645248	45065,1228408912
46	0,388748050012	0,388274003957	1,503085404367	1,403381948905	0,043855730444	0,113736875355	-0,265023440122604	-0,265023440122604	-0,282053291797638	-0,265023440122604	-0,265023440122604	-0,265023440122604	-0,282053291797638	-0,265023440122604	45065,2243752199
47	0,388273419236	0,387797423591	1,501330838199	1,401675774383	0,043855730444	0,113736875355	-0,265023440122604	-0,265023440122604	-0,282053291797638	-0,265023440122604	-0,265023440122604	-0,265023440122604	-0,282053291797638	-0,265023440122604	45065,3258361227
48	0,387784206155	0,387362119088	1,499536086861	1,400169336602	0,043855730444	0,113736875355	-0,265023440122604	-0,265023440122604	-0,282053291797638	-0,265023440122604	-0,265023440122604	-0,265023440122604	-0,282053291797638	-0,265023440122604	45065,4272189699
49	0,387366435508	0,386959154813	1,497957613781	1,398750149088	0,043855730444	0,113736875355	-0,265023440122604	-0,265023440122604	-0,282053291797638	-0,265023440122604	-0,265023440122604	-0,265023440122604	-0,282053291797638	-0,265023440122604	45065,5284726273
50	0,386910716439	0,386489048509	1,496249795595	1,397067613807	0,043855730444	0,113736875355	-0,265023440122604	-0,265023440122604	-0,282053291797638	-0,265023440122604	-0,265023440122604	-0,265023440122604	-0,265023440122604	-0,247993558645248	45065,6295840046
51	0,386512793179	0,386115722977	1,494759517288	1,395752541	0,043855730444	0,113736875355	-0,265023440122604	-0,265023440122604	-0,265023440122604	-0,247993558645248	-0,265023440122604	-0,265023440122604	-0,265023440122604	-0,247993558645248	45065,7306397454
52	0,386097946681	0,385712678591	1,49321391589	1,394314456687	0,043855730444	0,113736875355	-0,265023440122604	-0,265023440122604	-0,265023440122604	-0,247993558645248	-0,265023440122604	-0,265023440122604	-0,265023440122604	-0,247993558645248	45065,8315056366
53	0,385719350871	0,385332972242	1,491799585411	1,392972662334	0,043855730444	0,113736875355	-0,265023440122604	-0,265023440122604	-0,265023440122604	-0,247993558645248	-0,265023440122604	-0,265023440122604	-0,265023440122604	-0,247993558645248	45065,9323911574
54	0,385327386087	0,384957126427	1,490344620991	1,391636869961	0,043855730444	0,113736875355	-0,265023440122604	-0,265023440122604	-0,265023440122604	-0,247993558645248	-0,265023440122604	-0,265023440122604	-0,265023440122604	-0,247993558645248	45066,0332261806
55	0,384920949241	0,384557941727	1,488821599324	1,390208464633	0,043855730444	0,113736875355	-0,265023440122604	-0,265023440122604	-0,265023440122604	-0,247993558645248	-0,265023440122604	-0,265023440122604	-0,265023440122604	-0,247993558645248	45066,1338914815
56	0,384553206603	0,384204142234	1,487445505968	1,388963114871	0,043855730444	0,113736875355	-0,265023440122604	-0,265023440122604	-0,265023440122604	-0,247993558645248	-0,265023440122604	-0,265023440122604	-0,265023440122604	-0,247993558645248	45066,234517338
57	0,384196110707	0,3838359592	1,48611213444	1,387622348531	0,043855730444	0,113736875355	-0,265023440122604	-0,265023440122604	-0,265023440122604	-0,247993558645248	-0,265023440122604	-0,265023440122604	-0,265023440122604	-0,247993558645248	45066,3350801042
58	0,383780945766	0,383470470236	1,484544586492	1,386360081312	0,043855730444	0,113736875355	-0,265023440122604	-0,265023440122604	-0,265023440122604	-0,247993558645248	-0,265023440122604	-0,265023440122604	-0,265023440122604	-0,247993558645248	45066,4354398843
59	0,383462957017	0,383146223651	1,483345990737	1,385201611823	0,043855730444	0,113736875355	-0,247993558645248	-0,265023440122604	-0,265023440122604	-0,247993558645248	-0,265023440122604	-0,265023440122604	-0,265023440122604	-0,247993558645248	45066,535763912
60	0,383148500737	0,382843992655	1,482161644945	1,384147200013	0,043855730444	0,113736875355	-0,265023440122604	-0,265023440122604	-0,265023440122604	-0,247993558645248	-0,265023440122604	-0,265023440122604	-0,265023440122604	-0,247993558645248	45066,6360752315
61	0,382811022173	0,382517251223	1,480874357233	1,382988405043	0,043855730444	0,113736875355	-0,265023440122604	-0,247993558645248	-0,265023440122604	-0,247993558645248	-0,265023440122604	-0,247993558645248	-0,265023440122604	-0,247993558645248	45066,7362844676
62	0,382518183527	0,382233111491	1,479761505154	1,381994425149	0,043855730444	0,113736875355	-0,265023440122604	-0,247993558645248	-0,265023440122604	-0,247993558645248	-0,265023440122604	-0,247993558645248	-0,265023440122604	-0,247993558645248	45066,8364034954
63	0,382166654473	0,381881724405	1,478417219272	1,380715825364	0,043855730444	0,113736875355	-0,265023440122604	-0,265023440122604	-0,265023440122604	-0,247993558645248	-0,265023440122604	-0,265023440122604	-0,265023440122604	-0,247993558645248	45066,9363134606
64	0,381875233932	0,381592410807	1,477351394038	1,379701847376	0,043855730444	0,113736875355	-0,265023440122604	-0,247993558645248	-0,265023440122604	-0,247993558645248	-0,247993558645248	-0,265023440122604	-0,265023440122604	-0,247993558645248	45067,0362862153
65	0,381533728654	0,381268201946	1,476055299642	1,378543613402	0,043855730444	0,113736875355	-0,265023440122604	-0,265023440122604	-0,265023440122604	-0,247993558645248	-0,247993558645248	-0,247993558645248	-0,265023440122604	-0,247993558645248	45067,1360494792
66	0,381272806488	0,380994342983	1,475084234174	1,377578953994	0,043855730444	0,113736875355	-0,247993558645248	-0,265023440122604	-0,265023440122604	-0,247993558645248	-0,265023440122604	-0,247993558645248	-0,265023440122604	-0,247993558645248	45067,2358999074
67	0,380955194399	0,380689563521	1,473902869654	1,37645402935	0,043855730444	0,113736875355	-0,247993558645248	-0,247993558645248	-0,265023440122604	-0,247993558645248	-0,265023440122604	-0,265023440122604	-0,265023440122604	-0,247993558645248	45067,3356444676
68	0,380654367579	0,38041959921	1,472773075616	1,375543587255	0,043855730444	0,113736875355	-0,265023440122604	-0,265023440122604	-0,265023440122604	-0,247993558645248	-0,265023440122604	-0,247993558645248	-0,265023440122604	-0,247993558645248	45067,4353288889
69	0,380415535102	0,380171640742	1,471845892702	1,374673820293	0,043855730444	0,113736875355	-0,265023440122604	-0,247993558645248	-0,265023440122604	-0,247993558645248	-0,247993558645248	-0,247993558645248	-0,265023440122604	-0,247993558645248	45067,5349579861
70	0,380134400042	0,379905524459	1,47077441922	1,373744516178	0,043855730444	0,113736875355	-0,247993558645248	-0,247993558645248	-0,265023440122604	-0,247993558645248	-0,265023440122604	-0,247993558645248	-0,265023440122604	-0,247993558645248	45067,63446375
71	0,379869629379	0,379636879206	1,4697793801	1,372781746791	0,043855730444	0,113736875355	-0,247993558645248	-0,247993558645248	-0,265023440122604	-0,247993558645248	-0,247993558645248	-0,247993558645248	-0,265023440122604	-0,247993558645248	45067,7339171412
72	0,379648309614	0,379435389121	1,468937184028	1,372091492593	0,043855730444	0,113736875355	-0,247993558645248	-0,247993558645248	-0,265023440122604	-0,247993558645248	-0,247993558645248	-0,247993558645248	-0,265023440122604	-0,230963706970215	45067,8333292014
73	0,379382347377	7,11249E-7	1,467905900399	2,283714E-6	0,043855730444	0,113736875355	-0,247993558645248	-0,247993558645248	-0,265023440122604	-0,247993558645248	-0,247993558645248	-0,247993558645248	-0,265023440122604	-0,230963706970215	45067,9396442245
74	6,80298059561049E-13	0,214099310697	2,54856536079751E-12	0,751322545467	0,044368531555	0,11286406219	-0,247993558645248	-0,247993558645248	-0,247993558645248	-0,247993558645248	-0,247993558645248	-0,247993558645248	-0,265023440122604	-0,247993558645248	45068,1917678819
75	0,386001002921	0,379933942055	1,490523405546	1,373986917074	0,044368531555	0,11286406219	-0,247993558645248	-0,247993558645248	-0,265023440122604	-0,230963706970215	-0,247993558645248	-0,247993558645248	-0,265023440122604	-0,230963706970215	45068,2917050579
76	0,379924361126	0,379589064425	1,469612265063	1,372787420031	0,044368531555	0,11286406219	-0,247993558645248	-0,247993558645248	-0,265023440122604	-0,230963706970215	-0,247993558645248	-0,247993558645248	-0,265023440122604	-0,230963706970215	45068,3908855556
77	0,379540951923	0,379164032001	1,468093553214	1,371233973334	0,044368531555	0,11286406219	-0,247993558645248	-0,247993558645248	-0,265023440122604	-0,247993558645248	-0,247993558645248	-0,265023440122604	-0,265023440122604	-0,247993558645248	45068,4899097454
78	0,379122433411	0,378832134713	1,466619224659	1,369992679021	0,044368531555	0,11286406219	-0,265023440122604	-0,247993558645248	-0,265023440122604	-0,247993558645248	-0,247993558645248	-0,247993558645248	-0,265023440122604	-0,247993558645248	45068,5888821065
79	0,378797761324	0,37855443641	1,465412654999	1,368972278949	0,044368531555	0,11286406219	-0,247993558645248	-0,247993558645248	-0,265023440122604	-0,247993558645248	-0,247993558645248	-0,247993558645248	-0,265023440122604	-0,230963706970215	45068,6878110417
80	0,378556109816	0,378345224411	1,4645148169	1,36828285567	0,044368531555	0,11286406219	-0,247993558645248	-0,247993558645248	-0,247993558645248	-0,230963706970215	-0,247993558645248	-0,247993558645248	-0,247993558645248	-0,230963706970215	45068,7867673148
81	0,378298682085	0,378013281982	1,463504837923	1,367041756085	0,044368531555	0,11286406219	-0,247993558645248	-0,247993558645248	-0,247993558645248	-0,230963706970215	-0,247993558645248	-0,247993558645248	-0,247993558645248	-0,230963706970215	45068,8855726389
82	0,377971087152	0,377731664656	1,462353270664	1,365997003591	0,044368531555	0,11286406219	-0,247993558645248	-0,247993558645248	-0,265023440122604	-0,230963706970215	-0,247993558645248	-0,247993558645248	-0,265023440122604	-0,230963706970215	45068,9844155556
83	0,377667743626	0,377441043231	1,461266808456	1,364954536851	0,044368531555	0,11286406219	-0,265023440122604	-0,247993558645248	-0,265023440122604	-0,247993558645248	-0,247993558645248	-0,247993558645248	-0,265023440122604	-0,247993558645248	45069,0832416898
84	0,377354988162	0,377141382746	1,460138632449	1,363851036177	0,044368531555	0,11286406219	-0,247993558645248	-0,247993558645248	-0,265023440122604	-0,247993558645248	-0,265023440122604	-0,247993558645248	-0,265023440122604	-0,247993558645248	45069,1818837963
85	0,377098493589	0,376893393123	1,459203884483	1,362957289216	0,044368531555	0,11286406219	-0,247993558645248	-0,247993558645248	-0,265023440122604	-0,247993558645248	-0,247993558645248	-0,265023440122604	-0,265023440122604	-0,247993558645248	45069,2805497222
86	0,376853762417	0,376628648882	1,458342461816	1,361952409956	0,044368531555	0,11286406219	-0,247993558645248	-0,265023440122604	-0,265023440122604	-0,247993558645248	-0,247993558645248	-0,265023440122604	-0,265023440122604	-0,247993558645248	45069,3793269444
87	0,376577232543	0,376454222155	1,457357666667	1,361417310886	0,044368531555	0,11286406219	-0,247993558645248	-0,247993558645248	-0,265023440122604	-0,247993558645248	-0,247993558645248	-0,247993558645248	-0,265023440122604	-0,247993558645248	45069,4779596991
88	0,376351409658	0,376177792471	1,456439259082	1,361179391596	0,044368531555	0,11286406219	-0,247993558645248	-0,265023440122604	-0,265023440122604	-0,247993558645248	-0,265023440122604	-0,299083143472672	-0,299083143472672	-0,247993558645248	45069,5764499537
89	0,375800800158	0,375491964503	1,454531886321	1,357756686234	0,044368531555	0,11286406219	-0,299083143472672	-0,316112995147705	-0,316112995147705	-0,299083143472672	-0,316112995147705	-0,282053291797638	-0,316112995147705	-0,282053291797638	45069,6749327199
90	0,375708851852	0,37567281252	1,454185971801	1,358565766411	0,044368531555	0,11286406219	-0,282053291797638	-0,265023440122604	-0,282053291797638	-0,265023440122604	-0,265023440122604	-0,265023440122604	-0,282053291797638	-0,247993558645248	45069,7732758681
91	0,375695897861	0,375550112606	1,453988055602	1,358164538052	0,044368531555	0,11286406219	-0,247993558645248	-0,247993558645248	-0,265023440122604	-0,247993558645248	-0,265023440122604	-0,247993558645248	-0,265023440122604	-0,247993558645248	45069,8715994213
92	0,375523662269	0,375365406811	1,453342908816	1,357518938814	0,044368531555	0,11286406219	-0,265023440122604	-0,247993558645248	-0,265023440122604	-0,247993558645248	-0,247993558645248	-0,247993558645248	-0,265023440122604	-0,247993558645248	45069,9699800347
93	0,375313698316	0,375160009143	1,452566118982	1,356768675751	0,044368531555	0,11286406219	-0,265023440122604	-0,247993558645248	-0,265023440122604	-0,247993558645248	-0,265023440122604	-0,247993558645248	-0,265023440122604	-0,247993558645248	45070,0682695718
94	0,375085959103	0,37494693301	1,451704124854	1,355986450175	0,044368531555	0,11286406219	-0,265023440122604	-0,247993558645248	-0,265023440122604	-0,247993558645248	-0,265023440122604	-0,265023440122604	-0,265023440122604	-0,247993558645248	45070,1664709144
95	0,374907132725	0,374758311789	1,451040489137	1,355329207551	0,044368531555	0,11286406219	-0,247993558645248	-0,247993558645248	-0,265023440122604	-0,247993558645248	-0,247993558645248	-0,265023440122604	-0,265023440122604	-0,247993558645248	45070,2646751968
96	0,374683129618	0,37430472126	1,45020885353	1,353969104914	0,044368531555	0,11286406219	-0,247993558645248	-0,265023440122604	-0,265023440122604	-0,247993558645248	-0,282053291797638	-0,333142846822739	-0,333142846822739	-0,265023440122604	45070,3631010417
97	0,373804551272	0,373657909339	1,44730115664	1,351226635361	0,044368531555	0,11286406219	-0,333142846822739	-0,333142846822739	-0,333142846822739	-0,316112995147705	-0,316112995147705	-0,333142846822739	-0,333142846822739	-0,316112995147705	45070,4611684375
98	0,373536535885	0,373403361516	1,446321937649	1,350315389219	0,044368531555	0,11286406219	-0,333142846822739	-0,333142846822739	-0,333142846822739	-0,316112995147705	-0,333142846822739	-0,333142846822739	-0,333142846822739	-0,316112995147705	45070,5592118403
99	0,373390929117	0,373323084862	1,445822095417	1,350165958546	0,044368531555	0,11286406219	-0,333142846822739	-0,333142846822739	-0,333142846822739	-0,316112995147705	-0,333142846822739	-0,333142846822739	-0,333142846822739	-0,316112995147705	45070,6574368403
100	0,373417453576	0,374874523653	1,446955414595	1,355317163472	0,044368531555	0,11286406219	-0,316112995147705	-0,299083143472672	-0,333142846822739	-0,299083143472672	-0,299083143472672	-0,282053291797638	-0,299083143472672	-0,265023440122604	45070,7829594444
101	0,374956353692	0,374592972023	1,451432151947	1,354467497485	0,044368531555	0,11286406219	-0,282053291797638	-0,282053291797638	-0,299083143472672	-0,265023440122604	-0,282053291797638	-0,282053291797638	-0,282053291797638	-0,265023440122604	45070,8812279167
102	0,374542249598	0,374250722971	1,449763351026	1,353285474512	0,044368531555	0,11286406219	-0,265023440122604	-0,282053291797638	-0,282053291797638	-0,265023440122604	-0,282053291797638	-0,265023440122604	-0,282053291797638	-0,265023440122604	45070,9793441319
103	0,37420079273	0,37396271169	1,448478807164	1,352279216502	0,044368531555	0,11286406219	-0,282053291797638	-0,282053291797638	-0,282053291797638	-0,265023440122604	-0,282053291797638	-0,265023440122604	-0,282053291797638	-0,265023440122604	45071,0773945602
104	0,373910508516	0,373731468422	1,447367955035	1,35145548644	0,044368531555	0,11286406219	-0,282053291797638	-0,265023440122604	-0,282053291797638	-0,265023440122604	-0,265023440122604	-0,282053291797638	-0,282053291797638	-0,265023440122604	45071,1753572569
105	0,373695471078	0,373531282768	1,446584230385	1,350741551818	0,044368531555	0,11286406219	-0,265023440122604	-0,265023440122604	-0,282053291797638	-0,265023440122604	-0,265023440122604	-0,265023440122604	-0,282053291797638	-0,265023440122604	45071,2734003125
106	0,373459522443	0,373165746967	1,445624447537	1,349517270705	0,044368531555	0,11286406219	-0,265023440122604	-0,282053291797638	-0,282053291797638	-0,265023440122604	-0,282053291797638	-0,316112995147705	-0,316112995147705	-0,282053291797638	45071,3712246759
107	0,37277739585	0,372606448928	1,442870410682	1,347340891983	0,044368531555	0,11286406219	-0,316112995147705	-0,316112995147705	-0,333142846822739	-0,299083143472672	-0,316112995147705	-0,316112995147705	-0,333142846822739	-0,299083143472672	45071,4701213542
108	0,372598493464	0,372486307656	1,442712723642	1,346891308868	0,044368531555	0,11286406219	-0,316112995147705	-0,316112995147705	-0,333142846822739	-0,299083143472672	-0,316112995147705	-0,316112995147705	-0,316112995147705	-0,299083143472672	45071,5678552431
109	0,372401362161	0,3723028798	1,441923567983	1,346221583086	0,044368531555	0,11286406219	-0,316112995147705	-0,316112995147705	-0,316112995147705	-0,299083143472672	-0,299083143472672	-0,316112995147705	-0,316112995147705	-0,299083143472672	45071,6654362037
110	0,372349937177	0,372363566838	1,441759885516	1,346504479659	0,044368531555	0,11286406219	-0,316112995147705	-0,299083143472672	-0,316112995147705	-0,282053291797638	-0,282053291797638	-0,282053291797638	-0,299083143472672	-0,282053291797638	45071,7631360185
111	0,37240452087	0,372344246159	1,441794976738	1,346520578733	0,044368531555	0,11286406219	-0,282053291797638	-0,282053291797638	-0,299083143472672	-0,265023440122604	-0,282053291797638	-0,282053291797638	-0,282053291797638	-0,265023440122604	45071,8608270602
112	0,372273774486	0,372169867117	1,441248064007	1,345875137922	0,044368531555	0,11286406219	-0,265023440122604	-0,282053291797638	-0,282053291797638	-0,265023440122604	-0,282053291797638	-0,282053291797638	-0,282053291797638	-0,265023440122604	45071,9583638194
113	0,37212052598	0,372019985375	1,440671472147	1,345332154987	0,044368531555	0,11286406219	-0,282053291797638	-0,282053291797638	-0,299083143472672	-0,265023440122604	-0,265023440122604	-0,282053291797638	-0,282053291797638	-0,265023440122604	45072,0558456134
114	0,371972112936	0,37188568479	1,440100503535	1,34484075626	0,044368531555	0,11286406219	-0,265023440122604	-0,282053291797638	-0,282053291797638	-0,265023440122604	-0,282053291797638	-0,282053291797638	-0,282053291797638	-0,265023440122604	45072,1533038426
115	0,371807485131	0,371707445005	1,439471987214	1,344195338036	0,044368531555	0,11286406219	-0,282053291797638	-0,282053291797638	-0,282053291797638	-0,265023440122604	-0,282053291797638	-0,265023440122604	-0,282053291797638	-0,265023440122604	45072,250649294
116	0,371669906036	0,371614473478	1,438938694548	1,34393049593	0,044368531555	0,11286406219	-0,282053291797638	-0,265023440122604	-0,282053291797638	-0,265023440122604	-0,282053291797638	-0,265023440122604	-0,282053291797638	-0,265023440122604	45072,3479648148
117	0,371584292463	0,371486608809	1,438609579037	1,343439154772	0,044368531555	0,11286406219	-0,282053291797638	-0,282053291797638	-0,282053291797638	-0,265023440122604	-0,265023440122604	-0,265023440122604	-0,282053291797638	-0,265023440122604	45072,4454253009
118	0,371361794054	0,371281244839	1,437749586291	1,342697584205	0,044368531555	0,11286406219	-0,282053291797638	-0,265023440122604	-0,282053291797638	-0,265023440122604	-0,265023440122604	-0,265023440122604	-0,282053291797638	-0,265023440122604	45072,5426748958
119	0,371246759746	0,371161120734	1,437373152993	1,342278358992	0,044368531555	0,11286406219	-0,282053291797638	-0,282053291797638	-0,282053291797638	-0,265023440122604	-0,282053291797638	-0,282053291797638	-0,282053291797638	-0,265023440122604	45072,6400029745
120	0,371048210865	0,370946753092	1,436607877291	1,341480120517	0,044368531555	0,11286406219	-0,265023440122604	-0,282053291797638	-0,282053291797638	-0,265023440122604	-0,282053291797638	-0,282053291797638	-0,282053291797638	-0,265023440122604	45072,7372046644
121	0,370872142273	0,370796881949	1,43598740536	1,340931792455	0,044368531555	0,11286406219	-0,282053291797638	-0,282053291797638	-0,282053291797638	-0,265023440122604	-0,282053291797638	-0,282053291797638	-0,282053291797638	-0,265023440122604	45072,8343595602
122	0,370781309035	0,370683171081	1,435682343181	1,340507252166	0,044368531555	0,11286406219	-0,282053291797638	-0,282053291797638	-0,282053291797638	-0,265023440122604	-0,282053291797638	-0,282053291797638	-0,282053291797638	-0,265023440122604	45072,9317485185
123	0,370587930951	0,37050492748	1,434974461317	1,339856526051	0,044368531555	0,11286406219	-0,282053291797638	-0,282053291797638	-0,282053291797638	-0,265023440122604	-0,282053291797638	-0,282053291797638	-0,299083143472672	-0,265023440122604	45073,0289857986
124	0,370407317012	5,28564E-7	1,434313829979	1,690918E-6	0,044368531555	0,11286406219	-0,282053291797638	-0,282053291797638	-0,282053291797638	-0,265023440122604	-0,282053291797638	-0,282053291797638	-0,282053291797638	-0,265023440122604	45073,1330928935
125	9,15541313801785E-13	0,206605433237	3,43202454322535E-12	0,72513383702	0,046205364168	0,113245286047	-0,282053291797638	-0,282053291797638	-0,282053291797638	-0,282053291797638	-0,265023440122604	-0,282053291797638	-0,299083143472672	-0,265023440122604	45073,3799972338
126	0,376701858421	0,371239787983	1,456019056338	1,342618536982	0,046205364168	0,113245286047	-0,282053291797638	-0,282053291797638	-0,299083143472672	-0,265023440122604	-0,282053291797638	-0,282053291797638	-0,299083143472672	-0,265023440122604	45073,4778450694
127	0,371192394172	0,370993236313	1,437003793142	1,341740609249	0,046205364168	0,113245286047	-0,282053291797638	-0,282053291797638	-0,299083143472672	-0,265023440122604	-0,282053291797638	-0,282053291797638	-0,299083143472672	-0,282053291797638	45073,5750221875
128	0,370913134433	0,370742585896	1,435896085867	1,340822865402	0,046205364168	0,113245286047	-0,282053291797638	-0,282053291797638	-0,299083143472672	-0,265023440122604	-0,282053291797638	-0,282053291797638	-0,299083143472672	-0,265023440122604	45073,6720088542
129	0,370698239964	0,370561758647	1,435098990978	1,340158397449	0,046205364168	0,113245286047	-0,282053291797638	-0,282053291797638	-0,299083143472672	-0,265023440122604	-0,282053291797638	-0,282053291797638	-0,299083143472672	-0,265023440122604	45073,769042419
130	0,370473589864	0,37034606432	1,434240242895	1,339364061926	0,046205364168	0,113245286047	-0,282053291797638	-0,282053291797638	-0,282053291797638	-0,265023440122604	-0,282053291797638	-0,282053291797638	-0,282053291797638	-0,265023440122604	45073,8659242593
131	0,370294770605	0,370163973961	1,433595380572	1,33865756272	0,046205364168	0,113245286047	-0,282053291797638	-0,265023440122604	-0,282053291797638	-0,265023440122604	-0,282053291797638	-0,282053291797638	-0,282053291797638	-0,265023440122604	45073,9627805208
132	0,370114062503	0,369996079792	1,432970128385	1,338051047927	0,046205364168	0,113245286047	-0,265023440122604	-0,282053291797638	-0,282053291797638	-0,265023440122604	-0,282053291797638	-0,282053291797638	-0,282053291797638	-0,265023440122604	45074,059750787
133	0,369900753982	0,369798484783	1,432199621079	1,337298398355	0,046205364168	0,113245286047	-0,282053291797638	-0,282053291797638	-0,282053291797638	-0,265023440122604	-0,282053291797638	-0,282053291797638	-0,282053291797638	-0,265023440122604	45074,1566156019
134	0,369711929655	0,369617602009	1,431509482335	1,336632129149	0,046205364168	0,113245286047	-0,282053291797638	-0,282053291797638	-0,299083143472672	-0,265023440122604	-0,282053291797638	-0,282053291797638	-0,282053291797638	-0,265023440122604	45074,2534102315
135	0,369579894588	0,369513017731	1,431046925699	1,336271941739	0,046205364168	0,113245286047	-0,282053291797638	-0,265023440122604	-0,282053291797638	-0,265023440122604	-0,282053291797638	-0,282053291797638	-0,299083143472672	-0,265023440122604	45074,3502488426
136	0,369418675737	0,369338655009	1,430431824711	1,335618663554	0,046205364168	0,113245286047	-0,282053291797638	-0,282053291797638	-0,282053291797638	-0,265023440122604	-0,282053291797638	-0,282053291797638	-0,299083143472672	-0,265023440122604	45074,4469505903
137	0,369273526159	0,369191363908	1,42991507676	1,335093667157	0,046205364168	0,113245286047	-0,282053291797638	-0,282053291797638	-0,282053291797638	-0,265023440122604	-0,282053291797638	-0,282053291797638	-0,282053291797638	-0,265023440122604	45074,5436918287
138	0,369113604596	0,369041496155	1,429339598437	1,334525037381	0,046205364168	0,113245286047	-0,282053291797638	-0,282053291797638	-0,282053291797638	-0,265023440122604	-0,282053291797638	-0,282053291797638	-0,282053291797638	-0,265023440122604	45074,6404055093
139	0,368968323591	0,368896882166	1,42881032065	1,333995792923	0,046205364168	0,113245286047	-0,282053291797638	-0,282053291797638	-0,282053291797638	-0,265023440122604	-0,265023440122604	-0,282053291797638	-0,282053291797638	-0,265023440122604	45074,7370882639
140	0,368861464458	0,368809074549	1,428414865952	1,333697366603	0,046205364168	0,113245286047	-0,282053291797638	-0,282053291797638	-0,282053291797638	-0,265023440122604	-0,282053291797638	-0,282053291797638	-0,282053291797638	-0,265023440122604	45074,8337633333
141	0,368729039144	0,36865533842	1,427891135213	1,333111054651	0,046205364168	0,113245286047	-0,282053291797638	-0,265023440122604	-0,282053291797638	-0,265023440122604	-0,282053291797638	-0,282053291797638	-0,282053291797638	-0,265023440122604	45074,9303977083
142	0,368563901916	0,368508062794	1,427306112695	1,332565147238	0,046205364168	0,113245286047	-0,265023440122604	-0,265023440122604	-0,282053291797638	-0,265023440122604	-0,282053291797638	-0,282053291797638	-0,282053291797638	-0,265023440122604	45075,0270077662
143	0,36843948788	0,368384046362	1,426864899925	1,332119406939	0,046205364168	0,113245286047	-0,282053291797638	-0,282053291797638	-0,282053291797638	-0,265023440122604	-0,282053291797638	-0,282053291797638	-0,282053291797638	-0,265023440122604	45075,1236564583
144	0,368306123248	0,368251068438	1,426364005807	1,331631530246	0,046205364168	0,113245286047	-0,265023440122604	-0,282053291797638	-0,282053291797638	-0,265023440122604	-0,265023440122604	-0,282053291797638	-0,282053291797638	-0,265023440122604	45075,2202293634
145	0,368182071023	0,368163221615	1,425909507813	1,331369918268	0,046205364168	0,113245286047	-0,282053291797638	-0,282053291797638	-0,282053291797638	-0,265023440122604	-0,265023440122604	-0,282053291797638	-0,282053291797638	-0,265023440122604	45075,3168134259
146	0,36806579828	0,368023710921	1,425425948963	1,330848863161	0,046205364168	0,113245286047	-0,265023440122604	-0,282053291797638	-0,282053291797638	-0,265023440122604	-0,282053291797638	-0,282053291797638	-0,282053291797638	-0,265023440122604	45075,4132937847
147	0,367981955535	0,367944982421	1,425141486188	1,33057895363	0,046205364168	0,113245286047	-0,282053291797638	-0,282053291797638	-0,282053291797638	-0,265023440122604	-0,282053291797638	-0,265023440122604	-0,282053291797638	-0,265023440122604	45075,5098491898
148	0,367870744986	0,367833863468	1,424702678239	1,330154117945	0,046205364168	0,113245286047	-0,282053291797638	-0,282053291797638	-0,282053291797638	-0,265023440122604	-0,265023440122604	-0,265023440122604	-0,282053291797638	-0,265023440122604	45075,606297037
149	0,36776622559	0,367731767896	1,424313662537	1,329799484593	0,046205364168	0,113245286047	-0,282053291797638	-0,282053291797638	-0,282053291797638	-0,265023440122604	-0,282053291797638	-0,265023440122604	-0,282053291797638	-0,265023440122604	45075,702734838
150	0,367629271668	0,367615588246	1,423769263418	1,329407797419	0,046205364168	0,113245286047	-0,282053291797638	-0,265023440122604	-0,282053291797638	-0,265023440122604	-0,265023440122604	-0,265023440122604	-0,282053291797638	-0,265023440122604	45075,7990562616
151	0,367585194015	0,367532883502	1,423613516354	1,329077644269	0,046205364168	0,113245286047	-0,265023440122604	-0,282053291797638	-0,282053291797638	-0,265023440122604	-0,265023440122604	-0,265023440122604	-0,282053291797638	-0,265023440122604	45075,8953961343
152	0,367463581202	0,367419208452	1,423175879115	1,328641190308	0,046205364168	0,113245286047	-0,265023440122604	-0,282053291797638	-0,282053291797638	-0,265023440122604	-0,265023440122604	-0,265023440122604	-0,282053291797638	-0,265023440122604	45075,9917505787
153	0,367342257049	0,367295216182	1,422748578332	1,328170621763	0,046205364168	0,113245286047	-0,265023440122604	-0,265023440122604	-0,282053291797638	-0,265023440122604	-0,265023440122604	-0,265023440122604	-0,282053291797638	-0,265023440122604	45076,0880841667
154	0,367189761213	0,367141496796	1,422170259154	1,327604767397	0,046205364168	0,113245286047	-0,282053291797638	-0,265023440122604	-0,282053291797638	-0,265023440122604	-0,265023440122604	-0,282053291797638	-0,282053291797638	-0,265023440122604	45076,1843297801
155	0,367073103007	0,367039478368	1,421758482271	1,327240060387	0,046205364168	0,113245286047	-0,282053291797638	-0,265023440122604	-0,282053291797638	-0,265023440122604	-0,282053291797638	-0,282053291797638	-0,282053291797638	-0,265023440122604	45076,2805618634
156	0,366914128375	0,366708362681	1,421145158875	1,32639629652	0,046205364168	0,113245286047	-0,282053291797638	-0,282053291797638	-0,282053291797638	-0,265023440122604	-0,299083143472672	-0,316112995147705	-0,333142846822739	-0,299083143472672	45076,377011875
157	0,366282012946	0,366214143521	1,419091939794	1,324132579269	0,046205364168	0,113245286047	-0,316112995147705	-0,333142846822739	-0,333142846822739	-0,316112995147705	-0,333142846822739	-0,333142846822739	-0,333142846822739	-0,316112995147705	45076,4733515278
158	0,363404655335	0,363578735604	1,407052528748	1,314034010077	0,046205364168	0,113245286047	-0,333142846822739	-0,316112995147705	-0,333142846822739	-0,299083143472672	-0,316112995147705	-0,299083143472672	-0,316112995147705	-0,299083143472672	45076,5630686806
159	0,366480853707	0,366387254579	1,419745353614	1,324701259983	0,046205364168	0,113245286047	-0,299083143472672	-0,299083143472672	-0,316112995147705	-0,282053291797638	-0,299083143472672	-0,299083143472672	-0,299083143472672	-0,282053291797638	45076,6594297222
160	0,366411712734	0,366416958808	1,419486312365	1,324827535123	0,046205364168	0,113245286047	-0,282053291797638	-0,299083143472672	-0,299083143472672	-0,282053291797638	-0,282053291797638	-0,282053291797638	-0,299083143472672	-0,265023440122604	45076,7556913773
161	0,366395084266	0,366428587665	1,419352847871	1,32500141403	0,046205364168	0,113245286047	-0,282053291797638	-0,282053291797638	-0,299083143472672	-0,265023440122604	-0,282053291797638	-0,265023440122604	-0,282053291797638	-0,265023440122604	45076,851925
162	0,366361377061	0,366339420088	1,419121565554	1,324671283894	0,046205364168	0,113245286047	-0,282053291797638	-0,282053291797638	-0,282053291797638	-0,265023440122604	-0,265023440122604	-0,282053291797638	-0,282053291797638	-0,265023440122604	45076,9480606481
163	0,366266103366	0,366238749963	1,418765096103	1,324291133446	0,046205364168	0,113245286047	-0,265023440122604	-0,265023440122604	-0,282053291797638	-0,265023440122604	-0,265023440122604	-0,265023440122604	-0,282053291797638	-0,265023440122604	45077,0440838773
164	0,366172103857	0,366152159254	1,418406819249	1,323954093118	0,046205364168	0,113245286047	-0,265023440122604	-0,265023440122604	-0,282053291797638	-0,265023440122604	-0,282053291797638	-0,265023440122604	-0,282053291797638	-0,265023440122604	45077,1401090046
165	0,366079815	0,366060453167	1,41805566279	1,323623521524	0,046205364168	0,113245286047	-0,265023440122604	-0,265023440122604	-0,282053291797638	-0,265023440122604	-0,265023440122604	-0,265023440122604	-0,282053291797638	-0,265023440122604	45077,2360756134
166	0,366038259793	0,366047563321	1,41791429435	1,323667617343	0,046205364168	0,113245286047	-0,265023440122604	-0,265023440122604	-0,282053291797638	-0,265023440122604	-0,265023440122604	-0,265023440122604	-0,282053291797638	-0,265023440122604	45077,3321945602
167	0,365720656605	0,365692316762	1,416822782025	1,322275053633	0,046205364168	0,113245286047	-0,299083143472672	-0,299083143472672	-0,316112995147705	-0,282053291797638	-0,299083143472672	-0,282053291797638	-0,299083143472672	-0,282053291797638	45077,4281317824
168	0,365673527245	0,365687160694	1,41661829296	1,322271665118	0,046205364168	0,113245286047	-0,282053291797638	-0,282053291797638	-0,299083143472672	-0,282053291797638	-0,282053291797638	-0,282053291797638	-0,299083143472672	-0,282053291797638	45077,5241270139
169	0,365597347088	0,36554375302	1,416293368277	1,321740061502	0,046205364168	0,113245286047	-0,282053291797638	-0,282053291797638	-0,299083143472672	-0,265023440122604	-0,282053291797638	-0,299083143472672	-0,299083143472672	-0,282053291797638	45077,6199987268
170	0,365353306161	0,365349995018	1,415472618423	1,320941955727	0,046205364168	0,113245286047	-0,299083143472672	-0,299083143472672	-0,299083143472672	-0,282053291797638	-0,299083143472672	-0,299083143472672	-0,299083143472672	-0,282053291797638	45077,7158711227
171	0,365379348353	0,365475288116	1,415541902102	1,321550730667	0,046205364168	0,113245286047	-0,282053291797638	-0,282053291797638	-0,299083143472672	-0,265023440122604	-0,265023440122604	-0,265023440122604	-0,282053291797638	-0,265023440122604	45077,81170375
172	0,365458392681	0,365453336531	1,415722105989	1,321468160123	0,046205364168	0,113245286047	-0,265023440122604	-0,265023440122604	-0,282053291797638	-0,265023440122604	-0,282053291797638	-0,265023440122604	-0,282053291797638	-0,265023440122604	45077,9075629745
173	0,365394762864	0,365406844201	1,415480168284	1,321291802875	0,046205364168	0,113245286047	-0,265023440122604	-0,265023440122604	-0,282053291797638	-0,265023440122604	-0,265023440122604	-0,265023440122604	-0,282053291797638	-0,247993558645248	45078,0034653704
174	0,365301452382	0,365281534355	1,415137634236	1,320814133982	0,046205364168	0,113245286047	-0,265023440122604	-0,265023440122604	-0,282053291797638	-0,247993558645248	-0,265023440122604	-0,265023440122604	-0,282053291797638	-0,247993558645248	45078,0992448727
175	0,365202974354	6,04648E-7	1,414765926466	1,928205E-6	0,046205364168	0,113245286047	-0,265023440122604	-0,265023440122604	-0,282053291797638	-0,247993558645248	-0,265023440122604	-0,265023440122604	-0,265023440122604	-0,265023440122604	45078,2020179745
176	0	0,201912623038	0	0,708675691145	0,04868215695	0,116747751832	-0,299083143472672	-0,299083143472672	-0,299083143472672	-0,299083143472672	-0,299083143472672	-0,299083143472672	-0,316112995147705	-0,282053291797638	45078,4457553125
177	0,370741521397	0,365707839638	1,434037595315	1,322351345418	0,04868215695	0,116747751832	-0,299083143472672	-0,299083143472672	-0,316112995147705	-0,282053291797638	-0,299083143472672	-0,299083143472672	-0,299083143472672	-0,282053291797638	45078,542156956
178	0,365707148926	0,365554095242	1,416628504557	1,321842603828	0,04868215695	0,116747751832	-0,299083143472672	-0,282053291797638	-0,299083143472672	-0,282053291797638	-0,282053291797638	-0,282053291797638	-0,299083143472672	-0,265023440122604	45078,6380296065
179	0,365508692733	0,365371980725	1,415872454604	1,32115249275	0,04868215695	0,116747751832	-0,282053291797638	-0,282053291797638	-0,299083143472672	-0,282053291797638	-0,282053291797638	-0,282053291797638	-0,299083143472672	-0,282053291797638	45078,7338468519
180	0,36543987498	0,365374576455	1,415554020999	1,32126243701	0,04868215695	0,116747751832	-0,282053291797638	-0,265023440122604	-0,282053291797638	-0,265023440122604	-0,265023440122604	-0,265023440122604	-0,282053291797638	-0,265023440122604	45078,8296359028
181	0,365327679303	0,365215695489	1,415050796627	1,320677303504	0,04868215695	0,116747751832	-0,265023440122604	-0,265023440122604	-0,282053291797638	-0,265023440122604	-0,265023440122604	-0,265023440122604	-0,265023440122604	-0,247993558645248	45078,9253871644
182	0,365142593065	0,365046451748	1,414381835628	1,32002663172	0,04868215695	0,116747751832	-0,265023440122604	-0,265023440122604	-0,282053291797638	-0,247993558645248	-0,265023440122604	-0,265023440122604	-0,265023440122604	-0,247993558645248	45079,0210995718
183	0,365014878853	0,364921120286	1,413941331669	1,31957454276	0,04868215695	0,116747751832	-0,265023440122604	-0,265023440122604	-0,265023440122604	-0,247993558645248	-0,265023440122604	-0,265023440122604	-0,265023440122604	-0,247993558645248	45079,1168784144
184	0,364831039903	0,364755918486	1,413257214519	1,318948910007	0,04868215695	0,116747751832	-0,265023440122604	-0,265023440122604	-0,265023440122604	-0,247993558645248	-0,265023440122604	-0,265023440122604	-0,265023440122604	-0,247993558645248	45079,2125794213
185	0,36469952145	0,364653780952	1,412796435652	1,318618736793	0,04868215695	0,116747751832	-0,265023440122604	-0,265023440122604	-0,265023440122604	-0,247993558645248	-0,265023440122604	-0,265023440122604	-0,265023440122604	-0,247993558645248	45079,3082429398
186	0,364331895987	0,364137232759	1,411284129177	1,316638667802	0,04868215695	0,116747751832	-0,265023440122604	-0,299083143472672	-0,299083143472672	-0,247993558645248	-0,299083143472672	-0,299083143472672	-0,316112995147705	-0,299083143472672	45079,4037253125
187	0,363996854692	0,363931806269	1,410380874258	1,315849964426	0,04868215695	0,116747751832	-0,316112995147705	-0,299083143472672	-0,316112995147705	-0,299083143472672	-0,316112995147705	-0,299083143472672	-0,316112995147705	-0,299083143472672	45079,4993043634
188	0,363853680344	0,363820679899	1,409883720724	1,315390474789	0,04868215695	0,116747751832	-0,316112995147705	-0,316112995147705	-0,316112995147705	-0,299083143472672	-0,299083143472672	-0,299083143472672	-0,316112995147705	-0,299083143472672	45079,594834213
189	0,363792140339	0,363834948144	1,409665880062	1,31552849916	0,04868215695	0,116747751832	-0,299083143472672	-0,299083143472672	-0,316112995147705	-0,299083143472672	-0,299083143472672	-0,282053291797638	-0,299083143472672	-0,282053291797638	45079,6903601968
190	0,363859904713	0,363832412604	1,409834562393	1,315490528371	0,04868215695	0,116747751832	-0,282053291797638	-0,282053291797638	-0,282053291797638	-0,265023440122604	-0,282053291797638	-0,265023440122604	-0,282053291797638	-0,265023440122604	45079,785814919
191	0,363848469989	0,363819494358	1,409759838178	1,315463273277	0,04868215695	0,116747751832	-0,265023440122604	-0,265023440122604	-0,282053291797638	-0,247993558645248	-0,265023440122604	-0,265023440122604	-0,282053291797638	-0,247993558645248	45079,8814118981
192	0,36372376959	0,363695452073	1,409288244405	1,31499618608	0,04868215695	0,116747751832	-0,265023440122604	-0,265023440122604	-0,265023440122604	-0,247993558645248	-0,265023440122604	-0,265023440122604	-0,282053291797638	-0,247993558645248	45079,9769280208
193	0,363600874731	0,363563668591	1,408846442655	1,314507096269	0,04868215695	0,116747751832	-0,265023440122604	-0,265023440122604	-0,265023440122604	-0,247993558645248	-0,265023440122604	-0,265023440122604	-0,265023440122604	-0,247993558645248	45080,0723391551
194	0,36351474208	0,363492643144	1,408539297832	1,314253033148	0,04868215695	0,116747751832	-0,265023440122604	-0,265023440122604	-0,265023440122604	-0,247993558645248	-0,265023440122604	-0,247993558645248	-0,265023440122604	-0,247993558645248	45080,1678204745
195	0,363387892152	0,363355739833	1,408065480169	1,313754398264	0,04868215695	0,116747751832	-0,265023440122604	-0,265023440122604	-0,265023440122604	-0,247993558645248	-0,265023440122604	-0,265023440122604	-0,265023440122604	-0,247993558645248	45080,2631853241
196	0,363281616804	0,363275656673	1,407647868013	1,31346392195	0,04868215695	0,116747751832	-0,265023440122604	-0,265023440122604	-0,265023440122604	-0,247993558645248	-0,265023440122604	-0,265023440122604	-0,282053291797638	-0,247993558645248	45080,3585196759
197	0,363202270318	0,363186561787	1,407381076843	1,313149809949	0,04868215695	0,116747751832	-0,265023440122604	-0,265023440122604	-0,282053291797638	-0,247993558645248	-0,265023440122604	-0,265023440122604	-0,265023440122604	-0,247993558645248	45080,4538952199
198	0,363107282528	0,363092254886	1,407015998843	1,312816219799	0,04868215695	0,116747751832	-0,265023440122604	-0,265023440122604	-0,265023440122604	-0,247993558645248	-0,265023440122604	-0,265023440122604	-0,265023440122604	-0,247993558645248	45080,5491774884
199	0,363020989287	0,363006991923	1,406706992998	1,312509883917	0,04868215695	0,116747751832	-0,265023440122604	-0,265023440122604	-0,265023440122604	-0,247993558645248	-0,265023440122604	-0,265023440122604	-0,265023440122604	-0,247993558645248	45080,6445052315
200	0,362949736776	0,362932115477	1,406453777689	1,312252083893	0,04868215695	0,116747751832	-0,265023440122604	-0,265023440122604	-0,265023440122604	-0,247993558645248	-0,265023440122604	-0,265023440122604	-0,265023440122604	-0,247993558645248	45080,7398687269
201	0,362823860839	0,362835208395	1,405961887574	1,311909107339	0,04868215695	0,116747751832	-0,265023440122604	-0,247993558645248	-0,265023440122604	-0,247993558645248	-0,247993558645248	-0,265023440122604	-0,265023440122604	-0,247993558645248	45080,8350856713
202	0,36277078291	0,362739602784	1,405769138007	1,31152747676	0,04868215695	0,116747751832	-0,247993558645248	-0,247993558645248	-0,265023440122604	-0,247993558645248	-0,247993558645248	-0,247993558645248	-0,265023440122604	-0,247993558645248	45080,9303004167
203	0,362652758393	0,362642747627	1,405374299542	1,311175456496	0,04868215695	0,116747751832	-0,247993558645248	-0,247993558645248	-0,265023440122604	-0,247993558645248	-0,247993558645248	-0,247993558645248	-0,265023440122604	-0,247993558645248	45081,0255320139
204	0,362568001816	0,362560092684	1,405068307359	1,310863590795	0,04868215695	0,116747751832	-0,247993558645248	-0,247993558645248	-0,265023440122604	-0,247993558645248	-0,247993558645248	-0,247993558645248	-0,265023440122604	-0,247993558645248	45081,1207940972
205	0,362493570404	0,362477469743	1,404784960053	1,310565991441	0,04868215695	0,116747751832	-0,247993558645248	-0,247993558645248	-0,265023440122604	-0,247993558645248	-0,247993558645248	-0,247993558645248	-0,265023440122604	-0,247993558645248	45081,2160180556
206	0,362425844609	0,36245288449	1,404549934354	1,310563690829	0,04868215695	0,116747751832	-0,247993558645248	-0,265023440122604	-0,265023440122604	-0,247993558645248	-0,247993558645248	-0,247993558645248	-0,265023440122604	-0,230963706970215	45081,3112844792
207	0,362379670544	0,362352179822	1,404315125233	1,310096461212	0,04868215695	0,116747751832	-0,247993558645248	-0,247993558645248	-0,265023440122604	-0,230963706970215	-0,247993558645248	-0,247993558645248	-0,265023440122604	-0,247993558645248	45081,4064942477
208	0,362246960137	0,362265597801	1,403868422863	1,309822262798	0,04868215695	0,116747751832	-0,247993558645248	-0,247993558645248	-0,265023440122604	-0,247993558645248	-0,247993558645248	-0,247993558645248	-0,265023440122604	-0,230963706970215	45081,5016135648
209	0,36217915633	0,362166102832	1,403612647947	1,309422303674	0,04868215695	0,116747751832	-0,247993558645248	-0,247993558645248	-0,265023440122604	-0,230963706970215	-0,247993558645248	-0,247993558645248	-0,265023440122604	-0,230963706970215	45081,5967023148
210	0,362110040061	0,362118332345	1,403364007855	1,309247090187	0,04868215695	0,116747751832	-0,247993558645248	-0,247993558645248	-0,265023440122604	-0,247993558645248	-0,247993558645248	-0,247993558645248	-0,247993558645248	-0,230963706970215	45081,6918042245
211	0,362057591363	0,362092544175	1,403171248958	1,309221401977	0,04868215695	0,116747751832	-0,247993558645248	-0,247993558645248	-0,247993558645248	-0,230963706970215	-0,247993558645248	-0,247993558645248	-0,265023440122604	-0,230963706970215	45081,786995463
212	0,362039253729	0,362017609025	1,403047913506	1,308905632177	0,04868215695	0,116747751832	-0,230963706970215	-0,247993558645248	-0,247993558645248	-0,230963706970215	-0,230963706970215	-0,230963706970215	-0,247993558645248	-0,230963706970215	45081,882158206
213	0,361897902578	0,361879438795	1,402532991776	1,308365721593	0,04868215695	0,116747751832	-0,247993558645248	-0,230963706970215	-0,247993558645248	-0,230963706970215	-0,230963706970215	-0,247993558645248	-0,247993558645248	-0,230963706970215	45081,977178206
214	0,361802015363	0,361791596421	1,402202325403	1,308031891372	0,04868215695	0,116747751832	-0,247993558645248	-0,247993558645248	-0,247993558645248	-0,230963706970215	-0,230963706970215	-0,247993558645248	-0,247993558645248	-0,230963706970215	45082,0722070255
215	0,361708043949	0,361707620091	1,401863106596	1,307717931178	0,04868215695	0,116747751832	-0,230963706970215	-0,247993558645248	-0,247993558645248	-0,230963706970215	-0,247993558645248	-0,247993558645248	-0,247993558645248	-0,230963706970215	45082,1672541898
216	0,361673920919	0,36166628573	1,40176359074	1,307561174238	0,04868215695	0,116747751832	-0,247993558645248	-0,230963706970215	-0,247993558645248	-0,230963706970215	-0,247993558645248	-0,247993558645248	-0,247993558645248	-0,230963706970215	45082,2624601968
217	0,361533076248	0,361417075385	1,401145707317	1,306716128693	0,04868215695	0,116747751832	-0,230963706970215	-0,247993558645248	-0,247993558645248	-0,230963706970215	-0,230963706970215	-0,282053291797638	-0,299083143472672	-0,230963706970215	45082,3571966319
218	0,360980674003	0,360927446438	1,399493521882	1,304684715073	0,04868215695	0,116747751832	-0,299083143472672	-0,299083143472672	-0,316112995147705	-0,282053291797638	-0,299083143472672	-0,299083143472672	-0,316112995147705	-0,282053291797638	45082,4521709954
219	0,360887514925	0,360895139274	1,399130602569	1,304541483871	0,04868215695	0,116747751832	-0,299083143472672	-0,299083143472672	-0,299083143472672	-0,282053291797638	-0,299083143472672	-0,299083143472672	-0,299083143472672	-0,282053291797638	45082,5471579745
220	0,36083235229	0,36087040461	1,398909658221	1,304729885036	0,04868215695	0,116747751832	-0,299083143472672	-0,299083143472672	-0,299083143472672	-0,282053291797638	-0,299083143472672	-0,282053291797638	-0,299083143472672	-0,282053291797638	45082,6423393981
221	0,360841996378	0,360840935836	1,398883211489	1,304411256464	0,04868215695	0,116747751832	-0,282053291797638	-0,282053291797638	-0,299083143472672	-0,282053291797638	-0,282053291797638	-0,282053291797638	-0,299083143472672	-0,265023440122604	45082,7373790162
222	0,360900188191	0,360958421191	1,399062005706	1,304929580534	0,04868215695	0,116747751832	-0,282053291797638	-0,265023440122604	-0,282053291797638	-0,265023440122604	-0,265023440122604	-0,265023440122604	-0,282053291797638	-0,265023440122604	45082,8323886574
223	0,36089698651	0,360887453811	1,398967451313	1,304631428922	0,04868215695	0,116747751832	-0,265023440122604	-0,265023440122604	-0,282053291797638	-0,247993558645248	-0,265023440122604	-0,265023440122604	-0,265023440122604	-0,247993558645248	45082,9273085301
224	0,360787968419	0,36079181768	1,39857917908	1,304253666545	0,04868215695	0,116747751832	-0,265023440122604	-0,265023440122604	-0,282053291797638	-0,247993558645248	-0,265023440122604	-0,265023440122604	-0,265023440122604	-0,247993558645248	45083,0221637037
225	0,36069085694	0,360683328788	1,398234195289	1,303861879697	0,04868215695	0,116747751832	-0,265023440122604	-0,265023440122604	-0,265023440122604	-0,247993558645248	-0,265023440122604	-0,265023440122604	-0,265023440122604	-0,247993558645248	45083,1170088773
226	0,360616222596	6,38556E-7	1,397981053521	2,036493E-6	0,04868215695	0,116747751832	-0,265023440122604	-0,265023440122604	-0,265023440122604	-0,247993558645248	-0,265023440122604	-0,265023440122604	-0,282053291797638	-0,247993558645248	45083,2188560764
227	8,96467536430915E-13	0,198357943638	3,36296583695691E-12	0,696145324015	0,048349034041	0,119152843952	-0,282053291797638	-0,299083143472672	-0,299083143472672	-0,282053291797638	-0,299083143472672	-0,299083143472672	-0,299083143472672	-0,282053291797638	45083,4606423611
228	0,366246032558	0,36139244245	1,417461865277	1,306672849254	0,048349034041	0,119152843952	-0,299083143472672	-0,265023440122604	-0,299083143472672	-0,265023440122604	-0,265023440122604	-0,265023440122604	-0,282053291797638	-0,265023440122604	45083,5570036806
229	0,361267654732	0,361137980883	1,400301188913	1,30566708501	0,048349034041	0,119152843952	-0,282053291797638	-0,282053291797638	-0,282053291797638	-0,265023440122604	-0,282053291797638	-0,282053291797638	-0,299083143472672	-0,265023440122604	45083,651898206
230	0,358888813525	0,358948684882	1,390395747486	1,297010474869	0,048349034041	0,119152843952	-0,282053291797638	-0,265023440122604	-0,299083143472672	-0,265023440122604	-0,265023440122604	-0,265023440122604	-0,282053291797638	-0,247993558645248	45083,7407721181
231	0,361188845602	0,361073376302	1,399866978196	1,30543560448	0,048349034041	0,119152843952	-0,247993558645248	-0,265023440122604	-0,265023440122604	-0,247993558645248	-0,265023440122604	-0,247993558645248	-0,265023440122604	-0,247993558645248	45083,8356524074
232	0,361029683187	0,360967513871	1,399246421053	1,30503282064	0,048349034041	0,119152843952	-0,247993558645248	-0,247993558645248	-0,265023440122604	-0,247993558645248	-0,247993558645248	-0,247993558645248	-0,265023440122604	-0,247993558645248	45083,9305183218
233	0,360915163904	0,36087192267	1,398847104878	1,304694983204	0,048349034041	0,119152843952	-0,247993558645248	-0,247993558645248	-0,265023440122604	-0,247993558645248	-0,265023440122604	-0,247993558645248	-0,265023440122604	-0,247993558645248	45084,0254666898
234	0,360774139497	0,360732431052	1,398305281404	1,304167869998	0,048349034041	0,119152843952	-0,247993558645248	-0,247993558645248	-0,265023440122604	-0,247993558645248	-0,247993558645248	-0,247993558645248	-0,265023440122604	-0,247993558645248	45084,1201928588
235	0,360654047801	0,360620125708	1,3978727423	1,30373616251	0,048349034041	0,119152843952	-0,247993558645248	-0,247993558645248	-0,265023440122604	-0,247993558645248	-0,247993558645248	-0,247993558645248	-0,265023440122604	-0,247993558645248	45084,2148877315
236	0,360587588065	0,360554162652	1,397650210953	1,303521279872	0,048349034041	0,119152843952	-0,247993558645248	-0,247993558645248	-0,265023440122604	-0,230963706970215	-0,247993558645248	-0,247993558645248	-0,265023440122604	-0,230963706970215	45084,30968625
237	0,360284236872	0,360160216248	1,396493963166	1,301965141978	0,048349034041	0,119152843952	-0,247993558645248	-0,282053291797638	-0,299083143472672	-0,247993558645248	-0,282053291797638	-0,282053291797638	-0,299083143472672	-0,282053291797638	45084,404374375
238	0,360028004375	0,360032362599	1,395766286903	1,301457724962	0,048349034041	0,119152843952	-0,299083143472672	-0,282053291797638	-0,299083143472672	-0,282053291797638	-0,282053291797638	-0,282053291797638	-0,299083143472672	-0,265023440122604	45084,4990980787
239	0,359966045054	0,359963923131	1,395540807829	1,301213269095	0,048349034041	0,119152843952	-0,282053291797638	-0,265023440122604	-0,282053291797638	-0,265023440122604	-0,282053291797638	-0,282053291797638	-0,282053291797638	-0,265023440122604	45084,5937782292
240	0,35996726298	0,359992368915	1,395566882173	1,301298593901	0,048349034041	0,119152843952	-0,282053291797638	-0,265023440122604	-0,282053291797638	-0,247993558645248	-0,265023440122604	-0,265023440122604	-0,265023440122604	-0,247993558645248	45084,6883860764
241	0,359965876155	0,360028531737	1,395481999679	1,301470822566	0,048349034041	0,119152843952	-0,265023440122604	-0,247993558645248	-0,265023440122604	-0,247993558645248	-0,247993558645248	-0,247993558645248	-0,265023440122604	-0,247993558645248	45084,7830609606
242	0,359987936908	0,359998803136	1,395511239945	1,301482233385	0,048349034041	0,119152843952	-0,247993558645248	-0,247993558645248	-0,265023440122604	-0,247993558645248	-0,247993558645248	-0,247993558645248	-0,265023440122604	-0,230963706970215	45084,8776929398
243	0,359926915997	0,35992257648	1,395244933008	1,301169656999	0,048349034041	0,119152843952	-0,247993558645248	-0,247993558645248	-0,265023440122604	-0,230963706970215	-0,247993558645248	-0,247993558645248	-0,265023440122604	-0,230963706970215	45084,9723402778
244	0,359825545931	0,359830881628	1,394887843812	1,300828898605	0,048349034041	0,119152843952	-0,247993558645248	-0,247993558645248	-0,247993558645248	-0,230963706970215	-0,247993558645248	-0,247993558645248	-0,247993558645248	-0,230963706970215	45085,0669221875
245	0,359762788741	0,359767570886	1,394657429268	1,300579271356	0,048349034041	0,119152843952	-0,247993558645248	-0,247993558645248	-0,247993558645248	-0,230963706970215	-0,247993558645248	-0,247993558645248	-0,247993558645248	-0,230963706970215	45085,1615317593
246	0,359687854435	0,359699084792	1,394384380726	1,300320736743	0,048349034041	0,119152843952	-0,247993558645248	-0,247993558645248	-0,247993558645248	-0,230963706970215	-0,247993558645248	-0,247993558645248	-0,247993558645248	-0,230963706970215	45085,2561597106
247	0,359628254061	0,359646138316	1,394127533542	1,300178860822	0,048349034041	0,119152843952	-0,247993558645248	-0,247993558645248	-0,247993558645248	-0,230963706970215	-0,247993558645248	-0,247993558645248	-0,247993558645248	-0,230963706970215	45085,3507167824
248	0,359559911959	0,359566079953	1,393889701728	1,299824307228	0,048349034041	0,119152843952	-0,247993558645248	-0,247993558645248	-0,247993558645248	-0,230963706970215	-0,247993558645248	-0,247993558645248	-0,247993558645248	-0,230963706970215	45085,4452911227
249	0,359500458302	0,359525988355	1,393671854213	1,299723745243	0,048349034041	0,119152843952	-0,247993558645248	-0,247993558645248	-0,247993558645248	-0,230963706970215	-0,247993558645248	-0,230963706970215	-0,247993558645248	-0,230963706970215	45085,5398880671
250	0,359443812809	0,359329711558	1,393406778984	1,29869034905	0,048349034041	0,119152843952	-0,230963706970215	-0,247993558645248	-0,247993558645248	-0,230963706970215	-0,247993558645248	-0,247993558645248	-0,247993558645248	-0,230963706970215	45085,6343472106
251	0,359199453073	0,35927549922	1,392678485665	1,298664690443	0,048349034041	0,119152843952	-0,247993558645248	-0,247993558645248	-0,247993558645248	-0,230963706970215	-0,247993558645248	-0,247993558645248	-0,247993558645248	-0,230963706970215	45085,7288223264
252	0,359201547882	0,359197944819	1,392746136348	1,298392216946	0,048349034041	0,119152843952	-0,247993558645248	-0,247993558645248	-0,265023440122604	-0,230963706970215	-0,247993558645248	-0,247993558645248	-0,265023440122604	-0,247993558645248	45085,8233972801
253	0,359094630683	0,359098479308	1,392288420181	1,298017863841	0,048349034041	0,119152843952	-0,247993558645248	-0,247993558645248	-0,265023440122604	-0,230963706970215	-0,247993558645248	-0,247993558645248	-0,265023440122604	-0,247993558645248	45085,9178882986
254	0,358999683402	0,359004185758	1,391928695326	1,297675264244	0,048349034041	0,119152843952	-0,247993558645248	-0,247993558645248	-0,265023440122604	-0,230963706970215	-0,247993558645248	-0,247993558645248	-0,265023440122604	-0,247993558645248	45086,0123260069
255	0,358904057584	0,358899568209	1,391606823699	1,297282507389	0,048349034041	0,119152843952	-0,247993558645248	-0,247993558645248	-0,265023440122604	-0,247993558645248	-0,247993558645248	-0,265023440122604	-0,265023440122604	-0,247993558645248	45086,1067797222
256	0,358804342372	0,35882076405	1,391267029084	1,296996600138	0,048349034041	0,119152843952	-0,265023440122604	-0,265023440122604	-0,265023440122604	-0,247993558645248	-0,265023440122604	-0,247993558645248	-0,265023440122604	-0,247993558645248	45086,2012442708
257	0,358728930374	0,358747210692	1,390995886086	1,296694149192	0,048349034041	0,119152843952	-0,265023440122604	-0,265023440122604	-0,265023440122604	-0,247993558645248	-0,265023440122604	-0,265023440122604	-0,265023440122604	-0,247993558645248	45086,2956725926
258	0,35865811795	0,358673583791	1,390771650819	1,296409073329	0,048349034041	0,119152843952	-0,265023440122604	-0,265023440122604	-0,265023440122604	-0,247993558645248	-0,265023440122604	-0,265023440122604	-0,265023440122604	-0,247993558645248	45086,3900870139
259	0,358607319421	0,358629645649	1,390563075184	1,296255001556	0,048349034041	0,119152843952	-0,265023440122604	-0,247993558645248	-0,265023440122604	-0,247993558645248	-0,247993558645248	-0,247993558645248	-0,265023440122604	-0,247993558645248	45086,4844760995
260	0,358570606051	0,358605091341	1,390397215421	1,296185275067	0,048349034041	0,119152843952	-0,247993558645248	-0,247993558645248	-0,265023440122604	-0,230963706970215	-0,247993558645248	-0,247993558645248	-0,265023440122604	-0,230963706970215	45086,5788783218
261	0,358539817363	0,358571511107	1,390290670435	1,296095151688	0,048349034041	0,119152843952	-0,247993558645248	-0,247993558645248	-0,247993558645248	-0,230963706970215	-0,247993558645248	-0,247993558645248	-0,247993558645248	-0,230963706970215	45086,6732962963
262	0,358487180387	0,358549525825	1,390081846158	1,296039420862	0,048349034041	0,119152843952	-0,247993558645248	-0,247993558645248	-0,247993558645248	-0,230963706970215	-0,247993558645248	-0,247993558645248	-0,247993558645248	-0,230963706970215	45086,7676858681
263	0,358490068914	0,358552088916	1,389993898336	1,29619474943	0,048349034041	0,119152843952	-0,247993558645248	-0,247993558645248	-0,247993558645248	-0,230963706970215	-0,247993558645248	-0,230963706970215	-0,247993558645248	-0,230963706970215	45086,8620312732
264	0,358486541097	0,35848496808	1,389936060531	1,295890460436	0,048349034041	0,119152843952	-0,230963706970215	-0,247993558645248	-0,247993558645248	-0,230963706970215	-0,230963706970215	-0,230963706970215	-0,247993558645248	-0,230963706970215	45086,9563528588
265	0,358370998122	0,358391961588	1,389547073992	1,295523055734	0,048349034041	0,119152843952	-0,247993558645248	-0,230963706970215	-0,247993558645248	-0,230963706970215	-0,230963706970215	-0,247993558645248	-0,247993558645248	-0,230963706970215	45087,0505675347
266	0,358307522189	0,358319649507	1,389312413577	1,295245081482	0,048349034041	0,119152843952	-0,230963706970215	-0,247993558645248	-0,247993558645248	-0,230963706970215	-0,230963706970215	-0,247993558645248	-0,247993558645248	-0,230963706970215	45087,1447610069
267	0,358284741251	0,358301588759	1,389270791636	1,29517846945	0,048349034041	0,119152843952	-0,230963706970215	-0,230963706970215	-0,247993558645248	-0,230963706970215	-0,230963706970215	-0,230963706970215	-0,247993558645248	-0,230963706970215	45087,2391772454
268	0,358201274005	0,358257704024	1,388933787256	1,295131660997	0,048349034041	0,119152843952	-0,247993558645248	-0,230963706970215	-0,247993558645248	-0,230963706970215	-0,230963706970215	-0,230963706970215	-0,247993558645248	-0,230963706970215	45087,333431088
269	0,35818398375	0,358187868356	1,388853162273	1,294803591751	0,048349034041	0,119152843952	-0,247993558645248	-0,230963706970215	-0,247993558645248	-0,230963706970215	-0,230963706970215	-0,230963706970215	-0,247993558645248	-0,230963706970215	45087,4277996181
270	0,358083958742	0,358127170725	1,388460439579	1,294617883822	0,048349034041	0,119152843952	-0,247993558645248	-0,230963706970215	-0,247993558645248	-0,230963706970215	-0,230963706970215	-0,247993558645248	-0,247993558645248	-0,230963706970215	45087,5220314005
271	0,358041766335	0,358090967209	1,38827507577	1,294502487441	0,048349034041	0,119152843952	-0,230963706970215	-0,230963706970215	-0,247993558645248	-0,230963706970215	-0,230963706970215	-0,230963706970215	-0,247993558645248	-0,230963706970215	45087,6161644213
272	0,358068245176	0,358091050287	1,388383881069	1,294526736951	0,048349034041	0,119152843952	-0,230963706970215	-0,230963706970215	-0,247993558645248	-0,230963706970215	-0,230963706970215	-0,230963706970215	-0,247993558645248	-0,230963706970215	45087,7104303125
273	0,35797847566	0,358011015869	1,388017718776	1,294244489835	0,048349034041	0,119152843952	-0,230963706970215	-0,230963706970215	-0,247993558645248	-0,230963706970215	-0,230963706970215	-0,230963706970215	-0,247993558645248	-0,230963706970215	45087,8045640625
274	0,35796028425	0,35796318477	1,387924667563	1,294011621426	0,048349034041	0,119152843952	-0,230963706970215	-0,230963706970215	-0,230963706970215	-0,213933855295181	-0,230963706970215	-0,230963706970215	-0,230963706970215	-0,213933855295181	45087,8987031944
275	0,357899987159	0,357914150751	1,387761637105	1,293806224148	0,048349034041	0,119152843952	-0,230963706970215	-0,230963706970215	-0,230963706970215	-0,213933855295181	-0,230963706970215	-0,230963706970215	-0,230963706970215	-0,213933855295181	45087,9928780208
276	0,357834770828	0,357857216161	1,38755603383	1,293588029436	0,048349034041	0,119152843952	-0,230963706970215	-0,230963706970215	-0,247993558645248	-0,213933855295181	-0,230963706970215	-0,230963706970215	-0,230963706970215	-0,213933855295181	45088,0870808681
277	0,357768169609	7,58509E-7	1,387242875404	2,416938E-6	0,048349034041	0,119152843952	-0,230963706970215	-0,230963706970215	-0,230963706970215	-0,213933855295181	-0,230963706970215	-0,230963706970215	-0,230963706970215	-0,213933855295181	45088,1882174884
278	1,90737773708705E-13	0,196415384334	7,15707345355953E-13	0,689267650277	0,049931809306	0,121614649892	-0,230963706970215	-0,230963706970215	-0,230963706970215	-0,230963706970215	-0,230963706970215	-0,230963706970215	-0,230963706970215	-0,213933855295181	45088,4277500116
279	0,363497740748	0,358685192091	1,40719247291	1,29679440144	0,049931809306	0,121614649892	-0,213933855295181	-0,230963706970215	-0,230963706970215	-0,213933855295181	-0,230963706970215	-0,230963706970215	-0,230963706970215	-0,213933855295181	45088,5226764815
280	0,358615753052	0,358532813806	1,390230238016	1,296247057442	0,049931809306	0,121614649892	-0,230963706970215	-0,230963706970215	-0,230963706970215	-0,213933855295181	-0,213933855295181	-0,230963706970215	-0,230963706970215	-0,213933855295181	45088,6169414583
281	0,358448510954	0,358367436738	1,389540787135	1,295636140411	0,049931809306	0,121614649892	-0,230963706970215	-0,230963706970215	-0,230963706970215	-0,213933855295181	-0,230963706970215	-0,230963706970215	-0,230963706970215	-0,213933855295181	45088,7111014352
282	0,358307562391	0,358257660579	1,389009972546	1,295285405772	0,049931809306	0,121614649892	-0,213933855295181	-0,213933855295181	-0,230963706970215	-0,213933855295181	-0,230963706970215	-0,213933855295181	-0,230963706970215	-0,213933855295181	45088,8052034607
283	0,358227349836	0,35817110632	1,388663641485	1,294909740493	0,049931809306	0,121614649892	-0,213933855295181	-0,213933855295181	-0,230963706970215	-0,213933855295181	-0,213933855295181	-0,213933855295181	-0,230963706970215	-0,213933855295181	45088,8993555671
284	0,358096049909	0,358058706458	1,388203666639	1,294453505018	0,049931809306	0,121614649892	-0,213933855295181	-0,213933855295181	-0,230963706970215	-0,196903988718987	-0,213933855295181	-0,213933855295181	-0,230963706970215	-0,196903988718987	45088,9934888194
285	0,357987423017	0,357955414962	1,387848238512	1,294052364172	0,049931809306	0,121614649892	-0,213933855295181	-0,213933855295181	-0,230963706970215	-0,196903988718987	-0,213933855295181	-0,213933855295181	-0,230963706970215	-0,213933855295181	45089,0877084838
286	0,357873207993	0,357875369524	1,387461299843	1,293756953201	0,049931809306	0,121614649892	-0,213933855295181	-0,230963706970215	-0,230963706970215	-0,213933855295181	-0,213933855295181	-0,213933855295181	-0,230963706970215	-0,213933855295181	45089,1818913773
287	0,357756195842	0,357769398371	1,387007915819	1,293364577269	0,049931809306	0,121614649892	-0,213933855295181	-0,213933855295181	-0,230963706970215	-0,213933855295181	-0,230963706970215	-0,213933855295181	-0,230963706970215	-0,213933855295181	45089,2759546412
288	0,357705840983	0,357709958549	1,386746081262	1,293184606905	0,049931809306	0,121614649892	-0,213933855295181	-0,213933855295181	-0,230963706970215	-0,213933855295181	-0,213933855295181	-0,213933855295181	-0,230963706970215	-0,213933855295181	45089,3699956597
289	0,357247541149	0,357071919079	1,385145315666	1,290467877386	0,049931809306	0,121614649892	-0,213933855295181	-0,265023440122604	-0,282053291797638	-0,213933855295181	-0,282053291797638	-0,282053291797638	-0,282053291797638	-0,265023440122604	45089,4639903704
290	0,356955844765	0,356971199575	1,384504289098	1,290208899133	0,049931809306	0,121614649892	-0,282053291797638	-0,282053291797638	-0,282053291797638	-0,265023440122604	-0,282053291797638	-0,265023440122604	-0,282053291797638	-0,265023440122604	45089,5580574306
291	0,356846042916	0,356874314112	1,384086373988	1,289865881276	0,049931809306	0,121614649892	-0,282053291797638	-0,282053291797638	-0,282053291797638	-0,265023440122604	-0,282053291797638	-0,282053291797638	-0,282053291797638	-0,265023440122604	45089,6520134722
292	0,356860350069	0,356965983533	1,384159008832	1,290131477299	0,049931809306	0,121614649892	-0,282053291797638	-0,265023440122604	-0,282053291797638	-0,265023440122604	-0,247993558645248	-0,247993558645248	-0,265023440122604	-0,230963706970215	45089,7460667593
293	0,357030542888	0,357170138012	1,384654360953	1,291140713779	0,049931809306	0,121614649892	-0,247993558645248	-0,230963706970215	-0,247993558645248	-0,230963706970215	-0,247993558645248	-0,230963706970215	-0,247993558645248	-0,230963706970215	45089,8400779745
294	0,35717988816	0,357171425916	1,384986780534	1,291179331629	0,049931809306	0,121614649892	-0,230963706970215	-0,230963706970215	-0,230963706970215	-0,230963706970215	-0,230963706970215	-0,230963706970215	-0,247993558645248	-0,213933855295181	45089,9340736806
295	0,357092202253	0,357104221792	1,384735043976	1,290893770778	0,049931809306	0,121614649892	-0,230963706970215	-0,230963706970215	-0,230963706970215	-0,213933855295181	-0,230963706970215	-0,230963706970215	-0,230963706970215	-0,213933855295181	45090,0280716088
296	0,357027951772	0,357043474143	1,384498977398	1,290643505426	0,049931809306	0,121614649892	-0,230963706970215	-0,230963706970215	-0,230963706970215	-0,213933855295181	-0,230963706970215	-0,230963706970215	-0,230963706970215	-0,213933855295181	45090,1220789005
297	0,356969267518	0,356995760241	1,384296771274	1,290474606144	0,049931809306	0,121614649892	-0,230963706970215	-0,230963706970215	-0,230963706970215	-0,213933855295181	-0,230963706970215	-0,230963706970215	-0,230963706970215	-0,213933855295181	45090,2161036921
298	0,356884274177	0,356980139455	1,383980061868	1,290562392998	0,049931809306	0,121614649892	-0,230963706970215	-0,230963706970215	-0,230963706970215	-0,213933855295181	-0,230963706970215	-0,230963706970215	-0,230963706970215	-0,213933855295181	45090,3100253241
299	0,356571778831	0,356241415663	1,382555844717	1,287270172865	0,049931809306	0,121614649892	-0,230963706970215	-0,282053291797638	-0,282053291797638	-0,213933855295181	-0,282053291797638	-0,299083143472672	-0,299083143472672	-0,282053291797638	45090,4036831829
300	0,356028801459	0,356093946329	1,381019906631	1,287027055164	0,049931809306	0,121614649892	-0,299083143472672	-0,299083143472672	-0,299083143472672	-0,282053291797638	-0,299083143472672	-0,299083143472672	-0,316112995147705	-0,282053291797638	45090,498210463
301	0,356120081111	0,356180638767	1,381537689545	1,287230661641	0,049931809306	0,121614649892	-0,282053291797638	-0,282053291797638	-0,299083143472672	-0,282053291797638	-0,282053291797638	-0,299083143472672	-0,299083143472672	-0,282053291797638	45090,592103831
302	0,351457767823	0,351616503702	1,361957958617	1,269122683976	0,049931809306	0,121614649892	-0,299083143472672	-0,282053291797638	-0,299083143472672	-0,282053291797638	-0,282053291797638	-0,282053291797638	-0,282053291797638	-0,265023440122604	45090,6768758218
303	0,356309312582	0,356329255704	1,38223253749	1,28775622848	0,049931809306	0,121614649892	-0,282053291797638	-0,247993558645248	-0,282053291797638	-0,247993558645248	-0,265023440122604	-0,247993558645248	-0,265023440122604	-0,247993558645248	45090,7708823264
304	0,356329608883	0,356353747496	1,382151441053	1,287860669971	0,049931809306	0,121614649892	-0,247993558645248	-0,247993558645248	-0,265023440122604	-0,230963706970215	-0,247993558645248	-0,230963706970215	-0,247993558645248	-0,230963706970215	45090,8647405787
305	0,356303907506	0,356327878579	1,381989904347	1,287790295325	0,049931809306	0,121614649892	-0,247993558645248	-0,230963706970215	-0,247993558645248	-0,230963706970215	-0,247993558645248	-0,247993558645248	-0,247993558645248	-0,230963706970215	45090,958589838
306	0,35623887528	0,356276236327	1,381811858956	1,287613281033	0,049931809306	0,121614649892	-0,247993558645248	-0,247993558645248	-0,247993558645248	-0,230963706970215	-0,247993558645248	-0,247993558645248	-0,265023440122604	-0,230963706970215	45091,0524934375
307	0,356163664631	0,356166503613	1,38150699726	1,287185585724	0,049931809306	0,121614649892	-0,247993558645248	-0,247993558645248	-0,247993558645248	-0,230963706970215	-0,247993558645248	-0,247993558645248	-0,265023440122604	-0,247993558645248	45091,1462975116
308	0,356102394626	0,356126438084	1,381340033528	1,287051516523	0,049931809306	0,121614649892	-0,247993558645248	-0,247993558645248	-0,265023440122604	-0,247993558645248	-0,247993558645248	-0,247993558645248	-0,265023440122604	-0,247993558645248	45091,2402628704
309	0,35599883267	0,356330261529	1,380957455498	1,287766610408	0,049931809306	0,121614649892	-0,247993558645248	-0,247993558645248	-0,265023440122604	-0,247993558645248	-0,247993558645248	-0,282053291797638	-0,282053291797638	-0,230963706970215	45091,3342076505
310	0,355748212341	0,355406995762	1,379867002777	1,284308712615	0,049931809306	0,121614649892	-0,282053291797638	-0,316112995147705	-0,316112995147705	-0,282053291797638	-0,316112995147705	-0,316112995147705	-0,316112995147705	-0,299083143472672	45091,4283440046
311	0,355122711014	0,355275703399	1,377838495514	1,283728638258	0,049931809306	0,121614649892	-0,316112995147705	-0,299083143472672	-0,316112995147705	-0,299083143472672	-0,299083143472672	-0,282053291797638	-0,299083143472672	-0,282053291797638	45091,5218812616
312	0,35560358826	0,355691130405	1,379577174764	1,285462750548	0,049931809306	0,121614649892	-0,282053291797638	-0,282053291797638	-0,282053291797638	-0,265023440122604	-0,265023440122604	-0,265023440122604	-0,282053291797638	-0,265023440122604	45091,6155527778
313	0,349567651481	0,349762485002	1,3539593358	1,262001882142	0,049931809306	0,121614649892	-0,265023440122604	-0,265023440122604	-0,282053291797638	-0,247993558645248	-0,265023440122604	-0,265023440122604	-0,282053291797638	-0,247993558645248	45091,6990825926
314	0,355739145894	0,355700181761	1,379463732737	1,285509214193	0,049931809306	0,121614649892	-0,265023440122604	-0,265023440122604	-0,265023440122604	-0,247993558645248	-0,265023440122604	-0,265023440122604	-0,265023440122604	-0,247993558645248	45091,7926812268
315	0,355691650461	0,355781607715	1,3798375568	1,285845520777	0,049931809306	0,121614649892	-0,265023440122604	-0,247993558645248	-0,265023440122604	-0,247993558645248	-0,247993558645248	-0,247993558645248	-0,265023440122604	-0,230963706970215	45091,886504294
316	0,355736515995	0,355754476326	1,379900622337	1,2857034349	0,049931809306	0,121614649892	-0,247993558645248	-0,247993558645248	-0,247993558645248	-0,230963706970215	-0,247993558645248	-0,247993558645248	-0,247993558645248	-0,230963706970215	45091,9801918518
317	0,355681404071	0,355707942244	1,37972384043	1,285531832755	0,049931809306	0,121614649892	-0,230963706970215	-0,247993558645248	-0,247993558645248	-0,230963706970215	-0,247993558645248	-0,230963706970215	-0,247993558645248	-0,230963706970215	45092,0738762037
318	0,355665798636	0,355705333586	1,379668667354	1,285538040528	0,049931809306	0,121614649892	-0,247993558645248	-0,247993558645248	-0,247993558645248	-0,230963706970215	-0,230963706970215	-0,230963706970215	-0,247993558645248	-0,230963706970215	45092,1676623727
319	0,355556467978	0,355589142706	1,379220496087	1,285125163902	0,049931809306	0,121614649892	-0,247993558645248	-0,247993558645248	-0,247993558645248	-0,230963706970215	-0,247993558645248	-0,230963706970215	-0,247993558645248	-0,230963706970215	45092,2612136111
320	0,355586942526	0,355530962385	1,379308171525	1,284707576667	0,049931809306	0,121614649892	-0,230963706970215	-0,247993558645248	-0,247993558645248	-0,230963706970215	-0,247993558645248	-0,247993558645248	-0,265023440122604	-0,247993558645248	45092,3549031481
321	0,355341889226	0,355361829481	1,378607563395	1,284106686685	0,049931809306	0,121614649892	-0,247993558645248	-0,247993558645248	-0,265023440122604	-0,247993558645248	-0,265023440122604	-0,247993558645248	-0,265023440122604	-0,247993558645248	45092,4486608449
322	0,355261633784	0,355298488857	1,378329372059	1,283861767304	0,049931809306	0,121614649892	-0,265023440122604	-0,265023440122604	-0,265023440122604	-0,247993558645248	-0,265023440122604	-0,265023440122604	-0,265023440122604	-0,247993558645248	45092,5423837616
323	0,355235880256	0,355227451117	1,378256676503	1,283570330193	0,049931809306	0,121614649892	-0,265023440122604	-0,265023440122604	-0,265023440122604	-0,247993558645248	-0,265023440122604	-0,265023440122604	-0,265023440122604	-0,247993558645248	45092,6361751505
324	0,355097723358	0,355129283684	1,377777812643	1,283158495491	0,049931809306	0,121614649892	-0,265023440122604	-0,265023440122604	-0,265023440122604	-0,247993558645248	-0,265023440122604	-0,265023440122604	-0,265023440122604	-0,247993558645248	45092,7298683681
325	0,355030595583	0,355093113442	1,377530698789	1,283098214247	0,049931809306	0,121614649892	-0,265023440122604	-0,265023440122604	-0,282053291797638	-0,247993558645248	-0,265023440122604	-0,265023440122604	-0,282053291797638	-0,247993558645248	45092,8235809375
326	0,354986554342	0,355002676822	1,377365898431	1,282738819538	0,049931809306	0,121614649892	-0,265023440122604	-0,265023440122604	-0,282053291797638	-0,247993558645248	-0,265023440122604	-0,265023440122604	-0,282053291797638	-0,265023440122604	45092,9172786227
327	0,354883651185	0,354911065258	1,376985500191	1,282389622882	0,049931809306	0,121614649892	-0,265023440122604	-0,265023440122604	-0,282053291797638	-0,265023440122604	-0,265023440122604	-0,265023440122604	-0,282053291797638	-0,265023440122604	45093,0109155671
328	0,354768983519	5,24114E-7	1,37657490996	1,670967E-6	0,049931809306	0,121614649892	-0,282053291797638	-0,265023440122604	-0,282053291797638	-0,265023440122604	-0,282053291797638	-0,282053291797638	-0,282053291797638	-0,265023440122604	45093,1115700116
329	1,90737773708705E-14	0,19418340505	7,16189513528346E-14	0,681452928346	0,050923671573	0,126045897603	-0,299083143472672	-0,299083143472672	-0,299083143472672	-0,299083143472672	-0,299083143472672	-0,299083143472672	-0,316112995147705	-0,299083143472672	45093,3500630093
330	0,360247411765	0,355390172478	1,395831053801	1,284104073345	0,050923671573	0,126045897603	-0,299083143472672	-0,299083143472672	-0,316112995147705	-0,299083143472672	-0,299083143472672	-0,299083143472672	-0,316112995147705	-0,282053291797638	45093,4444731019
331	0,355330326768	0,355281690582	1,378692797814	1,283726324907	0,050923671573	0,126045897603	-0,299083143472672	-0,299083143472672	-0,299083143472672	-0,282053291797638	-0,299083143472672	-0,282053291797638	-0,299083143472672	-0,282053291797638	45093,5382315741
332	0,355265391989	0,355241710672	1,378353237261	1,283644928913	0,050923671573	0,126045897603	-0,282053291797638	-0,282053291797638	-0,299083143472672	-0,282053291797638	-0,282053291797638	-0,282053291797638	-0,299083143472672	-0,265023440122604	45093,6319045718
333	0,355181645593	0,355142205531	1,377993644725	1,283275387802	0,050923671573	0,126045897603	-0,282053291797638	-0,282053291797638	-0,299083143472672	-0,265023440122604	-0,282053291797638	-0,282053291797638	-0,282053291797638	-0,265023440122604	45093,7255693866
334	0,355031596988	0,355031103747	1,377434832848	1,282911595732	0,050923671573	0,126045897603	-0,282053291797638	-0,282053291797638	-0,299083143472672	-0,265023440122604	-0,282053291797638	-0,282053291797638	-0,299083143472672	-0,265023440122604	45093,8191729514
335	0,354956931323	0,354941999961	1,377173258839	1,282565527952	0,050923671573	0,126045897603	-0,282053291797638	-0,282053291797638	-0,299083143472672	-0,265023440122604	-0,282053291797638	-0,282053291797638	-0,282053291797638	-0,265023440122604	45093,9128205556
336	0,354827445752	0,354816686513	1,376696984511	1,282069272742	0,050923671573	0,126045897603	-0,282053291797638	-0,282053291797638	-0,299083143472672	-0,282053291797638	-0,282053291797638	-0,282053291797638	-0,299083143472672	-0,265023440122604	45094,0064603819
337	0,354696899307	0,354692697214	1,37623373757	1,281586041171	0,050923671573	0,126045897603	-0,282053291797638	-0,282053291797638	-0,299083143472672	-0,282053291797638	-0,282053291797638	-0,282053291797638	-0,299083143472672	-0,282053291797638	45094,1000308681
338	0,354607393397	0,354616567196	1,375937755987	1,281291483484	0,050923671573	0,126045897603	-0,299083143472672	-0,282053291797638	-0,299083143472672	-0,282053291797638	-0,299083143472672	-0,299083143472672	-0,299083143472672	-0,282053291797638	45094,1936971412
339	0,354493120812	0,354527329683	1,375519887391	1,280981451082	0,050923671573	0,126045897603	-0,282053291797638	-0,282053291797638	-0,299083143472672	-0,282053291797638	-0,282053291797638	-0,282053291797638	-0,299083143472672	-0,282053291797638	45094,2872520718
340	0,354470154407	0,35447960264	1,375433303044	1,280777929966	0,050923671573	0,126045897603	-0,282053291797638	-0,282053291797638	-0,299083143472672	-0,282053291797638	-0,282053291797638	-0,282053291797638	-0,299083143472672	-0,282053291797638	45094,3808544792
341	0,354360834669	0,354402062861	1,375039023958	1,280500132996	0,050923671573	0,126045897603	-0,282053291797638	-0,282053291797638	-0,299083143472672	-0,282053291797638	-0,282053291797638	-0,282053291797638	-0,299083143472672	-0,265023440122604	45094,4743844097
342	0,354301155895	0,354331053521	1,374804133334	1,280238031504	0,050923671573	0,126045897603	-0,282053291797638	-0,282053291797638	-0,299083143472672	-0,265023440122604	-0,282053291797638	-0,282053291797638	-0,299083143472672	-0,265023440122604	45094,5678501968
343	0,354251091915	0,354276785869	1,374637782642	1,280033957609	0,050923671573	0,126045897603	-0,282053291797638	-0,282053291797638	-0,299083143472672	-0,265023440122604	-0,282053291797638	-0,282053291797638	-0,282053291797638	-0,265023440122604	45094,6613727893
344	0,354182410375	0,35422000938	1,374399180896	1,279802247992	0,050923671573	0,126045897603	-0,282053291797638	-0,282053291797638	-0,299083143472672	-0,265023440122604	-0,282053291797638	-0,282053291797638	-0,299083143472672	-0,265023440122604	45094,7548433218
345	0,354107911504	0,35413605636	1,374103843284	1,279500024001	0,050923671573	0,126045897603	-0,282053291797638	-0,282053291797638	-0,299083143472672	-0,265023440122604	-0,282053291797638	-0,282053291797638	-0,299083143472672	-0,265023440122604	45094,8482683565
346	0,354041936058	0,354068829349	1,373896793041	1,279230533152	0,050923671573	0,126045897603	-0,282053291797638	-0,282053291797638	-0,299083143472672	-0,265023440122604	-0,282053291797638	-0,282053291797638	-0,299083143472672	-0,282053291797638	45094,9417354977
347	0,353989622266	0,354022350158	1,373743901943	1,27907264325	0,050923671573	0,126045897603	-0,282053291797638	-0,282053291797638	-0,299083143472672	-0,282053291797638	-0,282053291797638	-0,282053291797638	-0,299083143472672	-0,282053291797638	45095,0353620255
348	0,353887647919	0,353925487581	1,373361572767	1,278696409223	0,050923671573	0,126045897603	-0,282053291797638	-0,282053291797638	-0,299083143472672	-0,282053291797638	-0,282053291797638	-0,282053291797638	-0,299083143472672	-0,282053291797638	45095,128819838
349	0,353795660266	0,353840250261	1,373018374465	1,278369215923	0,050923671573	0,126045897603	-0,282053291797638	-0,282053291797638	-0,299083143472672	-0,282053291797638	-0,282053291797638	-0,282053291797638	-0,299083143472672	-0,282053291797638	45095,2221764352
350	0,353735830374	0,353779535674	1,372807044817	1,27815421301	0,050923671573	0,126045897603	-0,282053291797638	-0,282053291797638	-0,299083143472672	-0,282053291797638	-0,282053291797638	-0,282053291797638	-0,299083143472672	-0,282053291797638	45095,3155335995
351	0,353728173034	0,353765344147	1,372802138525	1,27806838208	0,050923671573	0,126045897603	-0,282053291797638	-0,282053291797638	-0,299083143472672	-0,282053291797638	-0,282053291797638	-0,282053291797638	-0,299083143472672	-0,282053291797638	45095,4090169097
352	0,353664610211	0,353721408974	1,372569267216	1,277905035029	0,050923671573	0,126045897603	-0,282053291797638	-0,282053291797638	-0,299083143472672	-0,282053291797638	-0,282053291797638	-0,282053291797638	-0,299083143472672	-0,265023440122604	45095,5024603588
353	0,353637964474	0,353686535114	1,372455943515	1,277804807163	0,050923671573	0,126045897603	-0,282053291797638	-0,282053291797638	-0,299083143472672	-0,282053291797638	-0,282053291797638	-0,282053291797638	-0,299083143472672	-0,265023440122604	45095,5959254514
354	0,353601729569	0,353654196161	1,372317134837	1,277688321048	0,050923671573	0,126045897603	-0,282053291797638	-0,282053291797638	-0,299083143472672	-0,282053291797638	-0,282053291797638	-0,282053291797638	-0,299083143472672	-0,265023440122604	45095,6894171296
355	0,353556327499	0,353601292072	1,372157237149	1,277506827997	0,050923671573	0,126045897603	-0,282053291797638	-0,282053291797638	-0,299083143472672	-0,265023440122604	-0,282053291797638	-0,282053291797638	-0,282053291797638	-0,265023440122604	45095,7828875926
356	0,353491681819	0,353531528885	1,371915544499	1,277227867145	0,050923671573	0,126045897603	-0,282053291797638	-0,282053291797638	-0,299083143472672	-0,282053291797638	-0,282053291797638	-0,282053291797638	-0,299083143472672	-0,282053291797638	45095,876333125
357	0,353444910174	0,353481134692	1,371760920595	1,277009197646	0,050923671573	0,126045897603	-0,282053291797638	-0,282053291797638	-0,299083143472672	-0,265023440122604	-0,282053291797638	-0,282053291797638	-0,299083143472672	-0,265023440122604	45095,9698230324
358	0,353340333623	0,353383003075	1,371374393241	1,27666092827	0,050923671573	0,126045897603	-0,282053291797638	-0,282053291797638	-0,299083143472672	-0,265023440122604	-0,299083143472672	-0,282053291797638	-0,299083143472672	-0,282053291797638	45096,0631746181
359	0,353306128546	0,35334555913	1,371253057266	1,276512695078	0,050923671573	0,126045897603	-0,282053291797638	-0,282053291797638	-0,299083143472672	-0,282053291797638	-0,282053291797638	-0,282053291797638	-0,299083143472672	-0,265023440122604	45096,1565645023
360	0,353277982801	0,353314546016	1,371163963773	1,276388295708	0,050923671573	0,126045897603	-0,282053291797638	-0,282053291797638	-0,299083143472672	-0,282053291797638	-0,282053291797638	-0,299083143472672	-0,299083143472672	-0,282053291797638	45096,2500732292
361	0,353100447997	0,353116946135	1,37053116866	1,275599836256	0,050923671573	0,126045897603	-0,299083143472672	-0,299083143472672	-0,299083143472672	-0,282053291797638	-0,299083143472672	-0,299083143472672	-0,316112995147705	-0,299083143472672	45096,343463831
362	0,353027062305	0,353118167069	1,370309904366	1,275604493655	0,050923671573	0,126045897603	-0,299083143472672	-0,299083143472672	-0,299083143472672	-0,282053291797638	-0,299083143472672	-0,299083143472672	-0,299083143472672	-0,282053291797638	45096,436744375
363	0,353093962348	0,353178911962	1,3705185968	1,275891994764	0,050923671573	0,126045897603	-0,299083143472672	-0,282053291797638	-0,299083143472672	-0,282053291797638	-0,282053291797638	-0,282053291797638	-0,299083143472672	-0,265023440122604	45096,5300874537
364	0,35310897417	0,353175108016	1,370518125173	1,275907961235	0,050923671573	0,126045897603	-0,282053291797638	-0,282053291797638	-0,299083143472672	-0,265023440122604	-0,282053291797638	-0,282053291797638	-0,282053291797638	-0,265023440122604	45096,623423588
365	0,353090997321	0,353158221576	1,3704185607	1,275855383937	0,050923671573	0,126045897603	-0,282053291797638	-0,282053291797638	-0,282053291797638	-0,265023440122604	-0,282053291797638	-0,282053291797638	-0,282053291797638	-0,265023440122604	45096,7167504282
366	0,35310039693	0,353137583537	1,370414255885	1,27580046563	0,050923671573	0,126045897603	-0,265023440122604	-0,282053291797638	-0,282053291797638	-0,265023440122604	-0,282053291797638	-0,282053291797638	-0,282053291797638	-0,265023440122604	45096,810089375
367	0,352986393628	0,353014884261	1,370021932817	1,275319114572	0,050923671573	0,126045897603	-0,282053291797638	-0,282053291797638	-0,282053291797638	-0,265023440122604	-0,282053291797638	-0,282053291797638	-0,299083143472672	-0,265023440122604	45096,9033413194
368	0,352891022696	0,352936104685	1,36971429663	1,275021844737	0,050923671573	0,126045897603	-0,282053291797638	-0,282053291797638	-0,299083143472672	-0,265023440122604	-0,282053291797638	-0,282053291797638	-0,299083143472672	-0,282053291797638	45096,9966149421
369	0,352826840839	0,352876597254	1,369493789799	1,274785737954	0,050923671573	0,126045897603	-0,282053291797638	-0,282053291797638	-0,299083143472672	-0,282053291797638	-0,282053291797638	-0,282053291797638	-0,299083143472672	-0,282053291797638	45097,0898417361
370	0,352797627228	0,352845674423	1,369389568617	1,27467771092	0,050923671573	0,126045897603	-0,282053291797638	-0,282053291797638	-0,299083143472672	-0,282053291797638	-0,282053291797638	-0,282053291797638	-0,299083143472672	-0,282053291797638	45097,1831244444
371	0,352741636569	0,352759132033	1,369183927212	1,274297765331	0,050923671573	0,126045897603	-0,282053291797638	-0,282053291797638	-0,299083143472672	-0,282053291797638	-0,282053291797638	-0,299083143472672	-0,299083143472672	-0,282053291797638	45097,2763729745
372	0,352621909099	0,352685498351	1,368818675596	1,274006026373	0,050923671573	0,126045897603	-0,299083143472672	-0,299083143472672	-0,316112995147705	-0,299083143472672	-0,299083143472672	-0,299083143472672	-0,316112995147705	-0,299083143472672	45097,3696799537
373	0,352605192532	0,352686789434	1,368617948389	1,27401561389	0,050923671573	0,126045897603	-0,299083143472672	-0,299083143472672	-0,316112995147705	-0,282053291797638	-0,299083143472672	-0,282053291797638	-0,299083143472672	-0,282053291797638	45097,4632157407
374	0,352620569382	0,223302048869	1,368741811566	0,840451586542	0,050923671573	0,126045897603	-0,282053291797638	-0,282053291797638	-0,299083143472672	-0,282053291797638	-0,282053291797638	-0,265023440122604	-0,282053291797638	-0,265023440122604	45097,5448230093
