TesterID:	Maccor#2														
Channel Number:	56														
TestName:	KAI_Zelltest_regulaer_fix_no_degass_flag.000														
TestDesc:	Regular cycling: formation, followed by pulse, C-rate quick charge and cycling t														
StartDateTime:	45056,3170959722														
Comment:															
															
									Charge			Discharge			
Cycle	AH-IN	AH-OUT	WH-IN	WH-OUT	ACR	DCIR	T1_Start	T1_End	T1_Min	T1_Max	T1_Start	T1_End	T1_Min	T1_Max	Date
0		5,977E-8		1,4878E-8	0	0					-0,248069763183594	-0,265109360218048	-0,265109360218048	-0,248069763183594	45057,5672475694
1	0,519087327503	0,442685128074	1,929879731004	1,622740456271	0	0	-0,248069763183594	-0,213990598917007	-0,265109360218048	-0,213990598917007	-0,213990598917007	-0,213990598917007	-0,231030181050301	-0,213990598917007	45058,0051844097
2	0,445639425708	0,442538656284	1,674378327318	1,622744446126	0	0	-0,213990598917007	-0,213990598917007	-0,231030181050301	-0,213990598917007	-0,213990598917007	-0,213990598917007	-0,231030181050301	-0,213990598917007	45058,4170286111
3	0,458263267441	3,17477E-7	1,726421563003	1,023887E-6	0	0	-0,213990598917007	-0,213990598917007	-0,231030181050301	-0,196951001882553	-0,213990598917007	-0,213990598917007	-0,213990598917007	-0,196951001882553	45058,9024500694
4	7,20352992039877E-12	3,13232E-7	2,70265670413699E-11	1,018269E-6	0,046248801053	0,131656348705	-0,213990598917007	-0,213990598917007	-0,213990598917007	-0,213990598917007	-0,213990598917007	-0,213990598917007	-0,231030181050301	-0,196951001882553	45059,2045493056
5	0,44861951298	0,446478786488	1,698987098556	1,638362770598	0,046248801053	0,131656348705	-0,213990598917007	-0,213990598917007	-0,231030181050301	-0,196951001882553	-0,213990598917007	-0,213990598917007	-0,213990598917007	-0,196951001882553	45059,4682915393
6	0,447182882012	0,445448687228	1,693156149703	1,634822387393	0,046248801053	0,131656348705	-0,213990598917007	-0,213990598917007	-0,213990598917007	-0,196951001882553	-0,213990598917007	-0,213990598917007	-0,213990598917007	-0,196951001882553	45059,7380891667
7	0,445988529135	0,444457661873	1,688321589025	1,63134723964	0,046248801053	0,131656348705	-0,213990598917007	-0,213990598917007	-0,213990598917007	-0,196951001882553	-0,213990598917007	-0,213990598917007	-0,213990598917007	-0,196951001882553	45060,0069613426
8	0,444923908057	0,422140730078	1,68404237756	1,52188799931	0,046248801053	0,131656348705	-0,213990598917007	-0,213990598917007	-0,213990598917007	-0,196951001882553	-0,213990598917007	-0,213990598917007	-0,213990598917007	-0,196951001882553	45060,1936250347
9	0,422788190848	0,420682377464	1,607163709625	1,517008508877	0,046248801053	0,131656348705	-0,213990598917007	-0,213990598917007	-0,213990598917007	-0,196951001882553	-0,213990598917007	-0,213990598917007	-0,231030181050301	-0,196951001882553	45060,3738199884
10	0,421345044768	0,419642720754	1,601708817448	1,513601128158	0,046248801053	0,131656348705	-0,213990598917007	-0,196951001882553	-0,231030181050301	-0,196951001882553	-0,213990598917007	-0,213990598917007	-0,213990598917007	-0,196951001882553	45060,5533716435
11	0,420238014106	0,353271167079	1,597467593129	1,244347348351	0,046248801053	0,131656348705	-0,213990598917007	-0,213990598917007	-0,213990598917007	-0,196951001882553	-0,213990598917007	-0,213990598917007	-0,213990598917007	-0,196951001882553	45060,7105487963
12	0,353936086	0,352925041175	1,362235690808	1,243848672394	0,046248801053	0,131656348705	-0,213990598917007	-0,213990598917007	-0,213990598917007	-0,196951001882553	-0,213990598917007	-0,213990598917007	-0,213990598917007	-0,196951001882553	45060,8496330556
13	0,353544108353	0,351258772094	1,360550626724	1,238242166264	0,046248801053	0,131656348705	-0,196951001882553	-0,213990598917007	-0,213990598917007	-0,196951001882553	-0,213990598917007	-0,213990598917007	-0,213990598917007	-0,196951001882553	45060,9885084607
14	0,351821500534	0,435112312989	1,354088066045	1,598373561532	0,046248801053	0,131656348705	-0,213990598917007	-0,213990598917007	-0,213990598917007	-0,196951001882553	-0,213990598917007	-0,213990598917007	-0,213990598917007	-0,196951001882553	45061,2280300347
15	0,435442542782	0,435844863445	1,648124957318	1,601053807131	0,046248801053	0,131656348705	-0,213990598917007	-0,213990598917007	-0,213990598917007	-0,196951001882553	-0,213990598917007	-0,213990598917007	-0,231030181050301	-0,196951001882553	45061,4904195602
16	0,436225538881	3,5583E-7	1,650767025259	1,134164E-6	0,046248801053	0,131656348705	-0,213990598917007	-0,196951001882553	-0,213990598917007	-0,196951001882553	-0,196951001882553	-0,213990598917007	-0,213990598917007	-0,196951001882553	45061,7602810185
17	0,381004579464	0,381751263192	1,450266421296	1,38150705351	0,046248801053	0,131656348705	-0,196951001882553	-0,196951001882553	-0,213990598917007	-0,196951001882553	-0,196951001882553	-0,196951001882553	-0,213990598917007	-0,196951001882553	45061,9041693519
18	0,380629983409	0,380980968065	1,448397785082	1,378436136199	0,046248801053	0,131656348705	-0,196951001882553	-0,196951001882553	-0,213990598917007	-0,196951001882553	-0,196951001882553	-0,196951001882553	-0,213990598917007	-0,196951001882553	45062,0546944676
19	0,380361362738	0,380532705058	1,44712982986	1,376698179591	0,046248801053	0,131656348705	-0,196951001882553	-0,213990598917007	-0,213990598917007	-0,196951001882553	-0,196951001882553	-0,196951001882553	-0,213990598917007	-0,196951001882553	45062,2050775694
20	0,354229682672	0,344702042594	1,376346193445	1,239495430896	0,046248801053	0,131656348705	-0,196951001882553	-0,196951001882553	-0,213990598917007	-0,196951001882553	-0,196951001882553	-0,196951001882553	-0,213990598917007	-0,196951001882553	45062,3276021296
21	0,343836834294	0,332972569478	1,335608902084	1,198139870547	0,046248801053	0,131656348705	-0,196951001882553	-0,213990598917007	-0,213990598917007	-0,196951001882553	-0,196951001882553	-0,196951001882553	-0,213990598917007	-0,196951001882553	45062,4465067477
22	0,332113515561	3,73427E-7	1,290379181537	1,142237E-6	0,046248801053	0,131656348705	-0,196951001882553	-0,196951001882553	-0,213990598917007	-0,196951001882553	-0,196951001882553	-0,196951001882553	-0,213990598917007	-0,196951001882553	45062,5691836227
23	8,57684189110145E-12	0,230521592574	3,21036387908676E-11	0,808869100273	0,046158373356	0,114778108895	-0,196951001882553	-0,213990598917007	-0,213990598917007	-0,196951001882553	-0,196951001882553	-0,196951001882553	-0,213990598917007	-0,196951001882553	45062,8359996065
24	0,406023460935	0,398767161745	1,566724459643	1,440178751767	0,046158373356	0,114778108895	-0,196951001882553	-0,196951001882553	-0,213990598917007	-0,196951001882553	-0,196951001882553	-0,196951001882553	-0,213990598917007	-0,196951001882553	45062,9413530556
25	0,399054042688	0,397728708589	1,542453993362	1,436559473082	0,046158373356	0,114778108895	-0,196951001882553	-0,196951001882553	-0,213990598917007	-0,196951001882553	-0,213990598917007	-0,196951001882553	-0,213990598917007	-0,196951001882553	45063,0455141088
26	0,39803914564	0,396887877991	1,538629896155	1,433602232457	0,046158373356	0,114778108895	-0,213990598917007	-0,196951001882553	-0,213990598917007	-0,196951001882553	-0,196951001882553	-0,196951001882553	-0,213990598917007	-0,196951001882553	45063,1495438079
27	0,397093637302	0,396048306054	1,53507686289	1,430644233825	0,046158373356	0,114778108895	-0,196951001882553	-0,196951001882553	-0,213990598917007	-0,196951001882553	-0,196951001882553	-0,213990598917007	-0,213990598917007	-0,196951001882553	45063,2532654745
28	0,39631573679	0,395344351425	1,532178442688	1,428161863398	0,046158373356	0,114778108895	-0,196951001882553	-0,196951001882553	-0,213990598917007	-0,196951001882553	-0,213990598917007	-0,196951001882553	-0,213990598917007	-0,196951001882553	45063,3569822107
29	0,395508165592	0,394600446982	1,529148353451	1,425522525906	0,046158373356	0,114778108895	-0,196951001882553	-0,196951001882553	-0,213990598917007	-0,196951001882553	-0,196951001882553	-0,196951001882553	-0,213990598917007	-0,196951001882553	45063,4603515741
30	0,394776391882	0,393900297573	1,526390190312	1,42303077406	0,046158373356	0,114778108895	-0,213990598917007	-0,196951001882553	-0,213990598917007	-0,179911404848099	-0,196951001882553	-0,213990598917007	-0,213990598917007	-0,196951001882553	45063,5634615972
31	0,394106637022	0,393282897629	1,523894149392	1,42084285143	0,046158373356	0,114778108895	-0,196951001882553	-0,196951001882553	-0,213990598917007	-0,196951001882553	-0,196951001882553	-0,213990598917007	-0,231030181050301	-0,196951001882553	45063,6665131829
32	0,393414796867	0,39266291446	1,521312098078	1,418633977384	0,046158373356	0,114778108895	-0,231030181050301	-0,213990598917007	-0,231030181050301	-0,213990598917007	-0,213990598917007	-0,196951001882553	-0,213990598917007	-0,196951001882553	45063,7694064699
33	0,392846572338	0,392063588611	1,51918924124	1,416557905661	0,046158373356	0,114778108895	-0,213990598917007	-0,196951001882553	-0,213990598917007	-0,196951001882553	-0,196951001882553	-0,213990598917007	-0,213990598917007	-0,196951001882553	45063,8722027778
34	0,392201314571	0,391451388177	1,516782516474	1,414380375337	0,046158373356	0,114778108895	-0,196951001882553	-0,196951001882553	-0,213990598917007	-0,196951001882553	-0,196951001882553	-0,196951001882553	-0,213990598917007	-0,196951001882553	45063,9747869329
35	0,391641707466	0,390899869271	1,514708647078	1,412420955256	0,046158373356	0,114778108895	-0,196951001882553	-0,196951001882553	-0,213990598917007	-0,196951001882553	-0,196951001882553	-0,196951001882553	-0,213990598917007	-0,196951001882553	45064,0773238426
36	0,391030499873	0,390304400992	1,512409321521	1,410310655315	0,046158373356	0,114778108895	-0,196951001882553	-0,196951001882553	-0,213990598917007	-0,196951001882553	-0,196951001882553	-0,213990598917007	-0,213990598917007	-0,196951001882553	45064,1796114699
37	0,390441675283	0,389777411384	1,510224371184	1,408464117979	0,046158373356	0,114778108895	-0,196951001882553	-0,196951001882553	-0,213990598917007	-0,196951001882553	-0,196951001882553	-0,196951001882553	-0,213990598917007	-0,196951001882553	45064,2817529167
38	0,389936525343	0,389245264019	1,508323449284	1,406547421875	0,046158373356	0,114778108895	-0,196951001882553	-0,196951001882553	-0,213990598917007	-0,196951001882553	-0,213990598917007	-0,196951001882553	-0,213990598917007	-0,196951001882553	45064,3838337732
39	0,389391908017	0,388749258071	1,506290681641	1,404830873452	0,046158373356	0,114778108895	-0,196951001882553	-0,213990598917007	-0,213990598917007	-0,196951001882553	-0,196951001882553	-0,196951001882553	-0,213990598917007	-0,196951001882553	45064,4857683796
40	0,38891018417	0,388273907749	1,504501293508	1,403127645218	0,046158373356	0,114778108895	-0,196951001882553	-0,196951001882553	-0,213990598917007	-0,196951001882553	-0,196951001882553	-0,196951001882553	-0,213990598917007	-0,196951001882553	45064,5876122917
41	0,388411764488	0,387777912396	1,502640205154	1,401373157948	0,046158373356	0,114778108895	-0,196951001882553	-0,196951001882553	-0,213990598917007	-0,196951001882553	-0,196951001882553	-0,196951001882553	-0,213990598917007	-0,196951001882553	45064,6893166551
42	0,387910452566	0,38731166493	1,500778738014	1,399755203036	0,046158373356	0,114778108895	-0,213990598917007	-0,196951001882553	-0,213990598917007	-0,196951001882553	-0,196951001882553	-0,196951001882553	-0,213990598917007	-0,196951001882553	45064,7909032639
43	0,387437646451	0,386825926184	1,498997948395	1,398005557532	0,046158373356	0,114778108895	-0,196951001882553	-0,196951001882553	-0,213990598917007	-0,196951001882553	-0,196951001882553	-0,196951001882553	-0,213990598917007	-0,196951001882553	45064,8923257292
44	0,386959886251	0,386377837375	1,497223395105	1,396405440892	0,046158373356	0,114778108895	-0,196951001882553	-0,213990598917007	-0,213990598917007	-0,196951001882553	-0,196951001882553	-0,196951001882553	-0,213990598917007	-0,196951001882553	45064,9936684722
45	0,386513748406	0,385916709947	1,495564501284	1,394765900617	0,046158373356	0,114778108895	-0,196951001882553	-0,196951001882553	-0,213990598917007	-0,196951001882553	-0,196951001882553	-0,196951001882553	-0,213990598917007	-0,196951001882553	45065,0948828935
46	0,386075938341	0,385509826223	1,493945909639	1,393337918628	0,046158373356	0,114778108895	-0,196951001882553	-0,196951001882553	-0,213990598917007	-0,196951001882553	-0,196951001882553	-0,196951001882553	-0,213990598917007	-0,196951001882553	45065,1961576389
47	0,385621020973	0,385082297678	1,492236663309	1,391800572958	0,046158373356	0,114778108895	-0,196951001882553	-0,196951001882553	-0,213990598917007	-0,196951001882553	-0,196951001882553	-0,196951001882553	-0,213990598917007	-0,196951001882553	45065,2972140278
48	0,385166434402	0,384631529855	1,490540442858	1,39020168881	0,046158373356	0,114778108895	-0,196951001882553	-0,196951001882553	-0,213990598917007	-0,196951001882553	-0,196951001882553	-0,196951001882553	-0,213990598917007	-0,196951001882553	45065,3980270139
49	0,384797385521	0,384282697171	1,489175007804	1,388985454437	0,046158373356	0,114778108895	-0,196951001882553	-0,196951001882553	-0,213990598917007	-0,196951001882553	-0,196951001882553	-0,196951001882553	-0,213990598917007	-0,196951001882553	45065,499015706
50	0,384348556185	0,383833253491	1,487476842847	1,38738386602	0,046158373356	0,114778108895	-0,196951001882553	-0,196951001882553	-0,213990598917007	-0,196951001882553	-0,196951001882553	-0,196951001882553	-0,213990598917007	-0,196951001882553	45065,5997356944
51	0,384002305939	0,383475443626	1,486214457532	1,386122277369	0,046158373356	0,114778108895	-0,196951001882553	-0,196951001882553	-0,213990598917007	-0,196951001882553	-0,196951001882553	-0,196951001882553	-0,213990598917007	-0,196951001882553	45065,7004847569
52	0,383585072628	0,383077637961	1,48464540168	1,384738465018	0,046158373356	0,114778108895	-0,196951001882553	-0,196951001882553	-0,213990598917007	-0,196951001882553	-0,196951001882553	-0,196951001882553	-0,213990598917007	-0,196951001882553	45065,8011152546
53	0,38319559534	0,382697913175	1,483187249523	1,383373535851	0,046158373356	0,114778108895	-0,196951001882553	-0,196951001882553	-0,196951001882553	-0,196951001882553	-0,196951001882553	-0,196951001882553	-0,213990598917007	-0,179911404848099	45065,9016746296
54	0,382815621556	0,38232336459	1,481773816311	1,382047562206	0,046158373356	0,114778108895	-0,196951001882553	-0,196951001882553	-0,213990598917007	-0,179911404848099	-0,196951001882553	-0,196951001882553	-0,213990598917007	-0,196951001882553	45066,0020726273
55	0,382422177885	0,381933200939	1,480295421942	1,380648986217	0,046158373356	0,114778108895	-0,196951001882553	-0,196951001882553	-0,213990598917007	-0,179911404848099	-0,196951001882553	-0,196951001882553	-0,213990598917007	-0,196951001882553	45066,1023357639
56	0,38205177209	0,381584570436	1,478920734833	1,379409344623	0,046158373356	0,114778108895	-0,196951001882553	-0,196951001882553	-0,213990598917007	-0,179911404848099	-0,196951001882553	-0,196951001882553	-0,213990598917007	-0,196951001882553	45066,202517037
57	0,381722575036	0,381248740345	1,477685924083	1,37822192238	0,046158373356	0,114778108895	-0,196951001882553	-0,196951001882553	-0,196951001882553	-0,179911404848099	-0,196951001882553	-0,196951001882553	-0,196951001882553	-0,196951001882553	45066,302730787
58	0,381328787924	0,380885740085	1,476222293894	1,376926533853	0,046158373356	0,114778108895	-0,196951001882553	-0,196951001882553	-0,213990598917007	-0,196951001882553	-0,196951001882553	-0,196951001882553	-0,213990598917007	-0,196951001882553	45066,4027234491
59	0,380987981235	0,380556413305	1,474933745015	1,375770579698	0,046158373356	0,114778108895	-0,196951001882553	-0,196951001882553	-0,213990598917007	-0,179911404848099	-0,196951001882553	-0,196951001882553	-0,196951001882553	-0,179911404848099	45066,5026403356
60	0,380656171804	0,380223155421	1,473668221124	1,374594017397	0,046158373356	0,114778108895	-0,196951001882553	-0,196951001882553	-0,196951001882553	-0,196951001882553	-0,196951001882553	-0,196951001882553	-0,213990598917007	-0,179911404848099	45066,602412419
61	0,38037000743	0,379953189839	1,472615530183	1,373673203389	0,046158373356	0,114778108895	-0,196951001882553	-0,196951001882553	-0,196951001882553	-0,196951001882553	-0,196951001882553	-0,196951001882553	-0,196951001882553	-0,179911404848099	45066,7022776968
62	0,380008381536	0,379634135772	1,471236551321	1,372567707517	0,046158373356	0,114778108895	-0,196951001882553	-0,196951001882553	-0,196951001882553	-0,179911404848099	-0,196951001882553	-0,196951001882553	-0,196951001882553	-0,179911404848099	45066,8018234491
63	0,379737036993	0,379318959617	1,470188663667	1,371401783801	0,046158373356	0,114778108895	-0,196951001882553	-0,196951001882553	-0,196951001882553	-0,179911404848099	-0,196951001882553	-0,196951001882553	-0,196951001882553	-0,179911404848099	45066,9013064236
64	0,379412728531	0,379027086742	1,468979108307	1,370379961823	0,046158373356	0,114778108895	-0,196951001882553	-0,196951001882553	-0,196951001882553	-0,179911404848099	-0,196951001882553	-0,196951001882553	-0,196951001882553	-0,179911404848099	45067,000681794
65	0,379138306733	0,378741639401	1,467965363479	1,369379802681	0,046158373356	0,114778108895	-0,196951001882553	-0,196951001882553	-0,196951001882553	-0,179911404848099	-0,196951001882553	-0,196951001882553	-0,196951001882553	-0,179911404848099	45067,1001305324
66	0,378846185456	0,378474255559	1,466872891827	1,368435633373	0,046158373356	0,114778108895	-0,196951001882553	-0,196951001882553	-0,196951001882553	-0,179911404848099	-0,196951001882553	-0,196951001882553	-0,196951001882553	-0,179911404848099	45067,1995214931
67	0,378571193291	0,378195233747	1,465839333655	1,367463592506	0,046158373356	0,114778108895	-0,196951001882553	-0,196951001882553	-0,196951001882553	-0,179911404848099	-0,196951001882553	-0,196951001882553	-0,196951001882553	-0,179911404848099	45067,2988929745
68	0,378227187444	0,377858140551	1,464537945856	1,366225447589	0,046158373356	0,114778108895	-0,196951001882553	-0,196951001882553	-0,196951001882553	-0,179911404848099	-0,196951001882553	-0,196951001882553	-0,196951001882553	-0,179911404848099	45067,397885544
69	0,378025526288	0,377674795985	1,463789244697	1,365625086169	0,046158373356	0,114778108895	-0,196951001882553	-0,196951001882553	-0,196951001882553	-0,179911404848099	-0,196951001882553	-0,196951001882553	-0,196951001882553	-0,179911404848099	45067,4971087731
70	0,377751991697	0,37741379953	1,462741655706	1,364705573873	0,046158373356	0,114778108895	-0,196951001882553	-0,179911404848099	-0,196951001882553	-0,179911404848099	-0,179911404848099	-0,196951001882553	-0,196951001882553	-0,179911404848099	45067,5962155324
71	0,377458832675	0,377116715699	1,461616559271	1,363636683616	0,046158373356	0,114778108895	-0,196951001882553	-0,196951001882553	-0,196951001882553	-0,179911404848099	-0,179911404848099	-0,196951001882553	-0,196951001882553	-0,179911404848099	45067,6950830208
72	0,377260984895	0,376943656561	1,460898185708	1,363096060191	0,046158373356	0,114778108895	-0,179911404848099	-0,179911404848099	-0,196951001882553	-0,179911404848099	-0,179911404848099	-0,179911404848099	-0,196951001882553	-0,179911404848099	45067,794110463
73	0,37704402456	4,84267E-7	1,460068600831	1,561099E-6	0,046158373356	0,114778108895	-0,179911404848099	-0,179911404848099	-0,196951001882553	-0,179911404848099	-0,179911404848099	-0,179911404848099	-0,196951001882553	-0,179911404848099	45067,9000646759
74	9,67676305282165E-12	0,212404975881	3,62512562008888E-11	0,745346099701	0,048469699919	0,116806827486	-0,179911404848099	-0,179911404848099	-0,196951001882553	-0,179911404848099	-0,179911404848099	-0,179911404848099	-0,196951001882553	-0,179911404848099	45068,1513418171
75	0,384309250401	0,377487426642	1,484918196678	1,365088125584	0,048469699919	0,116806827486	-0,179911404848099	-0,179911404848099	-0,196951001882553	-0,179911404848099	-0,179911404848099	-0,179911404848099	-0,196951001882553	-0,179911404848099	45068,2509980903
76	0,377590317487	0,3770650353	1,461814546122	1,363573271853	0,048469699919	0,116806827486	-0,179911404848099	-0,179911404848099	-0,196951001882553	-0,179911404848099	-0,179911404848099	-0,179911404848099	-0,196951001882553	-0,179911404848099	45068,3498136574
77	0,377164875448	0,376694404255	1,460218529309	1,36227458842	0,048469699919	0,116806827486	-0,179911404848099	-0,196951001882553	-0,196951001882553	-0,179911404848099	-0,179911404848099	-0,196951001882553	-0,196951001882553	-0,179911404848099	45068,4485710069
78	0,376801871729	0,376319767717	1,458861689752	1,360919261968	0,048469699919	0,116806827486	-0,196951001882553	-0,196951001882553	-0,196951001882553	-0,179911404848099	-0,196951001882553	-0,196951001882553	-0,196951001882553	-0,179911404848099	45068,5472853472
79	0,376392826282	0,37598007434	1,457340829248	1,359686358155	0,048469699919	0,116806827486	-0,196951001882553	-0,196951001882553	-0,196951001882553	-0,179911404848099	-0,196951001882553	-0,179911404848099	-0,196951001882553	-0,179911404848099	45068,6458118287
80	0,376078283793	0,375719197837	1,456212437918	1,358788727667	0,048469699919	0,116806827486	-0,179911404848099	-0,179911404848099	-0,196951001882553	-0,179911404848099	-0,179911404848099	-0,179911404848099	-0,196951001882553	-0,162871807813644	45068,7443558565
81	0,375839193213	0,375486714347	1,455312620853	1,357970982024	0,048469699919	0,116806827486	-0,179911404848099	-0,179911404848099	-0,196951001882553	-0,162871807813644	-0,179911404848099	-0,179911404848099	-0,196951001882553	-0,162871807813644	45068,8429579514
82	0,375544958656	0,375178068415	1,454237525588	1,356818694535	0,048469699919	0,116806827486	-0,179911404848099	-0,179911404848099	-0,196951001882553	-0,162871807813644	-0,179911404848099	-0,179911404848099	-0,196951001882553	-0,179911404848099	45068,9414045139
83	0,375278195041	0,374936490337	1,453239614098	1,355971802801	0,048469699919	0,116806827486	-0,179911404848099	-0,179911404848099	-0,196951001882553	-0,179911404848099	-0,179911404848099	-0,179911404848099	-0,196951001882553	-0,179911404848099	45069,0397998611
84	0,37498502323	0,374649698717	1,452157979658	1,354929962905	0,048469699919	0,116806827486	-0,196951001882553	-0,179911404848099	-0,196951001882553	-0,179911404848099	-0,179911404848099	-0,179911404848099	-0,196951001882553	-0,179911404848099	45069,1381496528
85	0,374720351508	0,374388813525	1,451179068333	1,353980723821	0,048469699919	0,116806827486	-0,196951001882553	-0,196951001882553	-0,196951001882553	-0,179911404848099	-0,179911404848099	-0,179911404848099	-0,196951001882553	-0,179911404848099	45069,236326794
86	0,37446439374	0,374169229632	1,450225047338	1,353162096597	0,048469699919	0,116806827486	-0,179911404848099	-0,196951001882553	-0,196951001882553	-0,179911404848099	-0,196951001882553	-0,196951001882553	-0,196951001882553	-0,179911404848099	45069,334487581
87	0,374296881398	0,373966465629	1,449615969706	1,352461600636	0,048469699919	0,116806827486	-0,196951001882553	-0,196951001882553	-0,196951001882553	-0,179911404848099	-0,196951001882553	-0,196951001882553	-0,196951001882553	-0,179911404848099	45069,432705162
88	0,37404543397	0,373699128839	1,448667486668	1,351399313939	0,048469699919	0,116806827486	-0,196951001882553	-0,196951001882553	-0,196951001882553	-0,179911404848099	-0,179911404848099	-0,196951001882553	-0,196951001882553	-0,179911404848099	45069,5307635995
89	0,373783913726	0,37332970665	1,447008645913	1,349909526587	0,048469699919	0,116806827486	-0,196951001882553	-0,231030181050301	-0,248069763183594	-0,196951001882553	-0,231030181050301	-0,248069763183594	-0,248069763183594	-0,231030181050301	45069,6287314583
90	0,373398259961	0,373328378477	1,446236489848	1,350154124772	0,048469699919	0,116806827486	-0,248069763183594	-0,213990598917007	-0,265109360218048	-0,213990598917007	-0,213990598917007	-0,213990598917007	-0,213990598917007	-0,196951001882553	45069,7267080324
91	0,373389830287	0,373179835927	1,446171922286	1,349694492131	0,048469699919	0,116806827486	-0,213990598917007	-0,196951001882553	-0,213990598917007	-0,196951001882553	-0,196951001882553	-0,196951001882553	-0,196951001882553	-0,179911404848099	45069,8246201736
92	0,373265657984	0,372993818701	1,445697116473	1,349022697014	0,048469699919	0,116806827486	-0,196951001882553	-0,196951001882553	-0,196951001882553	-0,179911404848099	-0,196951001882553	-0,179911404848099	-0,196951001882553	-0,179911404848099	45069,9225278588
93	0,373065165053	0,372785898635	1,44495401349	1,348260059571	0,048469699919	0,116806827486	-0,196951001882553	-0,196951001882553	-0,196951001882553	-0,179911404848099	-0,196951001882553	-0,196951001882553	-0,196951001882553	-0,179911404848099	45070,0203195486
94	0,372864927909	0,372590791271	1,444206008332	1,347568183151	0,048469699919	0,116806827486	-0,179911404848099	-0,196951001882553	-0,196951001882553	-0,179911404848099	-0,196951001882553	-0,179911404848099	-0,196951001882553	-0,179911404848099	45070,1180896528
95	0,372652645677	0,372382854673	1,443420718709	1,346808348855	0,048469699919	0,116806827486	-0,196951001882553	-0,196951001882553	-0,196951001882553	-0,179911404848099	-0,196951001882553	-0,179911404848099	-0,196951001882553	-0,179911404848099	45070,2157763079
96	0,372426493194	0,372141386374	1,442580941626	1,345944785357	0,048469699919	0,116806827486	-0,196951001882553	-0,196951001882553	-0,196951001882553	-0,179911404848099	-0,179911404848099	-0,179911404848099	-0,196951001882553	-0,179911404848099	45070,3134087963
97	0,372221538828	0,371700885333	1,441664455643	1,344001413436	0,048469699919	0,116806827486	-0,196951001882553	-0,265109360218048	-0,265109360218048	-0,179911404848099	-0,265109360218048	-0,265109360218048	-0,282148987054825	-0,248069763183594	45070,4114653935
98	0,371796256215	0,371514894598	1,440307886598	1,343328323273	0,048469699919	0,116806827486	-0,265109360218048	-0,265109360218048	-0,265109360218048	-0,248069763183594	-0,265109360218048	-0,265109360218048	-0,265109360218048	-0,248069763183594	45070,509161412
99	0,371565159874	0,37135084655	1,439447181029	1,342735054024	0,048469699919	0,116806827486	-0,265109360218048	-0,265109360218048	-0,282148987054825	-0,265109360218048	-0,265109360218048	-0,265109360218048	-0,265109360218048	-0,248069763183594	45070,6067854051
100	0,371159928712	0,370781465897	1,437800554588	1,341465566597	0,048469699919	0,116806827486	-0,265109360218048	-0,248069763183594	-0,265109360218048	-0,248069763183594	-0,248069763183594	-0,231030181050301	-0,265109360218048	-0,231030181050301	45070,7306691551
101	0,371187790023	0,371044763922	1,437944426058	1,341920503594	0,048469699919	0,116806827486	-0,248069763183594	-0,213990598917007	-0,248069763183594	-0,213990598917007	-0,213990598917007	-0,213990598917007	-0,231030181050301	-0,213990598917007	45070,828013669
102	0,371095179714	0,370900103519	1,437593643225	1,341410361147	0,048469699919	0,116806827486	-0,213990598917007	-0,213990598917007	-0,231030181050301	-0,196951001882553	-0,213990598917007	-0,213990598917007	-0,213990598917007	-0,196951001882553	45070,9253609722
103	0,370902249509	0,370706358025	1,436848416674	1,340710749029	0,048469699919	0,116806827486	-0,213990598917007	-0,213990598917007	-0,213990598917007	-0,196951001882553	-0,213990598917007	-0,213990598917007	-0,213990598917007	-0,196951001882553	45071,0224504398
104	0,370846837327	0,370599098332	1,436690877081	1,340329845208	0,048469699919	0,116806827486	-0,196951001882553	-0,213990598917007	-0,213990598917007	-0,196951001882553	-0,213990598917007	-0,213990598917007	-0,213990598917007	-0,196951001882553	45071,11975875
105	0,370660033152	0,370409232655	1,435992981548	1,339646648844	0,048469699919	0,116806827486	-0,213990598917007	-0,213990598917007	-0,213990598917007	-0,196951001882553	-0,196951001882553	-0,213990598917007	-0,213990598917007	-0,196951001882553	45071,2170568403
106	0,370461237227	0,370237468414	1,4352596666	1,339039786126	0,048469699919	0,116806827486	-0,213990598917007	-0,196951001882553	-0,213990598917007	-0,196951001882553	-0,213990598917007	-0,213990598917007	-0,213990598917007	-0,196951001882553	45071,3141902546
107	0,370295175551	0,369895919585	1,434605320699	1,338045821442	0,048469699919	0,116806827486	-0,196951001882553	-0,248069763183594	-0,248069763183594	-0,196951001882553	-0,248069763183594	-0,248069763183594	-0,265109360218048	-0,248069763183594	45071,4124525116
108	0,370000148458	0,369760825955	1,433545693484	1,337074217193	0,048469699919	0,116806827486	-0,265109360218048	-0,265109360218048	-0,265109360218048	-0,248069763183594	-0,265109360218048	-0,248069763183594	-0,265109360218048	-0,248069763183594	45071,5096512963
109	0,369813594387	0,369652361433	1,432845024557	1,336748324899	0,048469699919	0,116806827486	-0,248069763183594	-0,248069763183594	-0,265109360218048	-0,248069763183594	-0,248069763183594	-0,248069763183594	-0,265109360218048	-0,231030181050301	45071,6068097569
110	0,369649699821	0,369488257859	1,432193962706	1,336253466003	0,048469699919	0,116806827486	-0,248069763183594	-0,248069763183594	-0,248069763183594	-0,231030181050301	-0,248069763183594	-0,231030181050301	-0,248069763183594	-0,231030181050301	45071,7037665278
111	0,369551460826	0,36944313545	1,431842147825	1,336171286914	0,048469699919	0,116806827486	-0,231030181050301	-0,231030181050301	-0,248069763183594	-0,213990598917007	-0,231030181050301	-0,213990598917007	-0,231030181050301	-0,213990598917007	45071,8007103935
112	0,369498058553	0,369319110542	1,431617285319	1,33573834714	0,048469699919	0,116806827486	-0,213990598917007	-0,213990598917007	-0,231030181050301	-0,196951001882553	-0,213990598917007	-0,213990598917007	-0,231030181050301	-0,196951001882553	45071,8975798958
113	0,369408617384	0,369226114011	1,431277330586	1,335399427928	0,048469699919	0,116806827486	-0,213990598917007	-0,213990598917007	-0,213990598917007	-0,196951001882553	-0,213990598917007	-0,213990598917007	-0,231030181050301	-0,196951001882553	45071,9944928819
114	0,369315025082	0,369145995881	1,43090881961	1,33514493284	0,048469699919	0,116806827486	-0,213990598917007	-0,213990598917007	-0,231030181050301	-0,196951001882553	-0,213990598917007	-0,213990598917007	-0,213990598917007	-0,196951001882553	45072,0915010185
115	0,369207958416	0,369022086477	1,430504483889	1,334687634846	0,048469699919	0,116806827486	-0,213990598917007	-0,213990598917007	-0,213990598917007	-0,196951001882553	-0,213990598917007	-0,213990598917007	-0,213990598917007	-0,196951001882553	45072,1884661227
116	0,369062140153	0,368900675526	1,429943230189	1,334279759847	0,048469699919	0,116806827486	-0,213990598917007	-0,213990598917007	-0,213990598917007	-0,196951001882553	-0,213990598917007	-0,213990598917007	-0,213990598917007	-0,196951001882553	45072,2853137153
117	0,368980585222	0,368797273613	1,429611627728	1,333915316335	0,048469699919	0,116806827486	-0,213990598917007	-0,196951001882553	-0,213990598917007	-0,196951001882553	-0,196951001882553	-0,213990598917007	-0,213990598917007	-0,196951001882553	45072,3822529282
118	0,368853171655	0,36868752691	1,429123399792	1,333539609349	0,048469699919	0,116806827486	-0,196951001882553	-0,213990598917007	-0,213990598917007	-0,196951001882553	-0,196951001882553	-0,196951001882553	-0,213990598917007	-0,196951001882553	45072,4790817245
119	0,368713646491	0,368514479643	1,428601006107	1,332923208226	0,048469699919	0,116806827486	-0,213990598917007	-0,213990598917007	-0,213990598917007	-0,196951001882553	-0,196951001882553	-0,196951001882553	-0,213990598917007	-0,196951001882553	45072,5758654861
120	0,368523217227	0,3683387328	1,4278692093	1,332288964262	0,048469699919	0,116806827486	-0,196951001882553	-0,213990598917007	-0,213990598917007	-0,196951001882553	-0,196951001882553	-0,213990598917007	-0,213990598917007	-0,196951001882553	45072,6724040509
121	0,368413331498	0,36822776792	1,427468813358	1,331854696523	0,048469699919	0,116806827486	-0,213990598917007	-0,213990598917007	-0,231030181050301	-0,196951001882553	-0,213990598917007	-0,213990598917007	-0,231030181050301	-0,196951001882553	45072,7690047685
122	0,368334337445	0,36816181419	1,427167422601	1,331631223857	0,048469699919	0,116806827486	-0,213990598917007	-0,213990598917007	-0,231030181050301	-0,196951001882553	-0,213990598917007	-0,213990598917007	-0,213990598917007	-0,196951001882553	45072,8657660532
123	0,368193515072	0,368001577295	1,426636281955	1,331016977273	0,048469699919	0,116806827486	-0,213990598917007	-0,213990598917007	-0,231030181050301	-0,196951001882553	-0,213990598917007	-0,213990598917007	-0,231030181050301	-0,196951001882553	45072,962346412
124	0,368011818014	2,67885E-7	1,425928533181	8,59663E-7	0,048469699919	0,116806827486	-0,213990598917007	-0,213990598917007	-0,231030181050301	-0,196951001882553	-0,213990598917007	-0,213990598917007	-0,231030181050301	-0,196951001882553	45073,0657197801
125	6,40243127082221E-12	0,204647005657	2,39992688351386E-11	0,718183606245	0,048624001443	0,117676533759	-0,213990598917007	-0,213990598917007	-0,213990598917007	-0,213990598917007	-0,213990598917007	-0,213990598917007	-0,231030181050301	-0,196951001882553	45073,3112677546
126	0,374788593015	0,368734092998	1,449350876164	1,333666625208	0,048624001443	0,117676533759	-0,213990598917007	-0,213990598917007	-0,231030181050301	-0,213990598917007	-0,213990598917007	-0,213990598917007	-0,231030181050301	-0,196951001882553	45073,4084562153
127	0,368830991819	0,368464116607	1,428799250624	1,332737388052	0,048624001443	0,117676533759	-0,213990598917007	-0,213990598917007	-0,231030181050301	-0,213990598917007	-0,213990598917007	-0,213990598917007	-0,231030181050301	-0,213990598917007	45073,505051088
128	0,368517884745	0,3682082688	1,427592296704	1,331822245005	0,048624001443	0,117676533759	-0,213990598917007	-0,213990598917007	-0,231030181050301	-0,196951001882553	-0,213990598917007	-0,213990598917007	-0,231030181050301	-0,213990598917007	45073,6015402894
129	0,36827424105	0,368019736803	1,426668762375	1,33115050783	0,048624001443	0,117676533759	-0,213990598917007	-0,213990598917007	-0,231030181050301	-0,213990598917007	-0,213990598917007	-0,213990598917007	-0,231030181050301	-0,213990598917007	45073,6979827778
130	0,368058244136	0,367829883841	1,425864970573	1,330484904375	0,048624001443	0,117676533759	-0,213990598917007	-0,213990598917007	-0,231030181050301	-0,196951001882553	-0,213990598917007	-0,213990598917007	-0,231030181050301	-0,196951001882553	45073,7943270023
131	0,367885529997	0,367659347529	1,425229675956	1,329850000042	0,048624001443	0,117676533759	-0,213990598917007	-0,213990598917007	-0,213990598917007	-0,196951001882553	-0,213990598917007	-0,213990598917007	-0,231030181050301	-0,196951001882553	45073,8906364815
132	0,367700071557	0,367481148221	1,424542273803	1,329178855625	0,048624001443	0,117676533759	-0,213990598917007	-0,213990598917007	-0,213990598917007	-0,196951001882553	-0,213990598917007	-0,213990598917007	-0,231030181050301	-0,196951001882553	45073,9868306829
133	0,367590747261	0,367385575882	1,424176010769	1,328838465204	0,048624001443	0,117676533759	-0,213990598917007	-0,213990598917007	-0,231030181050301	-0,196951001882553	-0,213990598917007	-0,213990598917007	-0,231030181050301	-0,196951001882553	45074,0832609838
134	0,367418116637	0,367212462067	1,423531936519	1,32819204553	0,048624001443	0,117676533759	-0,213990598917007	-0,213990598917007	-0,231030181050301	-0,196951001882553	-0,213990598917007	-0,213990598917007	-0,231030181050301	-0,196951001882553	45074,1795692593
135	0,367223381666	0,36703032996	1,422795072341	1,32751904857	0,048624001443	0,117676533759	-0,213990598917007	-0,213990598917007	-0,231030181050301	-0,196951001882553	-0,213990598917007	-0,213990598917007	-0,231030181050301	-0,213990598917007	45074,2756782986
136	0,367124108846	0,366934711628	1,422444631369	1,327189951997	0,048624001443	0,117676533759	-0,213990598917007	-0,213990598917007	-0,231030181050301	-0,196951001882553	-0,213990598917007	-0,213990598917007	-0,231030181050301	-0,196951001882553	45074,3719124421
137	0,366959443937	0,366774524112	1,42182902272	1,326616453101	0,048624001443	0,117676533759	-0,213990598917007	-0,213990598917007	-0,231030181050301	-0,213990598917007	-0,213990598917007	-0,213990598917007	-0,231030181050301	-0,213990598917007	45074,4680334028
138	0,366822508242	0,366653161269	1,421341546524	1,326171326683	0,048624001443	0,117676533759	-0,213990598917007	-0,213990598917007	-0,231030181050301	-0,213990598917007	-0,213990598917007	-0,213990598917007	-0,231030181050301	-0,196951001882553	45074,564174213
139	0,366700826621	0,366536945381	1,42089871054	1,325739436698	0,048624001443	0,117676533759	-0,213990598917007	-0,213990598917007	-0,231030181050301	-0,196951001882553	-0,213990598917007	-0,213990598917007	-0,231030181050301	-0,196951001882553	45074,6602914931
140	0,366588579202	0,366397456516	1,420490421377	1,325228197992	0,048624001443	0,117676533759	-0,213990598917007	-0,213990598917007	-0,231030181050301	-0,196951001882553	-0,213990598917007	-0,213990598917007	-0,231030181050301	-0,196951001882553	45074,7563558218
141	0,366449538037	0,366291497445	1,419943858801	1,324875052102	0,048624001443	0,117676533759	-0,213990598917007	-0,213990598917007	-0,213990598917007	-0,196951001882553	-0,213990598917007	-0,213990598917007	-0,213990598917007	-0,196951001882553	45074,852315162
142	0,366351463949	0,366144276919	1,4196139567	1,324292365215	0,048624001443	0,117676533759	-0,213990598917007	-0,213990598917007	-0,213990598917007	-0,196951001882553	-0,213990598917007	-0,213990598917007	-0,213990598917007	-0,196951001882553	45074,9482727083
143	0,366210206382	0,366053876751	1,419100134505	1,323983010338	0,048624001443	0,117676533759	-0,213990598917007	-0,213990598917007	-0,231030181050301	-0,196951001882553	-0,213990598917007	-0,213990598917007	-0,213990598917007	-0,196951001882553	45075,0442979398
144	0,366129138471	0,3659518526	1,418821021636	1,323605457294	0,048624001443	0,117676533759	-0,213990598917007	-0,196951001882553	-0,213990598917007	-0,196951001882553	-0,213990598917007	-0,213990598917007	-0,213990598917007	-0,196951001882553	45075,1403413426
145	0,365983399173	0,365789029724	1,418276420738	1,322972504176	0,048624001443	0,117676533759	-0,213990598917007	-0,213990598917007	-0,213990598917007	-0,196951001882553	-0,213990598917007	-0,213990598917007	-0,231030181050301	-0,196951001882553	45075,2362849074
146	0,365840692619	0,365706429458	1,417737172837	1,322706385481	0,048624001443	0,117676533759	-0,213990598917007	-0,213990598917007	-0,231030181050301	-0,196951001882553	-0,213990598917007	-0,213990598917007	-0,213990598917007	-0,196951001882553	45075,3322230093
147	0,365738691898	0,36556297219	1,417362380732	1,322182240641	0,048624001443	0,117676533759	-0,213990598917007	-0,213990598917007	-0,213990598917007	-0,196951001882553	-0,213990598917007	-0,213990598917007	-0,231030181050301	-0,196951001882553	45075,4281558796
148	0,365642433003	0,365458376255	1,417038380576	1,321799010816	0,048624001443	0,117676533759	-0,213990598917007	-0,213990598917007	-0,213990598917007	-0,196951001882553	-0,196951001882553	-0,213990598917007	-0,231030181050301	-0,196951001882553	45075,524159213
149	0,365493533239	0,365343488326	1,416466337882	1,321378463323	0,048624001443	0,117676533759	-0,213990598917007	-0,213990598917007	-0,213990598917007	-0,196951001882553	-0,213990598917007	-0,213990598917007	-0,213990598917007	-0,196951001882553	45075,6200303588
150	0,365382620215	0,365232365984	1,416038159956	1,320986385529	0,048624001443	0,117676533759	-0,213990598917007	-0,213990598917007	-0,213990598917007	-0,196951001882553	-0,213990598917007	-0,196951001882553	-0,213990598917007	-0,196951001882553	45075,7158377315
151	0,365265322178	0,365129042058	1,4155896914	1,320642950837	0,048624001443	0,117676533759	-0,213990598917007	-0,213990598917007	-0,213990598917007	-0,196951001882553	-0,213990598917007	-0,213990598917007	-0,213990598917007	-0,196951001882553	45075,8115971181
152	0,365168598866	0,365001128858	1,415225547214	1,32014606421	0,048624001443	0,117676533759	-0,196951001882553	-0,213990598917007	-0,213990598917007	-0,196951001882553	-0,196951001882553	-0,213990598917007	-0,213990598917007	-0,196951001882553	45075,9072805787
153	0,365109910843	0,364945637094	1,415042645625	1,319937018654	0,048624001443	0,117676533759	-0,196951001882553	-0,213990598917007	-0,213990598917007	-0,196951001882553	-0,213990598917007	-0,213990598917007	-0,213990598917007	-0,196951001882553	45076,003225787
154	0,364927671058	0,364767358738	1,414337513438	1,319264741388	0,048624001443	0,117676533759	-0,213990598917007	-0,213990598917007	-0,213990598917007	-0,196951001882553	-0,213990598917007	-0,196951001882553	-0,213990598917007	-0,196951001882553	45076,098802581
155	0,364845447926	0,364709261072	1,414028657124	1,31907652777	0,048624001443	0,117676533759	-0,213990598917007	-0,213990598917007	-0,213990598917007	-0,196951001882553	-0,213990598917007	-0,213990598917007	-0,213990598917007	-0,196951001882553	45076,1945053588
156	0,364762147004	0,364612387052	1,413733945498	1,318727918439	0,048624001443	0,117676533759	-0,196951001882553	-0,196951001882553	-0,213990598917007	-0,196951001882553	-0,213990598917007	-0,213990598917007	-0,213990598917007	-0,196951001882553	45076,2902132292
157	0,364724823657	0,364383825628	1,413640090311	1,317984597251	0,048624001443	0,117676533759	-0,213990598917007	-0,248069763183594	-0,248069763183594	-0,196951001882553	-0,248069763183594	-0,265109360218048	-0,265109360218048	-0,231030181050301	45076,3865633102
158	0,364474368709	0,364240405161	1,412675511477	1,31710362548	0,048624001443	0,117676533759	-0,265109360218048	-0,265109360218048	-0,282148987054825	-0,248069763183594	-0,265109360218048	-0,265109360218048	-0,265109360218048	-0,248069763183594	45076,482376331
159	0,363405004179	0,363429983462	1,408321576637	1,314371388361	0,048624001443	0,117676533759	-0,265109360218048	-0,248069763183594	-0,265109360218048	-0,231030181050301	-0,248069763183594	-0,231030181050301	-0,248069763183594	-0,231030181050301	45076,5760784722
160	0,364267408337	0,364116367113	1,411878748511	1,316763963958	0,048624001443	0,117676533759	-0,231030181050301	-0,231030181050301	-0,248069763183594	-0,231030181050301	-0,231030181050301	-0,231030181050301	-0,248069763183594	-0,213990598917007	45076,6715897685
161	0,364188336845	0,364107324235	1,411627725959	1,316811181179	0,048624001443	0,117676533759	-0,231030181050301	-0,213990598917007	-0,231030181050301	-0,213990598917007	-0,213990598917007	-0,213990598917007	-0,231030181050301	-0,213990598917007	45076,7672030903
162	0,364139458772	0,364046587818	1,411431464892	1,316675231954	0,048624001443	0,117676533759	-0,213990598917007	-0,213990598917007	-0,231030181050301	-0,213990598917007	-0,213990598917007	-0,213990598917007	-0,213990598917007	-0,196951001882553	45076,8627707523
163	0,364097493008	0,363945949695	1,411267229556	1,31630560994	0,048624001443	0,117676533759	-0,213990598917007	-0,213990598917007	-0,213990598917007	-0,196951001882553	-0,213990598917007	-0,213990598917007	-0,213990598917007	-0,196951001882553	45076,9583590741
164	0,363980919875	0,363843903502	1,410837429387	1,315920664792	0,048624001443	0,117676533759	-0,213990598917007	-0,196951001882553	-0,213990598917007	-0,196951001882553	-0,213990598917007	-0,196951001882553	-0,213990598917007	-0,196951001882553	45077,0538039352
165	0,363905150507	0,363785759425	1,410548243047	1,315706557971	0,048624001443	0,117676533759	-0,196951001882553	-0,196951001882553	-0,213990598917007	-0,196951001882553	-0,213990598917007	-0,213990598917007	-0,213990598917007	-0,196951001882553	45077,1493528935
166	0,363851289258	0,363710797785	1,410350764526	1,315447976591	0,048624001443	0,117676533759	-0,196951001882553	-0,196951001882553	-0,213990598917007	-0,196951001882553	-0,213990598917007	-0,196951001882553	-0,213990598917007	-0,196951001882553	45077,2449637037
167	0,363726270003	0,363539061944	1,409859948878	1,314827940202	0,048624001443	0,117676533759	-0,196951001882553	-0,196951001882553	-0,213990598917007	-0,196951001882553	-0,213990598917007	-0,231030181050301	-0,231030181050301	-0,196951001882553	45077,3403316782
168	0,363534164902	0,363456304218	1,409179400287	1,31444525922	0,048624001443	0,117676533759	-0,231030181050301	-0,231030181050301	-0,248069763183594	-0,213990598917007	-0,231030181050301	-0,231030181050301	-0,231030181050301	-0,213990598917007	45077,4357534954
169	0,363498766695	0,363389235305	1,409026907473	1,314227032943	0,048624001443	0,117676533759	-0,231030181050301	-0,213990598917007	-0,231030181050301	-0,213990598917007	-0,213990598917007	-0,213990598917007	-0,231030181050301	-0,213990598917007	45077,5311752546
170	0,363440318601	0,363241920682	1,408813049729	1,31363217294	0,048624001443	0,117676533759	-0,213990598917007	-0,231030181050301	-0,231030181050301	-0,213990598917007	-0,213990598917007	-0,231030181050301	-0,231030181050301	-0,213990598917007	45077,6266748843
171	0,363273056245	0,363187699441	1,408150705027	1,31342192185	0,048624001443	0,117676533759	-0,231030181050301	-0,231030181050301	-0,248069763183594	-0,231030181050301	-0,231030181050301	-0,231030181050301	-0,248069763183594	-0,213990598917007	45077,7220638426
172	0,363205086489	0,363168312854	1,407927617982	1,313520479942	0,048624001443	0,117676533759	-0,231030181050301	-0,213990598917007	-0,231030181050301	-0,213990598917007	-0,213990598917007	-0,196951001882553	-0,213990598917007	-0,196951001882553	45077,8174203125
173	0,363228623218	0,363102467843	1,408016068797	1,313284487382	0,048624001443	0,117676533759	-0,196951001882553	-0,196951001882553	-0,213990598917007	-0,196951001882553	-0,196951001882553	-0,196951001882553	-0,213990598917007	-0,196951001882553	45077,9128540625
174	0,363125951176	0,363001689633	1,407655677902	1,31289988457	0,048624001443	0,117676533759	-0,196951001882553	-0,213990598917007	-0,213990598917007	-0,196951001882553	-0,196951001882553	-0,196951001882553	-0,213990598917007	-0,196951001882553	45078,0081773495
175	0,363052798927	3,99282E-7	1,407396476392	1,277668E-6	0,048624001443	0,117676533759	-0,196951001882553	-0,196951001882553	-0,213990598917007	-0,196951001882553	-0,196951001882553	-0,196951001882553	-0,213990598917007	-0,196951001882553	45078,110521412
176	4,27888405686529E-12	0,200226394571	1,60451607208841E-11	0,702714465302	0,05376740545	0,122720986605	-0,196951001882553	-0,196951001882553	-0,196951001882553	-0,196951001882553	-0,196951001882553	-0,231030181050301	-0,248069763183594	-0,179911404848099	45078,3531179051
177	0,3692293876	0,363611374872	1,428821572152	1,314888364313	0,05376740545	0,122720986605	-0,231030181050301	-0,231030181050301	-0,248069763183594	-0,231030181050301	-0,231030181050301	-0,231030181050301	-0,248069763183594	-0,231030181050301	45078,4491935069
178	0,363689729977	0,363416310531	1,409619766224	1,314271870674	0,05376740545	0,122720986605	-0,231030181050301	-0,231030181050301	-0,248069763183594	-0,231030181050301	-0,231030181050301	-0,231030181050301	-0,248069763183594	-0,231030181050301	45078,5446385648
179	0,363426983345	0,363169611568	1,408590522759	1,313414893089	0,05376740545	0,122720986605	-0,231030181050301	-0,231030181050301	-0,231030181050301	-0,213990598917007	-0,231030181050301	-0,231030181050301	-0,231030181050301	-0,213990598917007	45078,6399615741
180	0,363235025627	0,363067634041	1,407884226373	1,313090739935	0,05376740545	0,122720986605	-0,231030181050301	-0,213990598917007	-0,231030181050301	-0,213990598917007	-0,231030181050301	-0,213990598917007	-0,231030181050301	-0,213990598917007	45078,7353236806
181	0,363135179661	0,363006855661	1,407507833498	1,312988489055	0,05376740545	0,122720986605	-0,213990598917007	-0,196951001882553	-0,231030181050301	-0,196951001882553	-0,213990598917007	-0,196951001882553	-0,213990598917007	-0,196951001882553	45078,8306317593
182	0,363043435875	0,362868656185	1,407165498871	1,312475315341	0,05376740545	0,122720986605	-0,196951001882553	-0,196951001882553	-0,213990598917007	-0,196951001882553	-0,196951001882553	-0,196951001882553	-0,213990598917007	-0,196951001882553	45078,9259158333
183	0,362868356686	0,36271240825	1,406508280474	1,311900903444	0,05376740545	0,122720986605	-0,196951001882553	-0,196951001882553	-0,213990598917007	-0,179911404848099	-0,196951001882553	-0,196951001882553	-0,213990598917007	-0,179911404848099	45079,0209973148
184	0,362749662798	0,362583220498	1,406080386699	1,311420283947	0,05376740545	0,122720986605	-0,196951001882553	-0,196951001882553	-0,196951001882553	-0,179911404848099	-0,196951001882553	-0,196951001882553	-0,196951001882553	-0,179911404848099	45079,1160087963
185	0,362634630995	0,362468254364	1,405657143159	1,310990180989	0,05376740545	0,122720986605	-0,196951001882553	-0,196951001882553	-0,213990598917007	-0,179911404848099	-0,196951001882553	-0,196951001882553	-0,196951001882553	-0,179911404848099	45079,2110424421
186	0,36251178462	0,362397274481	1,405196668119	1,310789775079	0,05376740545	0,122720986605	-0,196951001882553	-0,196951001882553	-0,196951001882553	-0,179911404848099	-0,196951001882553	-0,196951001882553	-0,196951001882553	-0,179911404848099	45079,3060027546
187	0,362434366168	0,362120803046	1,404824401543	1,309493743561	0,05376740545	0,122720986605	-0,196951001882553	-0,231030181050301	-0,231030181050301	-0,179911404848099	-0,231030181050301	-0,248069763183594	-0,248069763183594	-0,231030181050301	45079,4009176968
188	0,362205641182	0,362075602219	1,404087387669	1,309354186997	0,05376740545	0,122720986605	-0,231030181050301	-0,248069763183594	-0,248069763183594	-0,231030181050301	-0,248069763183594	-0,248069763183594	-0,248069763183594	-0,231030181050301	45079,4960104514
189	0,362085882123	0,361973543524	1,403639137924	1,308981406751	0,05376740545	0,122720986605	-0,248069763183594	-0,248069763183594	-0,248069763183594	-0,231030181050301	-0,248069763183594	-0,231030181050301	-0,248069763183594	-0,231030181050301	45079,5909836921
190	0,362003498267	0,361949077804	1,403363122422	1,309001324918	0,05376740545	0,122720986605	-0,248069763183594	-0,231030181050301	-0,248069763183594	-0,231030181050301	-0,231030181050301	-0,213990598917007	-0,248069763183594	-0,213990598917007	45079,6860181944
191	0,361971893364	0,361872824019	1,403226647272	1,308741719458	0,05376740545	0,122720986605	-0,213990598917007	-0,213990598917007	-0,231030181050301	-0,196951001882553	-0,213990598917007	-0,213990598917007	-0,213990598917007	-0,196951001882553	45079,7809457176
192	0,361944887805	0,361810809447	1,403152420812	1,308529819309	0,05376740545	0,122720986605	-0,196951001882553	-0,196951001882553	-0,213990598917007	-0,196951001882553	-0,196951001882553	-0,196951001882553	-0,213990598917007	-0,196951001882553	45079,8759632176
193	0,361834932025	0,361699724617	1,402757848346	1,308117472894	0,05376740545	0,122720986605	-0,196951001882553	-0,196951001882553	-0,213990598917007	-0,196951001882553	-0,196951001882553	-0,196951001882553	-0,213990598917007	-0,196951001882553	45079,9709435648
194	0,36175956652	0,361633894228	1,402496160163	1,307889009986	0,05376740545	0,122720986605	-0,196951001882553	-0,196951001882553	-0,213990598917007	-0,179911404848099	-0,196951001882553	-0,196951001882553	-0,213990598917007	-0,179911404848099	45080,0659839931
195	0,361647064349	0,36151371608	1,402067051503	1,307424472456	0,05376740545	0,122720986605	-0,196951001882553	-0,196951001882553	-0,213990598917007	-0,196951001882553	-0,196951001882553	-0,196951001882553	-0,213990598917007	-0,196951001882553	45080,1608601273
196	0,361555221204	0,361451662088	1,401718203685	1,30721411054	0,05376740545	0,122720986605	-0,196951001882553	-0,196951001882553	-0,213990598917007	-0,196951001882553	-0,196951001882553	-0,196951001882553	-0,213990598917007	-0,179911404848099	45080,2556554398
197	0,361536078501	0,361393579258	1,401660144578	1,307003985629	0,05376740545	0,122720986605	-0,196951001882553	-0,196951001882553	-0,196951001882553	-0,179911404848099	-0,196951001882553	-0,196951001882553	-0,213990598917007	-0,196951001882553	45080,3506716782
198	0,361373114584	0,361259265532	1,401050815587	1,30650282521	0,05376740545	0,122720986605	-0,196951001882553	-0,196951001882553	-0,213990598917007	-0,179911404848099	-0,196951001882553	-0,196951001882553	-0,213990598917007	-0,179911404848099	45080,4454199306
199	0,361346352718	0,361228318752	1,400970220252	1,306412829445	0,05376740545	0,122720986605	-0,196951001882553	-0,196951001882553	-0,196951001882553	-0,179911404848099	-0,196951001882553	-0,196951001882553	-0,196951001882553	-0,179911404848099	45080,5403418634
200	0,361255829763	0,36113652832	1,400639114993	1,306090133268	0,05376740545	0,122720986605	-0,196951001882553	-0,196951001882553	-0,196951001882553	-0,179911404848099	-0,196951001882553	-0,196951001882553	-0,196951001882553	-0,179911404848099	45080,6352151852
201	0,361178810358	0,361079761577	1,400358534827	1,305871766122	0,05376740545	0,122720986605	-0,196951001882553	-0,179911404848099	-0,196951001882553	-0,179911404848099	-0,196951001882553	-0,196951001882553	-0,196951001882553	-0,179911404848099	45080,7300547801
202	0,36113301941	0,361021646959	1,400188630332	1,305690523776	0,05376740545	0,122720986605	-0,196951001882553	-0,179911404848099	-0,196951001882553	-0,179911404848099	-0,179911404848099	-0,179911404848099	-0,196951001882553	-0,179911404848099	45080,8249654051
203	0,361043690275	0,360946695065	1,399843064187	1,305397196102	0,05376740545	0,122720986605	-0,196951001882553	-0,196951001882553	-0,196951001882553	-0,162871807813644	-0,196951001882553	-0,179911404848099	-0,196951001882553	-0,179911404848099	45080,9197829398
204	0,360965149023	0,360867938167	1,39955664433	1,305111227313	0,05376740545	0,122720986605	-0,179911404848099	-0,179911404848099	-0,196951001882553	-0,179911404848099	-0,179911404848099	-0,179911404848099	-0,196951001882553	-0,179911404848099	45081,0145223958
205	0,360951011952	0,360845953521	1,399517839419	1,305037884603	0,05376740545	0,122720986605	-0,179911404848099	-0,179911404848099	-0,196951001882553	-0,179911404848099	-0,179911404848099	-0,179911404848099	-0,196951001882553	-0,179911404848099	45081,1094208565
206	0,360853061025	0,360753003823	1,399110432473	1,304704074298	0,05376740545	0,122720986605	-0,179911404848099	-0,179911404848099	-0,196951001882553	-0,179911404848099	-0,179911404848099	-0,179911404848099	-0,196951001882553	-0,179911404848099	45081,2041267361
207	0,360794779934	0,360718117462	1,398915763415	1,30462961058	0,05376740545	0,122720986605	-0,196951001882553	-0,179911404848099	-0,196951001882553	-0,179911404848099	-0,179911404848099	-0,179911404848099	-0,196951001882553	-0,179911404848099	45081,2988246065
208	0,360772446338	0,360631603469	1,398818277558	1,304238618894	0,05376740545	0,122720986605	-0,179911404848099	-0,179911404848099	-0,196951001882553	-0,179911404848099	-0,179911404848099	-0,196951001882553	-0,196951001882553	-0,179911404848099	45081,3936034375
209	0,360678453471	0,360577307631	1,398506208483	1,304086731901	0,05376740545	0,122720986605	-0,179911404848099	-0,179911404848099	-0,196951001882553	-0,179911404848099	-0,179911404848099	-0,179911404848099	-0,196951001882553	-0,179911404848099	45081,4883929977
210	0,360591461028	0,360472710428	1,398175286188	1,303685883644	0,05376740545	0,122720986605	-0,179911404848099	-0,179911404848099	-0,196951001882553	-0,179911404848099	-0,179911404848099	-0,179911404848099	-0,196951001882553	-0,179911404848099	45081,5830699653
211	0,360550732591	0,360451999272	1,398030919368	1,303617171838	0,05376740545	0,122720986605	-0,179911404848099	-0,179911404848099	-0,196951001882553	-0,179911404848099	-0,179911404848099	-0,179911404848099	-0,196951001882553	-0,179911404848099	45081,6778366782
212	0,360469884015	0,360388753594	1,397715225265	1,303409279546	0,05376740545	0,122720986605	-0,179911404848099	-0,179911404848099	-0,196951001882553	-0,179911404848099	-0,179911404848099	-0,179911404848099	-0,196951001882553	-0,162871807813644	45081,7725186806
213	0,360412913151	0,360289285116	1,397446810223	1,303023354929	0,05376740545	0,122720986605	-0,179911404848099	-0,179911404848099	-0,179911404848099	-0,162871807813644	-0,179911404848099	-0,179911404848099	-0,179911404848099	-0,162871807813644	45081,8671083449
214	0,360345700477	0,360235047771	1,397256236191	1,302817385641	0,05376740545	0,122720986605	-0,179911404848099	-0,179911404848099	-0,179911404848099	-0,162871807813644	-0,179911404848099	-0,179911404848099	-0,179911404848099	-0,162871807813644	45081,9618255324
215	0,360272919157	0,360161403282	1,396995189035	1,302531071455	0,05376740545	0,122720986605	-0,179911404848099	-0,179911404848099	-0,179911404848099	-0,162871807813644	-0,179911404848099	-0,179911404848099	-0,179911404848099	-0,162871807813644	45082,0564999074
216	0,36022243364	0,360111073729	1,396812417937	1,302349540191	0,05376740545	0,122720986605	-0,179911404848099	-0,179911404848099	-0,179911404848099	-0,162871807813644	-0,179911404848099	-0,179911404848099	-0,179911404848099	-0,162871807813644	45082,1512500694
217	0,360129051007	0,360011551422	1,396449749594	1,301973239009	0,05376740545	0,122720986605	-0,179911404848099	-0,179911404848099	-0,179911404848099	-0,162871807813644	-0,179911404848099	-0,179911404848099	-0,179911404848099	-0,162871807813644	45082,2458544444
218	0,36005268693	0,359917340524	1,396151314319	1,301646590756	0,05376740545	0,122720986605	-0,179911404848099	-0,162871807813644	-0,179911404848099	-0,162871807813644	-0,179911404848099	-0,196951001882553	-0,196951001882553	-0,162871807813644	45082,340321088
219	0,359904494917	0,359700272463	1,39572917621	1,300587388215	0,05376740545	0,122720986605	-0,213990598917007	-0,231030181050301	-0,248069763183594	-0,213990598917007	-0,231030181050301	-0,231030181050301	-0,248069763183594	-0,231030181050301	45082,4349021296
220	0,359762680036	0,359676987831	1,395106110874	1,300510155976	0,05376740545	0,122720986605	-0,231030181050301	-0,231030181050301	-0,248069763183594	-0,231030181050301	-0,231030181050301	-0,231030181050301	-0,248069763183594	-0,213990598917007	45082,5295449653
221	0,359715438875	0,359620184214	1,39493788998	1,30033251904	0,05376740545	0,122720986605	-0,231030181050301	-0,231030181050301	-0,248069763183594	-0,213990598917007	-0,231030181050301	-0,231030181050301	-0,231030181050301	-0,213990598917007	45082,6241373264
222	0,359660217981	0,359562110499	1,394745266303	1,300132816257	0,05376740545	0,122720986605	-0,231030181050301	-0,231030181050301	-0,231030181050301	-0,213990598917007	-0,213990598917007	-0,213990598917007	-0,231030181050301	-0,213990598917007	45082,7189096296
223	0,359589038949	0,359556970749	1,394474450025	1,300246364681	0,05376740545	0,122720986605	-0,213990598917007	-0,196951001882553	-0,231030181050301	-0,196951001882553	-0,196951001882553	-0,196951001882553	-0,213990598917007	-0,196951001882553	45082,8133491667
224	0,35961052917	0,359485967767	1,394540867265	1,29996446595	0,05376740545	0,122720986605	-0,196951001882553	-0,196951001882553	-0,213990598917007	-0,196951001882553	-0,196951001882553	-0,196951001882553	-0,213990598917007	-0,196951001882553	45082,9078410648
225	0,359545421918	0,359422636046	1,394341426376	1,299720315191	0,05376740545	0,122720986605	-0,196951001882553	-0,196951001882553	-0,213990598917007	-0,179911404848099	-0,196951001882553	-0,196951001882553	-0,213990598917007	-0,196951001882553	45083,0024674421
226	0,359398666779	4,27469E-7	1,393766822211	1,364832E-6	0,05376740545	0,122720986605	-0,196951001882553	-0,196951001882553	-0,213990598917007	-0,179911404848099	-0,196951001882553	-0,196951001882553	-0,213990598917007	-0,196951001882553	45083,1038508102
227	9,8357111975789E-12	0,197318697478	3,68964709475039E-11	0,692532154482	0,053974099457	0,122720211744	-0,196951001882553	-0,196951001882553	-0,196951001882553	-0,196951001882553	-0,196951001882553	-0,213990598917007	-0,231030181050301	-0,196951001882553	45083,344367581
228	0,365194442407	0,360007699368	1,413731668298	1,301706884028	0,053974099457	0,122720211744	-0,231030181050301	-0,231030181050301	-0,231030181050301	-0,213990598917007	-0,231030181050301	-0,231030181050301	-0,231030181050301	-0,213990598917007	45083,4400443403
229	0,358226282518	0,358155219146	1,388489391102	1,29468030757	0,053974099457	0,122720211744	-0,231030181050301	-0,231030181050301	-0,248069763183594	-0,213990598917007	-0,231030181050301	-0,196951001882553	-0,231030181050301	-0,196951001882553	45083,5300382523
230	0,360013151152	0,359661571347	1,395922578505	1,300580426741	0,053974099457	0,122720211744	-0,196951001882553	-0,213990598917007	-0,213990598917007	-0,196951001882553	-0,213990598917007	-0,213990598917007	-0,231030181050301	-0,196951001882553	45083,6246285532
231	0,359709703907	0,359597971318	1,394827807437	1,300603995319	0,053974099457	0,122720211744	-0,213990598917007	-0,213990598917007	-0,231030181050301	-0,196951001882553	-0,196951001882553	-0,196951001882553	-0,213990598917007	-0,196951001882553	45083,7193881134
232	0,359625940295	0,359458735075	1,394494068946	1,299969605627	0,053974099457	0,122720211744	-0,196951001882553	-0,196951001882553	-0,213990598917007	-0,179911404848099	-0,196951001882553	-0,196951001882553	-0,196951001882553	-0,179911404848099	45083,8137390046
233	0,359515548355	0,3593540993	1,39409358385	1,299568655979	0,053974099457	0,122720211744	-0,196951001882553	-0,179911404848099	-0,196951001882553	-0,179911404848099	-0,196951001882553	-0,179911404848099	-0,196951001882553	-0,179911404848099	45083,9081158449
234	0,359361895954	0,35921852289	1,393511638289	1,299074201119	0,053974099457	0,122720211744	-0,196951001882553	-0,179911404848099	-0,196951001882553	-0,179911404848099	-0,196951001882553	-0,196951001882553	-0,196951001882553	-0,179911404848099	45084,0023607407
235	0,359327256247	0,359175895116	1,393435609	1,29892629264	0,053974099457	0,122720211744	-0,179911404848099	-0,179911404848099	-0,196951001882553	-0,179911404848099	-0,196951001882553	-0,179911404848099	-0,196951001882553	-0,179911404848099	45084,0968778935
236	0,359187133375	0,359078985493	1,392899119823	1,298565288902	0,053974099457	0,122720211744	-0,179911404848099	-0,179911404848099	-0,196951001882553	-0,179911404848099	-0,179911404848099	-0,179911404848099	-0,196951001882553	-0,179911404848099	45084,1912958449
237	0,35914485	0,35902217467	1,392749851483	1,298384722919	0,053974099457	0,122720211744	-0,179911404848099	-0,179911404848099	-0,196951001882553	-0,179911404848099	-0,179911404848099	-0,179911404848099	-0,196951001882553	-0,179911404848099	45084,2857445718
238	0,359093369174	0,358806515314	1,392612182097	1,297440723287	0,053974099457	0,122720211744	-0,179911404848099	-0,213990598917007	-0,213990598917007	-0,179911404848099	-0,213990598917007	-0,213990598917007	-0,231030181050301	-0,213990598917007	45084,3803071181
239	0,35884954802	0,358740593795	1,391695922523	1,297162814808	0,053974099457	0,122720211744	-0,231030181050301	-0,231030181050301	-0,231030181050301	-0,213990598917007	-0,231030181050301	-0,213990598917007	-0,231030181050301	-0,213990598917007	45084,474762963
240	0,358755276864	0,358669601407	1,391332314037	1,29694724127	0,053974099457	0,122720211744	-0,213990598917007	-0,213990598917007	-0,231030181050301	-0,196951001882553	-0,213990598917007	-0,213990598917007	-0,213990598917007	-0,196951001882553	45084,5691481597
241	0,358679817616	0,358628253697	1,391054460336	1,296846743994	0,053974099457	0,122720211744	-0,213990598917007	-0,196951001882553	-0,213990598917007	-0,196951001882553	-0,196951001882553	-0,196951001882553	-0,196951001882553	-0,179911404848099	45084,663465081
242	0,358640450769	0,358563665012	1,390947247721	1,296608627453	0,053974099457	0,122720211744	-0,196951001882553	-0,196951001882553	-0,196951001882553	-0,179911404848099	-0,196951001882553	-0,196951001882553	-0,196951001882553	-0,179911404848099	45084,7577359722
243	0,35858672765	0,358522299712	1,390703103973	1,296593817705	0,053974099457	0,122720211744	-0,196951001882553	-0,179911404848099	-0,196951001882553	-0,179911404848099	-0,196951001882553	-0,179911404848099	-0,196951001882553	-0,179911404848099	45084,8519871875
244	0,358574199404	0,358453863421	1,39067183193	1,296282407644	0,053974099457	0,122720211744	-0,179911404848099	-0,179911404848099	-0,196951001882553	-0,179911404848099	-0,196951001882553	-0,179911404848099	-0,196951001882553	-0,179911404848099	45084,9463069792
245	0,358458393944	0,358345343802	1,390257211019	1,295847967569	0,053974099457	0,122720211744	-0,179911404848099	-0,179911404848099	-0,196951001882553	-0,179911404848099	-0,179911404848099	-0,179911404848099	-0,196951001882553	-0,162871807813644	45085,040525706
246	0,358388292063	0,358274375787	1,390003021291	1,295579631714	0,053974099457	0,122720211744	-0,179911404848099	-0,179911404848099	-0,196951001882553	-0,179911404848099	-0,179911404848099	-0,179911404848099	-0,196951001882553	-0,179911404848099	45085,1347049421
247	0,35835834428	0,358270419248	1,389905935433	1,295597802157	0,053974099457	0,122720211744	-0,179911404848099	-0,179911404848099	-0,196951001882553	-0,162871807813644	-0,179911404848099	-0,179911404848099	-0,196951001882553	-0,162871807813644	45085,2290894213
248	0,358265684494	0,358164559573	1,389539769166	1,2952493349	0,053974099457	0,122720211744	-0,179911404848099	-0,179911404848099	-0,196951001882553	-0,162871807813644	-0,179911404848099	-0,179911404848099	-0,196951001882553	-0,162871807813644	45085,3232954745
249	0,358228476866	0,358096043809	1,389432370802	1,29493121609	0,053974099457	0,122720211744	-0,179911404848099	-0,179911404848099	-0,196951001882553	-0,162871807813644	-0,179911404848099	-0,179911404848099	-0,196951001882553	-0,162871807813644	45085,417594213
250	0,358105330929	0,358024965381	1,388974589893	1,294711695553	0,053974099457	0,122720211744	-0,179911404848099	-0,179911404848099	-0,179911404848099	-0,162871807813644	-0,179911404848099	-0,179911404848099	-0,196951001882553	-0,162871807813644	45085,5117493518
251	0,358064243353	0,357879099939	1,388803858506	1,294151415677	0,053974099457	0,122720211744	-0,179911404848099	-0,179911404848099	-0,179911404848099	-0,162871807813644	-0,179911404848099	-0,179911404848099	-0,196951001882553	-0,162871807813644	45085,6059037384
252	0,35788788892	0,357850629147	1,388332226754	1,294041029941	0,053974099457	0,122720211744	-0,179911404848099	-0,179911404848099	-0,196951001882553	-0,162871807813644	-0,179911404848099	-0,179911404848099	-0,179911404848099	-0,162871807813644	45085,6999833449
253	0,357898125187	0,357798981384	1,388230232526	1,2938365409	0,053974099457	0,122720211744	-0,179911404848099	-0,179911404848099	-0,196951001882553	-0,162871807813644	-0,179911404848099	-0,179911404848099	-0,196951001882553	-0,179911404848099	45085,7941112963
254	0,357849070277	0,357734429152	1,38806313229	1,29357391661	0,053974099457	0,122720211744	-0,179911404848099	-0,179911404848099	-0,196951001882553	-0,179911404848099	-0,179911404848099	-0,179911404848099	-0,196951001882553	-0,179911404848099	45085,888261412
255	0,357765068182	0,357655612915	1,387770151399	1,293269598135	0,053974099457	0,122720211744	-0,179911404848099	-0,179911404848099	-0,196951001882553	-0,179911404848099	-0,196951001882553	-0,179911404848099	-0,196951001882553	-0,179911404848099	45085,982405787
256	0,357690575748	0,357574198615	1,387507040158	1,292939791019	0,053974099457	0,122720211744	-0,179911404848099	-0,179911404848099	-0,196951001882553	-0,179911404848099	-0,196951001882553	-0,196951001882553	-0,196951001882553	-0,179911404848099	45086,0766094792
257	0,357589239344	0,357499377697	1,387124727157	1,292667184416	0,053974099457	0,122720211744	-0,196951001882553	-0,196951001882553	-0,196951001882553	-0,179911404848099	-0,196951001882553	-0,196951001882553	-0,213990598917007	-0,179911404848099	45086,1707093056
258	0,357545032794	0,357452853363	1,386962749503	1,292489622297	0,053974099457	0,122720211744	-0,196951001882553	-0,196951001882553	-0,196951001882553	-0,179911404848099	-0,196951001882553	-0,196951001882553	-0,196951001882553	-0,196951001882553	45086,2647930556
259	0,357447534414	0,357354677241	1,386590316247	1,292094251902	0,053974099457	0,122720211744	-0,196951001882553	-0,196951001882553	-0,213990598917007	-0,179911404848099	-0,179911404848099	-0,196951001882553	-0,196951001882553	-0,179911404848099	45086,3588150926
260	0,357405720023	0,357309458401	1,386477705077	1,291967180377	0,053974099457	0,122720211744	-0,196951001882553	-0,196951001882553	-0,196951001882553	-0,179911404848099	-0,196951001882553	-0,179911404848099	-0,196951001882553	-0,179911404848099	45086,4529082523
261	0,357332393777	0,357257793683	1,386203312385	1,291822786601	0,053974099457	0,122720211744	-0,179911404848099	-0,196951001882553	-0,196951001882553	-0,179911404848099	-0,179911404848099	-0,179911404848099	-0,196951001882553	-0,179911404848099	45086,5469176157
262	0,357301299966	0,357224254353	1,386081910782	1,291720636674	0,053974099457	0,122720211744	-0,179911404848099	-0,179911404848099	-0,196951001882553	-0,179911404848099	-0,179911404848099	-0,179911404848099	-0,196951001882553	-0,162871807813644	45086,6410229282
263	0,357257529199	0,357142850862	1,3859322404	1,29137873338	0,053974099457	0,122720211744	-0,179911404848099	-0,179911404848099	-0,196951001882553	-0,162871807813644	-0,179911404848099	-0,179911404848099	-0,196951001882553	-0,162871807813644	45086,7350565162
264	0,35718214637	0,357113124806	1,385620951262	1,291312388251	0,053974099457	0,122720211744	-0,179911404848099	-0,179911404848099	-0,179911404848099	-0,162871807813644	-0,179911404848099	-0,179911404848099	-0,179911404848099	-0,162871807813644	45086,8289993981
265	0,357140664579	0,357038260017	1,385405098536	1,29103627222	0,053974099457	0,122720211744	-0,179911404848099	-0,179911404848099	-0,179911404848099	-0,162871807813644	-0,179911404848099	-0,179911404848099	-0,179911404848099	-0,162871807813644	45086,9229628241
266	0,357049158512	0,356941372434	1,385137977145	1,290677003075	0,053974099457	0,122720211744	-0,179911404848099	-0,162871807813644	-0,179911404848099	-0,162871807813644	-0,162871807813644	-0,162871807813644	-0,179911404848099	-0,162871807813644	45087,0168772338
267	0,357017313567	0,356918116835	1,385036178964	1,290590383283	0,053974099457	0,122720211744	-0,179911404848099	-0,179911404848099	-0,179911404848099	-0,162871807813644	-0,179911404848099	-0,179911404848099	-0,179911404848099	-0,162871807813644	45087,110919213
268	0,356947496643	0,35684317851	1,384794657009	1,290291148442	0,053974099457	0,122720211744	-0,179911404848099	-0,179911404848099	-0,179911404848099	-0,162871807813644	-0,179911404848099	-0,162871807813644	-0,179911404848099	-0,162871807813644	45087,2048987037
269	0,356851283846	0,356814773839	1,384392851673	1,2902768271	0,053974099457	0,122720211744	-0,179911404848099	-0,162871807813644	-0,179911404848099	-0,162871807813644	-0,162871807813644	-0,179911404848099	-0,179911404848099	-0,162871807813644	45087,2986427199
270	0,356854193863	0,356720479866	1,384405097559	1,289862006453	0,053974099457	0,122720211744	-0,162871807813644	-0,179911404848099	-0,179911404848099	-0,162871807813644	-0,179911404848099	-0,162871807813644	-0,179911404848099	-0,162871807813644	45087,3925746875
271	0,356754832913	0,356675308712	1,384083333648	1,289709657744	0,053974099457	0,122720211744	-0,179911404848099	-0,162871807813644	-0,179911404848099	-0,162871807813644	-0,162871807813644	-0,162871807813644	-0,179911404848099	-0,162871807813644	45087,4865096875
272	0,356682318945	0,356600383098	1,383786011521	1,28945023926	0,053974099457	0,122720211744	-0,162871807813644	-0,179911404848099	-0,179911404848099	-0,162871807813644	-0,162871807813644	-0,162871807813644	-0,179911404848099	-0,162871807813644	45087,5803100579
273	0,356670292687	0,356578408626	1,383757560388	1,289382493671	0,053974099457	0,122720211744	-0,179911404848099	-0,162871807813644	-0,179911404848099	-0,162871807813644	-0,162871807813644	-0,162871807813644	-0,179911404848099	-0,162871807813644	45087,6742384375
274	0,356594683308	0,356507307941	1,38345892126	1,289089403497	0,053974099457	0,122720211744	-0,162871807813644	-0,179911404848099	-0,179911404848099	-0,162871807813644	-0,162871807813644	-0,162871807813644	-0,179911404848099	-0,162871807813644	45087,7680217361
275	0,356556855308	0,356458292573	1,383289355277	1,28893941372	0,053974099457	0,122720211744	-0,162871807813644	-0,162871807813644	-0,179911404848099	-0,162871807813644	-0,162871807813644	-0,162871807813644	-0,179911404848099	-0,145832225680351	45087,86186875
276	0,356522823872	0,356420806242	1,383242964142	1,288767108734	0,053974099457	0,122720211744	-0,162871807813644	-0,162871807813644	-0,179911404848099	-0,162871807813644	-0,162871807813644	-0,162871807813644	-0,179911404848099	-0,162871807813644	45087,9558464468
277	0,35646994175	5,55263E-7	1,383047588385	1,771115E-6	0,053974099457	0,122720211744	-0,162871807813644	-0,162871807813644	-0,179911404848099	-0,145832225680351	-0,162871807813644	-0,162871807813644	-0,179911404848099	-0,162871807813644	45088,0568423148
278	5,79207039495435E-12	0,194824760634	2,17328717813914E-11	0,683779214074	0,053744923323	0,126107990742	-0,162871807813644	-0,162871807813644	-0,162871807813644	-0,162871807813644	-0,162871807813644	-0,162871807813644	-0,179911404848099	-0,145832225680351	45088,2955677894
279	0,362179382237	0,35711180808	1,402902197802	1,291228123058	0,053744923323	0,126107990742	-0,162871807813644	-0,162871807813644	-0,162871807813644	-0,145832225680351	-0,162871807813644	-0,162871807813644	-0,162871807813644	-0,145832225680351	45088,3902121759
280	0,357169326676	0,356925858672	1,385574837421	1,290650793549	0,053744923323	0,126107990742	-0,145832225680351	-0,162871807813644	-0,162871807813644	-0,145832225680351	-0,162871807813644	-0,162871807813644	-0,162871807813644	-0,145832225680351	45088,4842429398
281	0,356978695512	0,356752811827	1,384813283761	1,290003948882	0,053744923323	0,126107990742	-0,162871807813644	-0,162871807813644	-0,179911404848099	-0,145832225680351	-0,162871807813644	-0,162871807813644	-0,162871807813644	-0,145832225680351	45088,5782161111
282	0,356790222957	0,356630124418	1,384091841087	1,289602749113	0,053744923323	0,126107990742	-0,162871807813644	-0,162871807813644	-0,162871807813644	-0,145832225680351	-0,162871807813644	-0,162871807813644	-0,162871807813644	-0,145832225680351	45088,6721370833
283	0,356659883737	0,356517670724	1,383600837442	1,289194286013	0,053744923323	0,126107990742	-0,145832225680351	-0,162871807813644	-0,162871807813644	-0,145832225680351	-0,162871807813644	-0,145832225680351	-0,162871807813644	-0,145832225680351	45088,7659430324
284	0,356593024144	0,356431159699	1,383329103764	1,288884486996	0,053744923323	0,126107990742	-0,162871807813644	-0,145832225680351	-0,162871807813644	-0,145832225680351	-0,162871807813644	-0,145832225680351	-0,162871807813644	-0,145832225680351	45088,8598168519
285	0,356473902344	0,356323977363	1,382939126127	1,288435517825	0,053744923323	0,126107990742	-0,162871807813644	-0,145832225680351	-0,162871807813644	-0,145832225680351	-0,145832225680351	-0,162871807813644	-0,162871807813644	-0,145832225680351	45088,953705625
286	0,356331351279	0,356209019495	1,382419182622	1,288002092558	0,053744923323	0,126107990742	-0,145832225680351	-0,145832225680351	-0,162871807813644	-0,145832225680351	-0,145832225680351	-0,145832225680351	-0,162871807813644	-0,145832225680351	45089,0474241088
287	0,356281400646	0,356143141	1,382245296414	1,287764367003	0,053744923323	0,126107990742	-0,162871807813644	-0,162871807813644	-0,162871807813644	-0,145832225680351	-0,145832225680351	-0,162871807813644	-0,162871807813644	-0,145832225680351	45089,1412860764
288	0,35618016123	0,356086309197	1,381874590515	1,287569211568	0,053744923323	0,126107990742	-0,162871807813644	-0,162871807813644	-0,162871807813644	-0,145832225680351	-0,162871807813644	-0,162871807813644	-0,162871807813644	-0,145832225680351	45089,2349969097
289	0,356143166367	0,356038472376	1,381751251791	1,287467258706	0,053744923323	0,126107990742	-0,162871807813644	-0,145832225680351	-0,162871807813644	-0,145832225680351	-0,145832225680351	-0,162871807813644	-0,162871807813644	-0,145832225680351	45089,3287988657
290	0,355998561441	0,35566909236	1,381191599735	1,285738615288	0,053744923323	0,126107990742	-0,145832225680351	-0,162871807813644	-0,162871807813644	-0,145832225680351	-0,179911404848099	-0,213990598917007	-0,213990598917007	-0,162871807813644	45089,422364213
291	0,355735604912	0,355688452031	1,380419981666	1,285822608261	0,053744923323	0,126107990742	-0,213990598917007	-0,213990598917007	-0,213990598917007	-0,196951001882553	-0,231030181050301	-0,213990598917007	-0,231030181050301	-0,213990598917007	45089,5160817593
292	0,355691369563	0,355590285658	1,380114804439	1,28542050495	0,053744923323	0,126107990742	-0,213990598917007	-0,213990598917007	-0,231030181050301	-0,196951001882553	-0,213990598917007	-0,213990598917007	-0,231030181050301	-0,213990598917007	45089,6096943981
293	0,355653551753	0,355564473114	1,379991608306	1,285395878328	0,053744923323	0,126107990742	-0,213990598917007	-0,213990598917007	-0,231030181050301	-0,196951001882553	-0,213990598917007	-0,196951001882553	-0,213990598917007	-0,196951001882553	45089,7034739468
294	0,355616966852	0,355594173952	1,379912364342	1,285650531367	0,053744923323	0,126107990742	-0,196951001882553	-0,179911404848099	-0,196951001882553	-0,179911404848099	-0,179911404848099	-0,162871807813644	-0,179911404848099	-0,162871807813644	45089,7972111227
295	0,355653722919	0,355582578792	1,379945453244	1,285691918927	0,053744923323	0,126107990742	-0,162871807813644	-0,162871807813644	-0,179911404848099	-0,162871807813644	-0,162871807813644	-0,162871807813644	-0,179911404848099	-0,162871807813644	45089,8908722569
296	0,355616601972	0,355496042547	1,379832477871	1,285291105949	0,053744923323	0,126107990742	-0,162871807813644	-0,162871807813644	-0,179911404848099	-0,162871807813644	-0,162871807813644	-0,162871807813644	-0,179911404848099	-0,162871807813644	45089,9845971875
297	0,355555159431	0,355448180083	1,37965015357	1,285102699912	0,053744923323	0,126107990742	-0,162871807813644	-0,162871807813644	-0,179911404848099	-0,145832225680351	-0,162871807813644	-0,162871807813644	-0,162871807813644	-0,145832225680351	45090,0783965046
298	0,355496183633	0,355408170715	1,379438234625	1,284966052342	0,053744923323	0,126107990742	-0,162871807813644	-0,162871807813644	-0,162871807813644	-0,145832225680351	-0,162871807813644	-0,162871807813644	-0,162871807813644	-0,145832225680351	45090,1722249653
299	0,355403715502	0,355298376119	1,379084932805	1,284543022151	0,053744923323	0,126107990742	-0,162871807813644	-0,162871807813644	-0,162871807813644	-0,145832225680351	-0,162871807813644	-0,162871807813644	-0,162871807813644	-0,145832225680351	45090,2658592708
300	0,355355142291	0,355092996467	1,37881746113	1,283714226497	0,053744923323	0,126107990742	-0,162871807813644	-0,162871807813644	-0,162871807813644	-0,145832225680351	-0,162871807813644	-0,213990598917007	-0,213990598917007	-0,145832225680351	45090,3594722338
301	0,355074381265	0,355008807781	1,378149775712	1,283387380206	0,053744923323	0,126107990742	-0,231030181050301	-0,231030181050301	-0,231030181050301	-0,213990598917007	-0,231030181050301	-0,231030181050301	-0,248069763183594	-0,213990598917007	45090,4536380787
302	0,355023118814	0,354985736988	1,377580579549	1,283155603007	0,053744923323	0,126107990742	-0,231030181050301	-0,231030181050301	-0,248069763183594	-0,213990598917007	-0,231030181050301	-0,213990598917007	-0,231030181050301	-0,213990598917007	45090,5476518287
303	0,355025132898	0,35508477461	1,377766762492	1,28387631656	0,053744923323	0,126107990742	-0,213990598917007	-0,231030181050301	-0,231030181050301	-0,213990598917007	-0,213990598917007	-0,213990598917007	-0,231030181050301	-0,213990598917007	45090,6418210185
304	0,355054475468	0,354917331004	1,377844464125	1,282984947308	0,053744923323	0,126107990742	-0,213990598917007	-0,196951001882553	-0,231030181050301	-0,196951001882553	-0,196951001882553	-0,196951001882553	-0,213990598917007	-0,179911404848099	45090,7353739352
305	0,354960547411	0,354909572852	1,377514329499	1,283015837937	0,053744923323	0,126107990742	-0,196951001882553	-0,179911404848099	-0,196951001882553	-0,179911404848099	-0,179911404848099	-0,179911404848099	-0,196951001882553	-0,162871807813644	45090,8289861806
306	0,354983654009	0,35487601148	1,377635807605	1,282904024692	0,053744923323	0,126107990742	-0,179911404848099	-0,179911404848099	-0,179911404848099	-0,162871807813644	-0,179911404848099	-0,179911404848099	-0,179911404848099	-0,162871807813644	45090,9227009606
307	0,354877472537	0,354797272807	1,377232038387	1,282611480133	0,053744923323	0,126107990742	-0,179911404848099	-0,179911404848099	-0,196951001882553	-0,162871807813644	-0,179911404848099	-0,179911404848099	-0,196951001882553	-0,162871807813644	45091,0162609375
308	0,354828818255	0,354736517316	1,377035626017	1,282357745	0,053744923323	0,126107990742	-0,179911404848099	-0,179911404848099	-0,196951001882553	-0,179911404848099	-0,179911404848099	-0,179911404848099	-0,196951001882553	-0,179911404848099	45091,1097685995
309	0,354776021669	0,354684833737	1,37686763836	1,282144393311	0,053744923323	0,126107990742	-0,179911404848099	-0,179911404848099	-0,196951001882553	-0,179911404848099	-0,179911404848099	-0,196951001882553	-0,196951001882553	-0,179911404848099	45091,2033280324
310	0,354730727444	0,354652519157	1,376711874909	1,282066117348	0,053744923323	0,126107990742	-0,196951001882553	-0,196951001882553	-0,196951001882553	-0,179911404848099	-0,179911404848099	-0,179911404848099	-0,196951001882553	-0,179911404848099	45091,2970034375
311	0,3503013388	0,350020064789	1,358213476352	1,263447851567	0,053744923323	0,126107990742	-0,196951001882553	-0,231030181050301	-0,231030181050301	-0,179911404848099	-0,231030181050301	-0,248069763183594	-0,248069763183594	-0,231030181050301	45091,3820378125
312	0,354438815325	0,354333463395	1,375657067534	1,280558978238	0,053744923323	0,126107990742	-0,248069763183594	-0,248069763183594	-0,265109360218048	-0,231030181050301	-0,231030181050301	-0,231030181050301	-0,248069763183594	-0,231030181050301	45091,4756695023
313	0,354378734864	0,354418799053	1,375330186335	1,281060368464	0,053744923323	0,126107990742	-0,231030181050301	-0,213990598917007	-0,248069763183594	-0,213990598917007	-0,213990598917007	-0,213990598917007	-0,231030181050301	-0,196951001882553	45091,5701543634
314	0,354452598204	0,354463047956	1,375700862418	1,28150553271	0,053744923323	0,126107990742	-0,196951001882553	-0,196951001882553	-0,213990598917007	-0,196951001882553	-0,196951001882553	-0,196951001882553	-0,213990598917007	-0,196951001882553	45091,6644140741
315	0,354602817556	0,354412319688	1,376298085175	1,281362877947	0,053744923323	0,126107990742	-0,196951001882553	-0,196951001882553	-0,213990598917007	-0,196951001882553	-0,196951001882553	-0,196951001882553	-0,213990598917007	-0,196951001882553	45091,7577744213
316	0,354376288754	0,354289607907	1,375420031329	1,280647187354	0,053744923323	0,126107990742	-0,196951001882553	-0,196951001882553	-0,196951001882553	-0,179911404848099	-0,196951001882553	-0,179911404848099	-0,196951001882553	-0,179911404848099	45091,8513621412
317	0,354351702001	0,354266423729	1,375303564443	1,280607061647	0,053744923323	0,126107990742	-0,179911404848099	-0,179911404848099	-0,196951001882553	-0,179911404848099	-0,179911404848099	-0,179911404848099	-0,196951001882553	-0,162871807813644	45091,9449113542
318	0,354280930921	0,354196624089	1,375060083531	1,280352182904	0,053744923323	0,126107990742	-0,179911404848099	-0,179911404848099	-0,196951001882553	-0,162871807813644	-0,179911404848099	-0,179911404848099	-0,179911404848099	-0,162871807813644	45092,0384004398
319	0,354270193932	0,354178559315	1,375043459233	1,280295481971	0,053744923323	0,126107990742	-0,179911404848099	-0,179911404848099	-0,179911404848099	-0,162871807813644	-0,179911404848099	-0,179911404848099	-0,179911404848099	-0,162871807813644	45092,1320294444
320	0,354187447266	0,354104920123	1,374737296355	1,280026177165	0,053744923323	0,126107990742	-0,179911404848099	-0,179911404848099	-0,179911404848099	-0,162871807813644	-0,179911404848099	-0,179911404848099	-0,179911404848099	-0,162871807813644	45092,2255597106
321	0,354126875003	0,353975787049	1,374517937375	1,279609461415	0,053744923323	0,126107990742	-0,179911404848099	-0,162871807813644	-0,179911404848099	-0,162871807813644	-0,179911404848099	-0,179911404848099	-0,179911404848099	-0,162871807813644	45092,3190321875
322	0,353944312452	0,353882726301	1,37397469458	1,279105702291	0,053744923323	0,126107990742	-0,179911404848099	-0,196951001882553	-0,196951001882553	-0,179911404848099	-0,196951001882553	-0,196951001882553	-0,196951001882553	-0,179911404848099	45092,4125113657
323	0,353882666001	0,353787212239	1,373652531009	1,27875714832	0,053744923323	0,126107990742	-0,196951001882553	-0,196951001882553	-0,196951001882553	-0,179911404848099	-0,196951001882553	-0,196951001882553	-0,196951001882553	-0,179911404848099	45092,505884537
324	0,353861958496	0,353783324155	1,373618931659	1,278778727084	0,053744923323	0,126107990742	-0,196951001882553	-0,196951001882553	-0,213990598917007	-0,179911404848099	-0,196951001882553	-0,196951001882553	-0,213990598917007	-0,179911404848099	45092,5992640278
325	0,353749139928	0,353670940613	1,373169100574	1,278294002127	0,053744923323	0,126107990742	-0,196951001882553	-0,196951001882553	-0,196951001882553	-0,179911404848099	-0,196951001882553	-0,196951001882553	-0,213990598917007	-0,179911404848099	45092,6925064352
326	0,353717343603	0,35365666792	1,373064785486	1,278291510414	0,053744923323	0,126107990742	-0,196951001882553	-0,196951001882553	-0,213990598917007	-0,179911404848099	-0,196951001882553	-0,196951001882553	-0,213990598917007	-0,196951001882553	45092,785881331
327	0,353706486381	0,353615325082	1,373008241353	1,278091650436	0,053744923323	0,126107990742	-0,196951001882553	-0,196951001882553	-0,213990598917007	-0,196951001882553	-0,213990598917007	-0,196951001882553	-0,213990598917007	-0,196951001882553	45092,8793989815
328	0,353636214344	3,98858E-7	1,372781045154	1,272495E-6	0,053744923323	0,126107990742	-0,196951001882553	-0,196951001882553	-0,213990598917007	-0,196951001882553	-0,196951001882553	-0,213990598917007	-0,213990598917007	-0,196951001882553	45092,9798508565
329	4,77480226850792E-12	0,192841810064	1,79226838077316E-11	0,676752221174	0,056997116655	0,128507703543	-0,213990598917007	-0,196951001882553	-0,213990598917007	-0,196951001882553	-0,213990598917007	-0,213990598917007	-0,213990598917007	-0,196951001882553	45093,2169303009
330	0,358878595308	0,353683250478	1,390844414397	1,277849414213	0,056997116655	0,128507703543	-0,213990598917007	-0,231030181050301	-0,231030181050301	-0,196951001882553	-0,231030181050301	-0,248069763183594	-0,248069763183594	-0,231030181050301	45093,3102300347
331	0,354140957564	0,353908583564	1,374691493844	1,278915696143	0,056997116655	0,128507703543	-0,231030181050301	-0,248069763183594	-0,248069763183594	-0,231030181050301	-0,231030181050301	-0,231030181050301	-0,248069763183594	-0,231030181050301	45093,403821331
332	0,35393453875	0,353788480861	1,37382534775	1,278552064398	0,056997116655	0,128507703543	-0,231030181050301	-0,231030181050301	-0,248069763183594	-0,231030181050301	-0,231030181050301	-0,231030181050301	-0,248069763183594	-0,231030181050301	45093,4973507407
333	0,353801283949	0,353694222491	1,373285293146	1,278310039454	0,056997116655	0,128507703543	-0,231030181050301	-0,213990598917007	-0,231030181050301	-0,213990598917007	-0,231030181050301	-0,213990598917007	-0,231030181050301	-0,213990598917007	45093,5907553819
334	0,353708059564	0,353568892516	1,372961038123	1,277856764879	0,056997116655	0,128507703543	-0,213990598917007	-0,213990598917007	-0,231030181050301	-0,213990598917007	-0,213990598917007	-0,213990598917007	-0,231030181050301	-0,196951001882553	45093,684104375
335	0,353612158458	0,353495237429	1,372591895826	1,277616944327	0,056997116655	0,128507703543	-0,213990598917007	-0,213990598917007	-0,231030181050301	-0,196951001882553	-0,213990598917007	-0,213990598917007	-0,231030181050301	-0,213990598917007	45093,7774891898
336	0,353523247341	0,353390625601	1,372263680042	1,277215685957	0,056997116655	0,128507703543	-0,231030181050301	-0,213990598917007	-0,231030181050301	-0,213990598917007	-0,213990598917007	-0,213990598917007	-0,231030181050301	-0,213990598917007	45093,8708458565
337	0,353424509472	0,353328672915	1,371899131901	1,27700616049	0,056997116655	0,128507703543	-0,213990598917007	-0,213990598917007	-0,231030181050301	-0,213990598917007	-0,231030181050301	-0,231030181050301	-0,231030181050301	-0,213990598917007	45093,9643083449
338	0,353358578737	0,35324856432	1,371676414808	1,276695427865	0,056997116655	0,128507703543	-0,213990598917007	-0,231030181050301	-0,231030181050301	-0,213990598917007	-0,213990598917007	-0,231030181050301	-0,231030181050301	-0,213990598917007	45094,0577639931
339	0,353256236653	0,353155564823	1,371306961125	1,276342923325	0,056997116655	0,128507703543	-0,231030181050301	-0,213990598917007	-0,231030181050301	-0,213990598917007	-0,231030181050301	-0,213990598917007	-0,231030181050301	-0,213990598917007	45094,1511279514
340	0,353172820015	0,353061254319	1,371001081924	1,27596777933	0,056997116655	0,128507703543	-0,213990598917007	-0,231030181050301	-0,231030181050301	-0,213990598917007	-0,231030181050301	-0,213990598917007	-0,231030181050301	-0,213990598917007	45094,2444149537
341	0,353095573768	0,35302895987	1,370712512042	1,275832105951	0,056997116655	0,128507703543	-0,231030181050301	-0,213990598917007	-0,231030181050301	-0,213990598917007	-0,213990598917007	-0,213990598917007	-0,231030181050301	-0,213990598917007	45094,3377408565
342	0,353045304168	0,352959208759	1,370547669963	1,275586338378	0,056997116655	0,128507703543	-0,231030181050301	-0,231030181050301	-0,231030181050301	-0,213990598917007	-0,231030181050301	-0,213990598917007	-0,231030181050301	-0,213990598917007	45094,4310519792
343	0,352978469282	0,352883061155	1,370319443358	1,275321530605	0,056997116655	0,128507703543	-0,213990598917007	-0,213990598917007	-0,231030181050301	-0,213990598917007	-0,213990598917007	-0,213990598917007	-0,231030181050301	-0,213990598917007	45094,5244010648
344	0,352905724757	0,352823622815	1,370061122572	1,275088657093	0,056997116655	0,128507703543	-0,213990598917007	-0,213990598917007	-0,231030181050301	-0,213990598917007	-0,213990598917007	-0,213990598917007	-0,231030181050301	-0,213990598917007	45094,6176991204
345	0,352841982543	0,352755119556	1,369821703962	1,274825186388	0,056997116655	0,128507703543	-0,213990598917007	-0,213990598917007	-0,231030181050301	-0,196951001882553	-0,213990598917007	-0,213990598917007	-0,231030181050301	-0,196951001882553	45094,7109391435
346	0,352838494165	0,35276549018	1,369833690633	1,274876443002	0,056997116655	0,128507703543	-0,213990598917007	-0,231030181050301	-0,231030181050301	-0,213990598917007	-0,213990598917007	-0,213990598917007	-0,231030181050301	-0,213990598917007	45094,8043653935
347	0,352757994621	0,352647872156	1,369520284794	1,274410472482	0,056997116655	0,128507703543	-0,213990598917007	-0,213990598917007	-0,231030181050301	-0,213990598917007	-0,213990598917007	-0,213990598917007	-0,231030181050301	-0,213990598917007	45094,8976634491
348	0,352658437144	0,352592380181	1,369145628158	1,274197993051	0,056997116655	0,128507703543	-0,213990598917007	-0,231030181050301	-0,231030181050301	-0,213990598917007	-0,213990598917007	-0,213990598917007	-0,231030181050301	-0,213990598917007	45094,9909179861
349	0,352619426392	0,352538161698	1,369004491271	1,273999672839	0,056997116655	0,128507703543	-0,213990598917007	-0,213990598917007	-0,231030181050301	-0,213990598917007	-0,231030181050301	-0,213990598917007	-0,231030181050301	-0,213990598917007	45095,0842334375
350	0,352579183128	0,352486546148	1,368888123709	1,273808304468	0,056997116655	0,128507703543	-0,213990598917007	-0,231030181050301	-0,231030181050301	-0,213990598917007	-0,231030181050301	-0,213990598917007	-0,231030181050301	-0,213990598917007	45095,1776398032
351	0,352493922741	0,352438691311	1,368565657231	1,273625194659	0,056997116655	0,128507703543	-0,213990598917007	-0,231030181050301	-0,231030181050301	-0,213990598917007	-0,231030181050301	-0,231030181050301	-0,231030181050301	-0,213990598917007	45095,2709856134
352	0,352429509246	0,352340517309	1,368329309085	1,273244309808	0,056997116655	0,128507703543	-0,231030181050301	-0,213990598917007	-0,231030181050301	-0,213990598917007	-0,231030181050301	-0,213990598917007	-0,231030181050301	-0,213990598917007	45095,3642191898
353	0,352386166889	0,352312115392	1,368201913492	1,2731365264	0,056997116655	0,128507703543	-0,231030181050301	-0,213990598917007	-0,231030181050301	-0,213990598917007	-0,213990598917007	-0,213990598917007	-0,231030181050301	-0,213990598917007	45095,4574927431
354	0,352310986402	0,35225141988	1,367911442648	1,272924653716	0,056997116655	0,128507703543	-0,213990598917007	-0,213990598917007	-0,231030181050301	-0,213990598917007	-0,213990598917007	-0,213990598917007	-0,231030181050301	-0,213990598917007	45095,5506630324
355	0,352320754889	0,352243645408	1,367970989649	1,272905942326	0,056997116655	0,128507703543	-0,213990598917007	-0,213990598917007	-0,231030181050301	-0,213990598917007	-0,213990598917007	-0,231030181050301	-0,231030181050301	-0,213990598917007	45095,6439991898
356	0,352220295946	0,352145493023	1,367587487459	1,272538697039	0,056997116655	0,128507703543	-0,213990598917007	-0,213990598917007	-0,231030181050301	-0,213990598917007	-0,213990598917007	-0,213990598917007	-0,231030181050301	-0,213990598917007	45095,7371614699
357	0,352181356217	0,352096434632	1,367449392143	1,272363427362	0,056997116655	0,128507703543	-0,213990598917007	-0,213990598917007	-0,231030181050301	-0,213990598917007	-0,231030181050301	-0,213990598917007	-0,231030181050301	-0,213990598917007	45095,8303493866
358	0,352121958433	0,352027918444	1,36724450323	1,272082974966	0,056997116655	0,128507703543	-0,213990598917007	-0,213990598917007	-0,231030181050301	-0,213990598917007	-0,213990598917007	-0,213990598917007	-0,231030181050301	-0,213990598917007	45095,9235231134
359	0,352063151232	0,35201110809	1,367024394107	1,272038483472	0,056997116655	0,128507703543	-0,213990598917007	-0,213990598917007	-0,231030181050301	-0,213990598917007	-0,231030181050301	-0,213990598917007	-0,231030181050301	-0,213990598917007	45096,0167192477
360	0,352029285714	0,351947886146	1,366908596196	1,271805982751	0,056997116655	0,128507703543	-0,213990598917007	-0,231030181050301	-0,231030181050301	-0,213990598917007	-0,213990598917007	-0,231030181050301	-0,231030181050301	-0,213990598917007	45096,1099542593
361	0,352000815365	0,35190912696	1,366821024089	1,271646636626	0,056997116655	0,128507703543	-0,213990598917007	-0,213990598917007	-0,231030181050301	-0,213990598917007	-0,213990598917007	-0,213990598917007	-0,231030181050301	-0,213990598917007	45096,2032968056
362	0,351916949967	0,351791586928	1,36650837519	1,271118261162	0,056997116655	0,128507703543	-0,213990598917007	-0,231030181050301	-0,231030181050301	-0,213990598917007	-0,231030181050301	-0,231030181050301	-0,248069763183594	-0,231030181050301	45096,2965126157
363	0,351791787089	0,351750263587	1,366070562123	1,270990912168	0,056997116655	0,128507703543	-0,231030181050301	-0,231030181050301	-0,248069763183594	-0,231030181050301	-0,231030181050301	-0,231030181050301	-0,248069763183594	-0,231030181050301	45096,3896898843
364	0,351792910422	0,351746365331	1,366075843188	1,271008562708	0,056997116655	0,128507703543	-0,231030181050301	-0,231030181050301	-0,231030181050301	-0,213990598917007	-0,213990598917007	-0,213990598917007	-0,231030181050301	-0,213990598917007	45096,4828945949
365	0,35171951847	0,351677900643	1,36578696961	1,27080697962	0,056997116655	0,128507703543	-0,231030181050301	-0,213990598917007	-0,231030181050301	-0,213990598917007	-0,231030181050301	-0,213990598917007	-0,231030181050301	-0,213990598917007	45096,5759587963
366	0,351729663799	0,35168559543	1,365847486585	1,270920802225	0,056997116655	0,128507703543	-0,213990598917007	-0,213990598917007	-0,231030181050301	-0,196951001882553	-0,213990598917007	-0,213990598917007	-0,231030181050301	-0,196951001882553	45096,6691103472
367	0,351681784289	0,35161592867	1,365632509847	1,270677395085	0,056997116655	0,128507703543	-0,213990598917007	-0,213990598917007	-0,213990598917007	-0,196951001882553	-0,213990598917007	-0,213990598917007	-0,213990598917007	-0,196951001882553	45096,7621874306
368	0,351629491604	0,351553965806	1,365483785382	1,270399870356	0,056997116655	0,128507703543	-0,213990598917007	-0,213990598917007	-0,213990598917007	-0,196951001882553	-0,213990598917007	-0,213990598917007	-0,231030181050301	-0,196951001882553	45096,8553495023
369	0,351571682448	0,351482953073	1,365266385617	1,270102549865	0,056997116655	0,128507703543	-0,213990598917007	-0,213990598917007	-0,231030181050301	-0,196951001882553	-0,213990598917007	-0,231030181050301	-0,231030181050301	-0,213990598917007	45096,9484315972
370	0,351499319745	0,351422099672	1,365000988399	1,269867870065	0,056997116655	0,128507703543	-0,213990598917007	-0,213990598917007	-0,231030181050301	-0,213990598917007	-0,213990598917007	-0,213990598917007	-0,231030181050301	-0,213990598917007	45097,0414465741
371	0,351456986481	0,351401512709	1,364854100755	1,269791387869	0,056997116655	0,128507703543	-0,213990598917007	-0,213990598917007	-0,231030181050301	-0,213990598917007	-0,213990598917007	-0,213990598917007	-0,231030181050301	-0,213990598917007	45097,1345010417
372	0,351405483054	0,351331740831	1,364644348755	1,269509345021	0,056997116655	0,128507703543	-0,231030181050301	-0,213990598917007	-0,231030181050301	-0,213990598917007	-0,213990598917007	-0,231030181050301	-0,231030181050301	-0,213990598917007	45097,227478588
373	0,35138266528	0,351259425149	1,364603712017	1,269182525319	0,056997116655	0,128507703543	-0,213990598917007	-0,231030181050301	-0,231030181050301	-0,213990598917007	-0,231030181050301	-0,248069763183594	-0,248069763183594	-0,231030181050301	45097,3206378819
374	0,35125377647	0,351238570938	1,364117507816	1,26927922745	0,056997116655	0,128507703543	-0,248069763183594	-0,248069763183594	-0,265109360218048	-0,231030181050301	-0,248069763183594	-0,248069763183594	-0,248069763183594	-0,231030181050301	45097,4139197685
375	0,351255324264	0,351210312078	1,364136240571	1,269118491635	0,056997116655	0,128507703543	-0,248069763183594	-0,231030181050301	-0,248069763183594	-0,213990598917007	-0,213990598917007	-0,213990598917007	-0,231030181050301	-0,213990598917007	45097,5070393056
376	0,327068215571		1,262557398193		0,056997116655	0,128507703543	-0,213990598917007	-0,231030181050301	-0,231030181050301	-0,213990598917007					45097,544520544
