TesterID:	Maccor#2				
Channel Number:	47				
TestName:	KAI_Zelltest_regulaer_fix_no_degass.000				
TestDesc:	Regular cycling: formation, followed by pulse, C-rate quick charge and cycling t				
StartDateTime:	44888,6351560069				
Comment:					
					
					
Cycle	AH-IN	AH-OUT	WH-IN	WH-OUT	Date
0		2,1839E-8		5,47808460476666E-9	44888,9755541088
1	0,525584401884	0,450240850729	1,959452418623	1,650399862041	44889,4197812153
2	0,454863197986	0,451717997107	1,708754170502	1,656953322909	44889,8398631018
3	0,467228594543	3,9005E-8	1,759642255657	1,25587E-7	44890,3332503935
4	4,10722006052745E-12	2,522E-8	1,54152133395184E-11	8,1958E-8	44890,6397071296
5	0,457123119063	0,455029085752	1,730361990172	1,670437284215	44890,9078534838
6	0,455664524066	0,454050575769	1,724424314993	1,667017113523	44891,18174625
7	0,454786447033	0,453462540116	1,720774466623	1,664996327439	44891,4549623843
8	0,453906625251	0,43162522941	1,717113471533	1,558162826292	44891,6445471412
9	0,431833912299	0,430638400914	1,640588118191	1,55485911283	44891,8277529514
10	0,430842975359	0,429917678108	1,636736921943	1,55242769188	44892,0103798843
11	0,430098136287	0,373728864587	1,633804986842	1,316814196999	44892,1708765509
12	0,373903411406	0,374731238423	1,435283554458	1,320846085479	44892,3161606829
13	0,374872234276	0,374749262931	1,438440439398	1,321060968204	44892,4615042593
14	0,374887429209	0,446154943732	1,438228111444	1,639249566736	44892,7100689931
15	0,446490342316	0,446617225335	1,688563433345	1,640967203757	44892,9779559606
16	0,446977055575	2,2464E-8	1,690179903518	7,1353E-8	44893,2532006597
17	0,392475686457	0,392717874564	1,491967616067	1,422130158177	44893,4010652431
18	0,392546653839	0,392464871288	1,491796660404	1,421148028614	44893,5557495486
19	0,392529630705	0,392422260048	1,491184489593	1,420958103037	44893,719720463
20	0,36297437061	0,356951135117	1,407193147253	1,282984627378	44893,8459334606
21	0,356177528178	0,349671938534	1,38016540393	1,256990231137	44893,9698826042
22	0,349308368158	2,6077E-8	1,353404125384	7,968E-8	44894,0989109491
23	7,62951094834821E-14	0,249073531092	2,85418333966856E-13	0,873961096307	44894,3784796181
24	0,429897909501	0,421170754313	1,654510950395	1,521502879616	44894,4882096296
25	0,421312118301	0,420252388598	1,624745942172	1,518423424097	44894,5966942245
26	0,420454853999	0,419591104767	1,621478243459	1,516157047154	44894,7048606134
27	0,419845016155	0,419071797653	1,619140713564	1,514399894016	44894,813101412
28	0,419219299199	0,418516362053	1,616706105476	1,512454696541	44894,9209862963
29	0,418723019789	0,41807076831	1,614808411481	1,510924118486	44895,0288712731
30	0,418238744365	0,417644538265	1,612928626819	1,50944326179	44895,1366398727
31	0,417752349347	0,41718471082	1,611039593915	1,507819488621	44895,2441228704
32	0,417479662855	0,416958710507	1,610033420052	1,507033938919	44895,3519074768
33	0,416945938862	0,416434323202	1,607908807588	1,505195841697	44895,4592016088
34	0,41657217007	0,416075225859	1,606482881724	1,503933291	44895,5663770949
35	0,416206750907	0,415732965361	1,605094572558	1,502731800701	44895,6735372801
36	0,415859678347	0,415386722898	1,60375473688	1,501501627332	44895,7806136574
37	0,415545753051	0,415094846844	1,602541503885	1,500488109842	44895,8876666898
38	0,415174017295	0,41474741015	1,601091938149	1,499225838365	44895,9944371412
39	0,414904115318	0,414477440328	1,600070048697	1,498283249632	44896,1013326389
40	0,414600611492	0,414171236054	1,598900663265	1,497175924474	44896,2081156597
41	0,414326360516	0,413923361719	1,597819016413	1,496274287381	44896,3148266782
42	0,414049258144	0,413648168653	1,596685993082	1,495326956889	44896,4214012037
43	0,41372847206	0,41334337732	1,595511842862	1,494226418392	44896,5278739352
44	0,413464640086	0,413103101133	1,594506511383	1,493363682728	44896,6340234606
45	0,413205709707	0,412835825801	1,593491821119	1,492445178078	44896,7404602894
46	0,412942615681	0,412578748582	1,592512082199	1,491522683418	44896,8467838426
47	0,412677665714	0,412290672664	1,591491774363	1,490489121511	44896,9530659491
48	0,412431466898	0,412099495132	1,590575246291	1,489811526403	44897,0594096759
49	0,412135239513	0,411801193124	1,58939349929	1,488724474912	44897,1654153472
50	0,41193841573	0,411607468607	1,588663793549	1,488046467187	44897,2715642824
51	0,411654996666	0,411328420942	1,587548630348	1,487035982645	44897,3774260185
52	0,411463437051	0,411151457826	1,586819192221	1,486381738654	44897,4834293056
53	0,411218969522	0,410900854884	1,58588547391	1,48551624105	44897,5893432639
54	0,410995665834	0,410690413477	1,585047313	1,484758667987	44897,6952279861
55	0,410775411832	0,410479866523	1,584026665942	1,483998637503	44897,8012742593
56	0,410571178246	0,410280922364	1,583408045154	1,483296104843	44897,907058206
57	0,410319920729	0,410014806931	1,582446713629	1,482323737093	44898,0126521296
58	0,410108943786	0,409824970288	1,581653657751	1,481634302933	44898,1182280324
59	0,40991124242	0,40961826755	1,580881633351	1,48089418693	44898,2237189468
60	0,409741206987	0,409449117478	1,580252055892	1,480262752054	44898,3293369329
61	0,409585838197	0,409303090335	1,579650382304	1,479772032535	44898,4351100116
62	0,409303797085	0,409011213645	1,578574113173	1,478737619017	44898,5404677778
63	0,409074977159	0,408768416754	1,577662289234	1,477842561431	44898,645814919
64	0,408842381121	0,408566888096	1,576787392739	1,477094664141	44898,7510983102
65	0,408653831842	0,408377032804	1,57610596223	1,476427464325	44898,8563226505
66	0,408421197234	0,408145767917	1,575244044038	1,475577493009	44898,9614921644
67	0,408223077299	0,407952062262	1,574511807868	1,474898385272	44899,0667084838
68	0,407969286874	0,407716988979	1,573534717748	1,474013408841	44899,1716542708
69	0,407788879918	0,407536172747	1,572852901502	1,473372726987	44899,2765860417
70	0,407602558466	0,407364364215	1,572146708668	1,47275566996	44899,3815248958
71	0,407476050891	0,407239098667	1,571654440804	1,472311997952	44899,4865222106
72	0,407333271059	0,407098290744	1,571084066825	1,471791108374	44899,5913865856
73	0,407197956275	4,0701E-8	1,570553073453	1,30617E-7	44899,7032318171
74	3,30612141095089E-12	0,236343946301	1,23679425051883E-11	0,829384278473	44899,9711237963
75	0,414180086447	0,40738762151	1,594478751455	1,472780803638	44900,0769285995
76	0,407432412121	0,407048002096	1,571354412809	1,471580732327	44900,1817760069
77	0,407165713506	0,40681026823	1,57034035361	1,470739290909	44900,2866987616
78	0,406845216539	0,406529990094	1,56911082681	1,469741312428	44900,3914407639
79	0,406636329633	0,406342716543	1,568348000881	1,469104388487	44900,4962874306
80	0,406378314931	0,406110187275	1,567344409929	1,468233678777	44900,6008804167
81	0,406176176103	0,405837653304	1,566572888473	1,467281410342	44900,7054031481
82	0,405925779041	0,405730443414	1,565627589774	1,466829968658	44900,8100028241
83	0,405763957226	0,405516049495	1,565082742762	1,466034541779	44900,9145184954
84	0,405576481025	0,405328764712	1,56438392094	1,465359892096	44901,0189450116
85	0,405376433011	0,405160888133	1,563631624967	1,464736821476	44901,1232661574
86	0,405245816442	0,405014883031	1,563145181438	1,464220876917	44901,2276609954
87	0,4050925999	0,404867683273	1,562578954046	1,463675526651	44901,3320540046
88	0,40491359307	0,404702342022	1,561897664778	1,463111074549	44901,4364004051
89	0,404747059507	0,404560256583	1,561253611324	1,462572144648	44901,5406010764
90	0,40463731983	0,404435001418	1,560831130652	1,462131764579	44901,644863044
91	0,404454213634	0,404270938323	1,560138524012	1,461547446824	44901,7489744444
92	0,404358440925	0,404155971977	1,559739734136	1,461131442221	44901,8530722338
93	0,404202105677	0,40400098821	1,55912838309	1,460558337826	44901,9570808681
94	0,404089264505	0,403896386769	1,558711637429	1,460196725261	44902,0611646759
95	0,403957821764	0,403768489249	1,55822659952	1,459733524357	44902,1652910532
96	0,403807411261	0,40361864947	1,557649439865	1,459183062677	44902,2692829861
97	0,403673882235	0,403472724901	1,55714216181	1,458686837287	44902,3732911806
98	0,403581071221	0,403464937925	1,556850487876	1,458774093634	44902,4772512963
99	0,403512016007	0,403355147779	1,556381341186	1,458347064499	44902,5811619676
100	0,403402755418	0,40323232092	1,555959004317	1,457882486217	44902,6849993634
101	0,40326053285	0,403109778895	1,555419242545	1,457432690291	44902,7887126042
102	0,403178272751	0,403005107303	1,555105339157	1,457058053753	44902,8924518634
103	0,403046119432	0,402884973024	1,554640105653	1,456596469768	44902,9961943056
104	0,402956454974	0,402797145484	1,554312258915	1,456272655419	44903,0999621759
105	0,402859004025	0,402710603729	1,553963468148	1,455953052679	44903,2038351736
106	0,402726353791	0,40256593358	1,55344612331	1,455402749158	44903,3075061343
107	0,40262143412	0,402476779564	1,553072722207	1,45507513028	44903,411285081
108	0,402493435453	0,402332124674	1,552587864971	1,454551980173	44903,5148857755
109	0,402446192295	0,402283085355	1,552354643306	1,454375331779	44903,6185013542
110	0,402277651566	0,402126753285	1,551752834768	1,453779883955	44903,7219419329
111	0,402214311759	0,402081572382	1,551530008205	1,453623366053	44903,8255179745
112	0,402130472271	0,401973049158	1,55121744699	1,453212286239	44903,929165706
113	0,402014609426	0,401850320848	1,550782986457	1,45275538493	44904,0327280093
114	0,40188289853	0,401747053297	1,550287040312	1,452361637767	44904,1362424537
115	0,401789075036	0,401638561438	1,549937831566	1,451965030074	44904,2397504282
116	0,401706196886	0,401562346015	1,54963105663	1,451699042666	44904,3433062616
117	0,401545601061	0,401394434893	1,549051411138	1,45106308578	44904,4468166898
118	0,401512617951	0,40137122825	1,548857611329	1,450931522352	44904,5502731018
119	0,401498497061	0,401365987837	1,548857414912	1,450900523544	44904,6539793171
120	0,401380393741	0,401252375519	1,548412730055	1,450564069967	44904,7574873843
121	0,401214817328	0,401071545301	1,547757774221	1,44986428456	44904,860883287
122	0,401098022898	0,400953978563	1,547322570877	1,449422945105	44904,9641946759
123	0,400986277124	0,400835160798	1,546899985962	1,448988005836	44905,0674417361
124	0,400896442021	1,3362E-8	1,546571755929	4,2658E-8	44905,1777378356
125	6,45329467714453E-12	0,231037819004	2,41480861124105E-11	0,810764792341	44905,4420018171
126	0,407279670838	0,401297512132	1,568539050783	1,450592674104	44905,5461713079
127	0,401353980771	0,401052151082	1,548247991409	1,449715065756	44905,6495681944
128	0,4011115736	0,400871309846	1,547328567374	1,449069248175	44905,7529816667
129	0,400907396064	0,4007098641	1,546543952263	1,448498687986	44905,8561940972
130	0,400789369518	0,400615575422	1,546088243204	1,448181192038	44905,959524919
131	0,400616325526	0,400445115405	1,545420048532	1,447553562901	44906,0626834144
132	0,400482572946	0,400330208402	1,544920639507	1,447138880786	44906,1658006019
133	0,400359975196	0,400211277464	1,544466814474	1,446717471821	44906,2689109259
134	0,40023236	0,400076958866	1,543994796288	1,446243467288	44906,3720701968
135	0,400067112237	0,399919403322	1,543389857365	1,445647843444	44906,4750444097
136	0,40000576219	0,399849586515	1,543194366143	1,445403847707	44906,5782429051
137	0,399876095861	0,399720429066	1,542714281833	1,444909484243	44906,6813495718
138	0,399904862043	0,399759238691	1,542769751525	1,445054493484	44906,784348669
139	0,39978267267	0,399645587379	1,542318354295	1,444669067891	44906,8874398032
140	0,399662801586	0,39950856878	1,541840619507	1,444113967325	44906,9903713194
141	0,399556356082	0,399424700107	1,541450517834	1,443820939366	44907,0933395023
142	0,399462076525	0,399341958911	1,541134926044	1,443544796063	44907,1963664931
143	0,399387745926	0,399228327095	1,540850118642	1,44309450263	44907,2993671065
144	0,399163596216	0,399037169698	1,540034986129	1,442380430822	44907,4022712731
145	0,399309543961	0,399187017532	1,540579193986	1,442878036773	44907,5053542824
146	0,39913034811	0,398993271826	1,539798630167	1,442175505819	44907,6082245718
147	0,399032165905	0,398897676596	1,539427391242	1,441825128399	44907,7109966435
148	0,399010466731	0,398871902625	1,53936915606	1,441769478934	44907,8138776852
149	0,398864864227	0,398734969645	1,538863352123	1,441253765876	44907,9167193056
150	0,398747810246	0,398643240881	1,5384492585	1,440931675699	44908,0195298032
151	0,398684572909	0,398566994305	1,538234935822	1,440647711739	44908,122448669
152	0,398501107224	0,398362925024	1,537513759388	1,43996873296	44908,2251902778
153	0,398214033079	0,398098149838	1,536578691883	1,438879821503	44908,3280065856
154	0,398316835237	0,398245430129	1,536984409856	1,439395294634	44908,43096625
155	0,398445306889	0,398353879388	1,53738262741	1,439784203088	44908,5339488889
156	0,398345723541	0,398245459377	1,536910795945	1,439415806094	44908,6365346181
157	0,398255651769	0,398145912486	1,536585846984	1,439095690213	44908,7391475926
158	0,398150918666	0,398020680209	1,536186283349	1,43860658718	44908,841796088
159	0,398020930311	0,397927663752	1,535734954665	1,43825273005	44908,9444065046
160	0,397966623089	0,397855274108	1,535549423864	1,437993428832	44909,047095162
161	0,397887965828	0,397781676455	1,53526164799	1,437727946822	44909,1497288657
162	0,3977969195	0,39769258835	1,53490221448	1,437388101593	44909,2522750463
163	0,397774430682	0,397675779267	1,534837317858	1,437281287947	44909,3550204977
164	0,397822879663	0,39771191687	1,534993390881	1,437423828402	44909,4576928704
165	0,397692466607	0,397598297558	1,534512786955	1,437009540846	44909,5604889468
166	0,397623932161	0,397523399073	1,534245081401	1,436744787946	44909,6632760417
167	0,397499090094	0,397392966014	1,533771393268	1,436229204181	44909,7658598727
168	0,397457547549	0,397346414552	1,533619549286	1,436130737192	44909,8684353472
169	0,397361709652	0,397247003084	1,533257625245	1,435735880473	44909,9709187037
170	0,397303741784	0,397195271185	1,533049872254	1,435538594614	44910,0734937731
171	0,397207829787	0,397101047148	1,532688096835	1,435183269997	44910,1759766319
172	0,397141252398	0,397040331925	1,532452508258	1,43494029156	44910,2784721065
173	0,397148497816	0,397053253774	1,532493137846	1,434911158718	44910,3809363657
174	0,396997175325	0,396908622194	1,531882718769	1,434421844972	44910,4834006597
175	0,397006214436	2,5866E-8	1,531950254519	8,2357E-8	44910,5930360069
176	5,72213321126116E-14	0,227951951436	2,14196176945024E-13	0,799859089576	44910,8548602778
177	0,403058782939	0,39742913074	1,552812375646	1,436261011961	44910,958246713
178	0,397444985094	0,397194055337	1,533575642138	1,435406580393	44911,0608056944
179	0,397203559495	0,397020936225	1,532655885371	1,434776462282	44911,1632553819
180	0,397054742036	0,396905977931	1,532106971258	1,434365075432	44911,2657801389
181	0,396900629231	0,396767790959	1,531528482144	1,433795821056	44911,3682482176
182	0,396900597602	0,396792307757	1,531503672705	1,433921156801	44911,4706289699
183	0,005104155488		0,016965421216		44911,4780441782
